5235
2
date,-9999
head_nap,-9999.0
20030603,-2.159
20030604,-2.046
20030605,-2.078
20030606,-2.199
20030607,-2.253
20030608,-2.296
20030609,-2.257
20030610,-2.323
20030611,-2.375
20030612,-2.416
20030613,-2.453
20030614,-2.457
20030615,-2.475
20030616,-2.489
20030617,-2.467
20030618,-2.51
20030619,-2.518
20030620,-2.529
20030621,-2.538
20030622,-2.538
20030623,-2.513
20030624,-2.595
20030625,-2.602
20030626,-2.597
20030627,-2.614
20030628,-2.622
20030629,-2.615
20030630,-2.621
20030701,-2.558
20030702,-2.277
20030703,-2.287
20030704,-2.213
20030705,-2.268
20030706,-2.333
20030707,-2.371
20030708,-2.412
20030709,-2.442
20030710,-2.462
20030711,-2.487
20030712,-2.527
20030713,-2.544
20030714,-2.524
20030715,-2.523
20030716,-2.544
20030717,-2.58
20030718,-2.59
20030719,-2.603
20030720,-2.593
20030721,-2.632
20030722,-2.651
20030723,-2.66
20030724,-2.666
20030725,-2.65
20030726,-2.68
20030727,-2.683
20030728,-2.722
20030729,-2.724
20030730,-2.705
20030731,-2.691
20030801,-2.716
20030802,-2.728
20030803,-2.742
20030804,-2.762
20030805,-2.78
20030806,-2.799
20030807,-2.813
20030808,-2.839
20030809,-2.854
20030810,-2.85
20030811,-2.877
20030812,-2.89
20030813,-2.913
20030814,-2.922
20030815,-2.935
20030816,-2.948
20030817,-2.956
20030818,-2.978
20030819,-2.855
20030820,-2.915
20030821,-2.936
20030822,-2.947
20030823,-2.98
20030824,-2.991
20030825,-2.997
20030826,-2.997
20030827,-3.01
20030828,-3.005
20030829,-2.996
20030830,-2.947
20030831,-2.96
20030901,-2.968
20030902,-2.983
20030903,-2.977
20030904,-2.964
20030905,-2.973
20030906,-2.974
20030907,-2.936
20030908,-2.918
20030909,-2.885
20030910,-2.873
20030911,-2.858
20030912,-2.851
20030913,-2.856
20030914,-2.869
20030915,-2.876
20030916,-2.873
20030917,-2.888
20030918,-2.902
20030919,-2.929
20030920,-2.934
20030921,-2.947
20030922,-2.959
20030923,-2.721
20030924,-2.756
20030925,-2.753
20030926,-2.753
20030927,-2.763
20030928,-2.739
20030929,-2.616
20030930,-2.649
20031001,-2.666
20031002,-2.688
20031003,-2.681
20031004,-2.701
20031005,-2.699
20031006,-2.664
20031007,-2.308
20031008,-2.295
20031009,-2.27
20031010,-2.315
20031011,-2.389
20031012,-2.456
20031013,-2.504
20031014,-2.552
20031015,-2.58
20031016,-2.605
20031017,-2.622
20031018,-2.62
20031019,-2.63
20031020,-2.639
20031021,-2.654
20031022,-2.657
20031023,-2.671
20031024,-2.661
20031025,-2.66
20031026,-2.608
20031027,-2.593
20031028,-2.58
20031029,-2.554
20031030,-2.584
20031031,-2.581
20031101,-2.401
20031102,-2.397
20031103,-2.376
20031104,-2.297
20031105,-2.363
20031106,-2.406
20031107,-2.446
20031108,-2.473
20031109,-2.496
20031110,-2.527
20031111,-2.538
20031112,-2.548
20031113,-2.579
20031114,-2.551
20031117,-2.579
20031118,-2.5183750000000003
20031119,-2.511625
20031120,-2.5167499999999996
20031121,-2.5189999999999997
20031122,-2.4311249999999998
20031123,-2.3196250000000003
20031124,-2.1848750000000003
20031125,-2.179875
20031126,-2.211375
20031127,-2.1955
20031128,-2.238
20031129,-2.25925
20031130,-2.2595
20031201,-2.1725000000000003
20031202,-2.1945
20031203,-2.2380000000000004
20031204,-2.27125
20031205,-2.29525
20031206,-2.32225
20031207,-2.3501250000000002
20031208,-2.37075
20031209,-2.398
20031210,-2.418
20031211,-2.407125
20031212,-2.316125
20031213,-2.0473749999999997
20031214,-1.94775
20031215,-1.9526250000000003
20031216,-2.002
20031217,-2.068625
20031218,-2.115
20031219,-2.1412500000000003
20031220,-2.059125
20031221,-1.91275
20031222,-1.950875
20031223,-1.9355
20031224,-1.9437499999999999
20031225,-1.981125
20031226,-2.0265
20031227,-2.066875
20031228,-1.9037499999999998
20031229,-1.9021249999999998
20031230,-1.9466250000000003
20031231,-1.99425
20040101,-2.028375
20040102,-2.0892500000000003
20040103,-2.126875
20040104,-2.03325
20040105,-1.9936249999999998
20040106,-1.8885
20040107,-1.9146249999999998
20040108,-1.923375
20040109,-1.941625
20040110,-1.9808750000000002
20040111,-1.87225
20040112,-1.89375
20040113,-1.86775
20040114,-1.8954999999999997
20040115,-1.918
20040116,-1.836
20040117,-1.89325
20040118,-1.9473749999999999
20040119,-1.850875
20040120,-1.887125
20040121,-1.9293749999999998
20040122,-1.965375
20040123,-2.0195
20040124,-1.980875
20040125,-2.0071250000000003
20040126,-2.066625
20040127,-2.106125
20040128,-2.097875
20040129,-2.043625
20040130,-1.86825
20040131,-1.8551250000000001
20040201,-1.8453750000000002
20040202,-1.8617500000000002
20040203,-1.895625
20040204,-1.8709999999999998
20040205,-1.917
20040206,-1.8896250000000003
20040207,-1.8457499999999998
20040208,-1.8465
20040209,-1.8777499999999998
20040210,-1.875375
20040211,-1.875625
20040212,-1.9227500000000002
20040213,-1.9594999999999998
20040214,-1.996875
20040215,-2.0580000000000003
20040216,-2.1101249999999996
20040217,-2.151375
20040218,-2.15025
20040219,-2.192375
20040220,-2.23
20040221,-2.2518749999999996
20040222,-2.26825
20040223,-2.2870000000000004
20040224,-2.2119999999999997
20040225,-2.1295
20040226,-2.1347500000000004
20040227,-2.1686249999999996
20040228,-2.2485
20040229,-2.301
20040301,-2.316
20040302,-2.311625
20040303,-2.3442499999999997
20040304,-2.3553750000000004
20040305,-2.3753749999999996
20040306,-2.39275
20040307,-2.389375
20040308,-2.4095
20040309,-2.43025
20040310,-2.4362500000000002
20040311,-2.4395000000000002
20040312,-2.449
20040313,-2.342
20040314,-2.404
20040315,-2.413
20040316,-2.442
20040317,-2.453
20040318,-2.467
20040319,-2.372
20040320,-2.171
20040321,-2.218
20040322,-2.14
20040323,-2.256
20040324,-2.307
20040325,-2.351
20040326,-2.398
20040327,-2.423
20040328,-2.459
20040329,-2.493
20040330,-2.518
20040331,-2.537
20040401,-2.555
20040402,-2.568
20040403,-2.534
20040404,-2.418
20040405,-2.379
20040406,-2.189
20040407,-2.188
20040408,-2.073
20040409,-2.201
20040410,-2.219
20040411,-2.29
20040412,-2.343
20040413,-2.374
20040414,-2.413
20040415,-2.465
20040416,-2.512
20040417,-2.541
20040418,-2.579
20040419,-2.618
20040420,-2.646
20040421,-2.666
20040422,-2.682
20040423,-2.702
20040424,-2.702
20040425,-2.713
20040426,-2.722
20040427,-2.724
20040428,-2.73
20040429,-2.722
20040430,-2.729
20040501,-2.749
20040502,-2.752
20040503,-2.739
20040504,-2.724
20040505,-2.751
20040506,-2.776
20040507,-2.754
20040508,-2.756
20040509,-2.778
20040510,-2.772
20040511,-2.792
20040512,-2.797
20040513,-2.803
20040514,-2.809
20040515,-2.828
20040516,-2.836
20040517,-2.835
20040518,-2.86
20040519,-2.827
20040520,-2.794
20040521,-2.813
20040522,-2.8
20040523,-2.789
20040524,-2.787
20040525,-2.807
20040526,-2.821
20040527,-2.843
20040528,-2.862
20040529,-2.868
20040530,-2.892
20040531,-2.853
20040601,-2.844
20040602,-2.885
20040603,-2.894
20040604,-2.873
20040605,-2.882
20040606,-2.895
20040607,-2.916
20040608,-2.933
20040609,-2.945
20040610,-2.956
20040611,-2.974
20040612,-2.994
20040613,-3.014
20040614,-3.027
20040615,-3.048
20040616,-3.06
20040617,-3.071
20040618,-3.085
20040619,-3.031
20040620,-3.03
20040621,-3.024
20040622,-3.015
20040623,-3.013
20040624,-2.322
20040625,-2.275
20040626,-2.444
20040627,-2.5
20040628,-2.592
20040629,-2.66
20040630,-2.701
20040701,-2.748
20040702,-2.741
20040703,-2.748
20040704,-2.763
20040705,-2.809
20040706,-2.832
20040707,-2.845
20040708,-2.83
20040709,-2.834
20040710,-2.859
20040711,-2.862
20040712,-2.844
20040713,-2.848
20040714,-2.85
20040715,-2.828
20040716,-2.612
20040717,-2.558
20040718,-2.361
20040719,-2.334
20040720,-2.435
20040721,-2.488
20040722,-2.546
20040723,-2.598
20040724,-2.645
20040725,-2.652
20040726,-2.648
20040727,-2.684
20040728,-2.721
20040729,-2.744
20040730,-2.774
20040731,-2.798
20040801,-2.807
20040802,-2.774
20040803,-2.773
20040804,-2.783
20040805,-2.783
20040806,-2.807
20040807,-2.83
20040808,-2.846
20040809,-2.872
20040810,-2.892
20040811,-2.782
20040812,-2.772
20040813,-2.228
20040814,-2.161
20040815,-2.266
20040816,-2.128
20040817,-2.253
20040818,-2.292
20040819,-2.357
20040820,-2.279
20040821,-2.17
20040822,-2.294
20040823,-2.346
20040824,-2.256
20040825,-2.096
20040826,-2.041
20040827,-1.997
20040828,-2.036
20040829,-2.18
20040830,-1.993
20040831,-1.891
20040901,-2.019
20040902,-2.153
20040903,-2.241
20040904,-2.309
20040905,-2.36
20040906,-2.41
20040907,-2.467
20040908,-2.516
20040909,-2.56
20040910,-2.576
20040911,-2.622
20040912,-2.615
20040913,-2.582
20040914,-2.581
20040915,-2.594
20040916,-2.607
20040917,-2.631
20040918,-2.64
20040919,-2.68
20040920,-2.638
20040921,-2.648
20040922,-2.611
20040923,-2.54
20040924,-2.308
20040925,-2.291
20040926,-2.304
20040927,-2.398
20040928,-2.457
20040929,-2.252
20040930,-2.344
20041001,-2.286
20041002,-2.284
20041003,-2.21
20041004,-2.278
20041005,-2.286
20041006,-2.373
20041007,-2.367
20041008,-2.449
20041009,-2.488
20041010,-2.531
20041011,-2.575
20041012,-2.599
20041013,-2.62
20041014,-2.621
20041015,-2.65
20041016,-2.675
20041017,-2.691
20041018,-2.699
20041019,-2.544
20041020,-2.507
20041021,-2.469
20041022,-2.513
20041023,-2.516
20041024,-2.085
20041025,-2.161
20041026,-2.254
20041027,-2.324
20041028,-2.368
20041029,-2.417
20041030,-2.204
20041031,-2.301
20041101,-2.369
20041102,-2.421
20041103,-2.376
20041104,-2.431
20041105,-2.443
20041106,-2.436
20041107,-2.488
20041108,-2.518
20041109,-2.542
20041110,-2.327
20041111,-2.32
20041112,-2.376
20041113,-2.244
20041114,-2.227
20041115,-2.284
20041116,-2.343
20041117,-2.181
20041118,-2.255
20041119,-1.972
20041120,-1.94
20041121,-2.01
20041122,-1.977
20041123,-2.043
20041124,-2.165
20041125,-2.219
20041126,-2.244
20041127,-2.164
20041128,-2.228
20041129,-2.287
20041130,-2.311
20041201,-2.343
20041202,-2.336
20041203,-2.391
20041204,-2.409
20041205,-2.435
20041206,-2.466
20041207,-2.501
20041208,-2.527
20041209,-2.55
20041210,-2.579
20041211,-2.605
20041212,-2.611
20041213,-2.627
20041214,-2.638
20041215,-2.632
20041216,-2.614
20041217,-2.575
20041218,-2.512
20041219,-2.256
20041220,-2.333
20041221,-2.405
20041222,-2.391
20041223,-2.287
20041224,-2.344
20041225,-2.237
20041226,-2.342
20041227,-2.438
20041228,-2.444
20041229,-2.273
20041230,-2.144
20041231,-2.208
20050101,-2.221
20050102,-2.261
20050103,-2.325
20050104,-2.366
20050105,-2.352
20050106,-2.31
20050107,-2.366
20050108,-2.279
20050109,-2.42
20050110,-2.47
20050111,-2.327
20050112,-2.321
20050113,-2.438
20050114,-2.486
20050115,-2.516
20050116,-2.535
20050117,-2.533
20050118,-2.254
20050119,-2.248
20050120,-2.298
20050121,-2.244
20050122,-2.286
20050123,-2.352
20050124,-2.3
20050125,-2.359
20050126,-2.423
20050127,-2.419
20050128,-2.439
20050129,-2.486
20050130,-2.445
20050131,-2.411
20050201,-2.309
20050202,-2.387
20050203,-2.431
20050204,-2.459
20050205,-2.493
20050206,-2.551
20050207,-2.588
20050208,-2.623
20050209,-2.635
20050210,-2.357
20050211,-2.328
20050212,-1.97
20050213,-1.987
20050214,-2.032
20050215,-2.1
20050216,-2.22
20050217,-2.276
20050218,-2.3
20050219,-2.256
20050220,-2.177
20050221,-2.228
20050222,-2.317
20050223,-2.366
20050224,-2.375
20050225,-2.337
20050226,-2.352
20050227,-2.418
20050228,-2.453
20050301,-2.462
20050302,-2.489
20050303,-2.511
20050304,-2.481
20050305,-2.519
20050306,-2.538
20050307,-2.526
20050308,-2.085
20050309,-1.947
20050310,-2.087
20050311,-2.093
20050312,-2.092
20050313,-2.146
20050314,-2.24
20050315,-2.293
20050316,-2.337
20050317,-2.385
20050318,-2.429
20050319,-2.463
20050320,-2.492
20050321,-2.527
20050322,-2.549
20050323,-2.596
20050324,-2.598
20050325,-2.569
20050326,-2.579
20050327,-2.601
20050328,-2.613
20050329,-2.548
20050330,-2.594
20050331,-2.65
20050401,-2.67
20050402,-2.688
20050403,-2.706
20050404,-2.714
20050405,-2.726
20050406,-2.695
20050407,-2.689
20050408,-2.747
20050409,-2.746
20050410,-2.732
20050411,-2.727
20050412,-2.717
20050413,-2.712
20050414,-2.704
20050415,-2.671
20050416,-2.706
20050417,-2.705
20050418,-2.723
20050419,-2.743
20050420,-2.737
20050421,-2.717
20050422,-2.719
20050423,-2.735
20050424,-2.754
20050425,-2.758
20050426,-2.775
20050427,-2.78
20050428,-2.785
20050429,-2.782
20050430,-2.746
20050501,-2.759
20050502,-2.75
20050503,-2.757
20050504,-2.778
20050505,-2.786
20050506,-2.779
20050507,-2.76
20050508,-2.768
20050509,-2.752
20050510,-2.738
20050511,-2.732
20050512,-2.735
20050513,-2.741
20050514,-2.736
20050515,-2.753
20050516,-2.721
20050517,-2.721
20050518,-2.741
20050519,-2.739
20050520,-2.731
20050521,-2.753
20050522,-2.76
20050523,-2.799
20050524,-2.796
20050525,-2.813
20050526,-2.805
20050527,-2.827
20050528,-2.851
20050529,-2.87
20050530,-2.864
20050531,-2.863
20050601,-2.87
20050602,-2.863
20050603,-2.847
20050604,-2.819
20050605,-2.837
20050606,-2.843
20050607,-2.834
20050608,-2.832
20050609,-2.806
20050610,-2.791
20050611,-2.774
20050612,-2.782
20050613,-2.787
20050614,-2.799
20050615,-2.803
20050616,-2.807
20050617,-2.806
20050618,-2.834
20050619,-2.85
20050620,-2.887
20050621,-2.912
20050622,-2.924
20050623,-2.936
20050624,-2.951
20050625,-2.947
20050626,-2.972
20050627,-2.983
20050628,-3.006
20050629,-3.01
20050630,-3.026
20050701,-2.605
20050702,-2.73
20050703,-2.777
20050704,-2.792
20050705,-2.834
20050706,-2.8
20050707,-2.815
20050708,-2.814
20050709,-2.767
20050710,-2.8
20050711,-2.841
20050712,-2.849
20050713,-2.862
20050714,-2.88
20050715,-2.907
20050716,-2.925
20050717,-2.942
20050718,-2.959
20050719,-2.837
20050720,-2.886
20050721,-2.877
20050722,-2.865
20050723,-2.872
20050724,-2.876
20050725,-2.892
20050726,-2.876
20050727,-2.86
20050728,-2.839
20050729,-2.858
20050730,-2.724
20050731,-2.44
20050801,-2.327
20050802,-2.42
20050803,-2.468
20050804,-2.519
20050805,-2.522
20050806,-2.335
20050807,-2.289
20050808,-2.251
20050809,-2.338
20050810,-2.253
20050811,-2.322
20050812,-2.388
20050813,-2.441
20050814,-2.313
20050815,-2.278
20050816,-2.355
20050817,-2.41
20050818,-2.469
20050819,-2.52
20050820,-2.551
20050821,-2.564
20050822,-2.569
20050823,-2.59
20050824,-2.59
20050825,-2.485
20050826,-2.256
20050827,-2.31
20050828,-2.373
20050829,-2.393
20050830,-2.436
20050831,-2.448
20050901,-2.493
20050902,-2.525
20050903,-2.547
20050904,-2.566
20050905,-2.58
20050906,-2.601
20050907,-2.638
20050908,-2.665
20050909,-2.678
20050910,-2.678
20050911,-2.698
20050912,-2.727
20050913,-2.73
20050914,-2.728
20050915,-2.734
20050916,-2.558
20050917,-2.53
20050918,-2.552
20050919,-2.582
20050920,-2.61
20050921,-2.632
20050922,-2.656
20050923,-2.66
20050924,-2.705
20050925,-2.684
20050926,-2.71
20050927,-2.67
20050928,-2.667
20050929,-2.371
20050930,-2.277
20051001,-2.187
20051002,-2.302
20051003,-2.384
20051004,-2.44
20051005,-2.498
20051006,-2.57
20051007,-2.601
20051008,-2.65
20051009,-2.701
20051010,-2.71
20051011,-2.715
20051012,-2.734
20051013,-2.761
20051014,-2.786
20051015,-2.787
20051016,-2.793
20051017,-2.808
20051018,-2.814
20051019,-2.811
20051020,-2.823
20051021,-2.808
20051022,-2.835
20051023,-2.866
20051024,-2.83
20051025,-2.414
20051026,-2.319
20051027,-2.408
20051028,-2.479
20051029,-2.557
20051030,-2.605
20051031,-2.635
20051101,-2.687
20051102,-2.685
20051103,-2.637
20051104,-2.651
20051105,-2.692
20051106,-2.705
20051107,-2.718
20051108,-2.671
20051109,-2.692
20051110,-2.706
20051111,-2.682
20051112,-2.611
20051113,-2.662
20051114,-2.664
20051115,-2.647
20051116,-2.407
20051117,-2.216
20051118,-2.048
20051119,-2.219
20051120,-2.284
20051121,-2.33
20051122,-2.378
20051123,-2.427
20051124,-2.408
20051125,-2.163
20051126,-2.284
20051127,-2.306
20051128,-2.364
20051129,-2.419
20051130,-2.441
20051201,-2.46
20051202,-2.486
20051203,-2.537
20051204,-2.537
20051205,-2.281
20051206,-2.32
20051207,-2.348
20051208,-2.398
20051209,-2.469
20051210,-2.502
20051211,-2.529
20051212,-2.573
20051213,-2.592
20051214,-2.614
20051215,-2.606
20051216,-2.434
20051217,-2.439
20051218,-2.333
20051219,-2.208
20051220,-2.282
20051221,-2.345
20051222,-2.349
20051223,-2.234
20051224,-2.326
20051225,-2.376
20051226,-2.341
20051227,-2.408
20051228,-2.456
20051229,-2.493
20051230,-2.512
20051231,-2.475
20060101,-2.163
20060102,-2.281
20060103,-2.338
20060104,-2.391
20060105,-2.43
20060106,-2.485
20060107,-2.535
20060108,-2.57
20060109,-2.594
20060110,-2.611
20060111,-2.619
20060112,-2.585
20060113,-2.578
20060114,-2.615
20060115,-2.632
20060116,-2.647
20060117,-2.624
20060118,-2.59
20060119,-2.579
20060120,-2.391
20060121,-2.338
20060122,-2.418
20060123,-2.489
20060124,-2.551
20060125,-2.596
20060126,-2.647
20060127,-2.644
20060128,-2.68
20060129,-2.698
20060130,-2.707
20060131,-2.711
20060201,-2.69
20060202,-2.694
20060203,-2.691
20060204,-2.714
20060205,-2.7
20060206,-2.69
20060207,-2.673
20060208,-2.622
20060209,-2.575
20060210,-2.488
20060211,-2.503
20060212,-2.527
20060213,-2.533
20060214,-2.551
20060215,-2.5
20060216,-2.268
20060217,-2.264
20060218,-2.274
20060219,-2.334
20060220,-2.401
20060221,-2.446
20060222,-2.492
20060223,-2.517
20060224,-2.557
20060225,-2.596
20060226,-2.624
20060227,-2.624
20060228,-2.545
20060301,-2.499
20060302,-2.487
20060303,-2.472
20060304,-2.43
20060305,-2.407
20060306,-2.349
20060307,-2.284
20060308,-2.306
20060309,-2.203
20060310,-2.143
20060311,-2.248
20060312,-2.315
20060313,-2.34
20060314,-2.375
20060315,-2.418
20060316,-2.452
20060317,-2.487
20060318,-2.51
20060319,-2.537
20060320,-2.567
20060321,-2.589
20060322,-2.618
20060323,-2.642
20060324,-2.617
20060325,-2.669
20060326,-2.539
20060327,-2.296
20060328,-2.34
20060329,-2.436
20060330,-2.3
20060331,-2.242
20060401,-2.258
20060402,-2.231
20060403,-2.189
20060404,-2.258
20060405,-2.292
20060406,-2.342
20060407,-2.33
20060408,-2.233
20060409,-2.265
20060410,-2.344
20060411,-2.379
20060412,-2.279
20060413,-2.308
20060414,-2.404
20060415,-2.461
20060416,-2.426
20060417,-2.469
20060418,-2.518
20060419,-2.536
20060420,-2.58
20060421,-2.598
20060422,-2.624
20060423,-2.643
20060424,-2.672
20060425,-2.687
20060426,-2.708
20060427,-2.735
20060428,-2.721
20060429,-2.749
20060430,-2.752
20060501,-2.752
20060502,-2.793
20060503,-2.806
20060504,-2.81
20060505,-2.823
20060506,-2.839
20060507,-2.847
20060508,-2.859
20060509,-2.878
20060510,-2.894
20060511,-2.903
20060512,-2.913
20060513,-2.928
20060514,-2.943
20060515,-2.929
20060516,-2.958
20060517,-2.963
20060518,-2.945
20060519,-2.91
20060520,-2.874
20060521,-2.892
20060522,-2.873
20060523,-2.915
20060524,-2.891
20060525,-2.902
20060526,-2.886
20060527,-2.884
20060528,-2.883
20060529,-2.874
20060530,-2.877
20060531,-2.894
20060601,-2.909
20060602,-2.913
20060603,-2.916
20060604,-2.947
20060605,-2.957
20060606,-2.963
20060607,-2.972
20060608,-2.984
20060609,-2.995
20060610,-3.009
20060611,-3.027
20060612,-3.029
20060613,-3.024
20060614,-3.035
20060615,-3.001
20060616,-2.976
20060617,-2.972
20060618,-2.972
20060619,-2.991
20060620,-3.001
20060621,-2.997
20060622,-2.986
20060623,-3.0
20060624,-3.004
20060625,-3.037
20060626,-2.93
20060627,-2.896
20060628,-2.883
20060629,-2.905
20060630,-2.94
20060701,-2.983
20060702,-3.027
20060703,-3.058
20060704,-3.072
20060705,-3.089
20060706,-3.104
20060707,-3.118
20060708,-3.125
20060709,-3.133
20060710,-3.151
20060711,-3.058
20060712,-3.052
20060713,-3.111
20060714,-3.159
20060715,-3.175
20060716,-3.18
20060717,-3.195
20060718,-3.217
20060719,-3.23
20060720,-3.247
20060721,-3.261
20060722,-3.278
20060723,-3.202
20060724,-3.223
20060725,-3.265
20060726,-3.284
20060727,-3.303
20060728,-3.297
20060729,-3.301
20060730,-3.319
20060731,-3.29
20060801,-3.292
20060802,-3.279
20060803,-3.261
20060804,-3.24
20060805,-3.229
20060806,-3.276
20060807,-3.283
20060808,-3.263
20060809,-3.249
20060810,-3.216
20060811,-3.183
20060812,-3.179
20060813,-3.194
20060814,-3.183
20060815,-3.121
20060816,-3.101
20060817,-3.105
20060818,-3.115
20060819,-3.103
20060820,-3.1
20060821,-2.907
20060822,-2.832
20060823,-2.817
20060824,-2.83
20060825,-2.822
20060826,-2.833
20060827,-2.853
20060828,-2.781
20060829,-2.431
20060830,-2.436
20060831,-2.505
20060901,-2.506
20060902,-2.578
20060903,-2.624
20060904,-2.554
20060905,-2.603
20060906,-2.63
20060907,-2.669
20060908,-2.7
20060909,-2.712
20060910,-2.727
20060911,-2.752
20060912,-2.761
20060913,-2.778
20060914,-2.793
20060915,-2.824
20060916,-2.831
20060917,-2.851
20060918,-2.85
20060919,-2.864
20060920,-2.875
20060921,-2.885
20060922,-2.904
20060923,-2.921
20060924,-2.916
20060925,-2.923
20060926,-2.94
20060927,-2.932
20060928,-2.931
20060929,-2.94
20060930,-2.951
20061001,-2.953
20061002,-2.941
20061003,-2.848
20061004,-2.792
20061005,-2.724
20061006,-2.386
20061007,-2.356
20061008,-2.458
20061009,-2.521
20061010,-2.595
20061011,-2.613
20061012,-2.676
20061013,-2.708
20061014,-2.722
20061015,-2.739
20061016,-2.745
20061017,-2.757
20061018,-2.762
20061019,-2.778
20061020,-2.787
20061021,-2.811
20061022,-2.815
20061023,-2.81
20061024,-2.203
20061025,-2.276
20061026,-2.289
20061027,-2.369
20061028,-2.396
20061029,-2.407
20061030,-2.429
20061031,-2.464
20061101,-2.399
20061102,-2.331
20061103,-2.284
20061104,-2.31
20061105,-2.371
20061106,-2.426
20061107,-2.472
20061108,-2.504
20061109,-2.552
20061110,-2.551
20061111,-2.428
20061112,-2.312
20061113,-2.301
20061114,-2.381
20061115,-2.285
20061116,-2.304
20061117,-2.212
20061118,-2.282
20061119,-2.328
20061120,-2.321
20061121,-2.182
20061122,-2.167
20061123,-2.039
20061124,-2.117
20061125,-2.042
20061126,-2.193
20061127,-2.246
20061128,-2.271
20061129,-2.282
20061130,-2.312
20061201,-2.33
20061202,-2.196
20061203,-2.12
20061204,-2.098
20061205,-2.04
20061206,-2.167
20061207,-1.963
20061208,-1.94
20061209,-1.949
20061210,-1.987
20061211,-1.944
20061212,-1.972
20061213,-2.004
20061214,-2.112
20061215,-2.183
20061216,-2.208
20061217,-2.162
20061218,-2.147
20061219,-2.232
20061220,-2.275
20061221,-2.31
20061222,-2.343
20061223,-2.354
20061224,-2.385
20061225,-2.402
20061226,-2.416
20061227,-2.435
20061228,-2.425
20061229,-2.447
20061230,-2.465
20061231,-2.331
20070101,-2.267
20070102,-2.175
20070103,-2.178
20070104,-2.043
20070105,-2.144
20070106,-2.143
20070107,-1.951
20070108,-1.907
20070109,-1.918
20070110,-2.004
20070111,-1.846
20070112,-1.925
20070113,-1.976
20070114,-2.039
20070115,-2.132
20070116,-2.19
20070117,-1.979
20070118,-1.813
20070119,-1.933
20070120,-1.905
20070121,-1.924
20070122,-1.932
20070123,-1.997
20070124,-2.098
20070125,-2.227
20070126,-2.155
20070127,-1.982
20070128,-2.031
20070129,-2.135
20070130,-2.209
20070131,-2.254
20070201,-2.253
20070202,-2.277
20070203,-2.327
20070204,-2.339
20070205,-2.364
20070206,-2.373
20070207,-2.407
20070208,-2.394
20070209,-2.453
20070210,-2.408
20070211,-2.219
20070212,-1.963
20070213,-1.915
20070214,-1.948
20070215,-1.93
20070216,-1.962
20070217,-2.058
20070218,-2.164
20070219,-2.214
20070220,-2.259
20070221,-2.148
20070222,-2.096
20070223,-2.193
20070224,-2.124
20070225,-1.963
20070226,-1.932
20070227,-1.92
20070228,-1.894
20070301,-1.883
20070302,-1.911
20070303,-1.901
20070304,-1.912
20070305,-1.878
20070306,-1.863
20070307,-1.877
20070308,-1.924
20070309,-1.935
20070310,-1.964
20070311,-2.029
20070312,-2.125
20070313,-2.238
20070314,-2.292
20070315,-2.318
20070316,-2.363
20070317,-2.4
20070318,-2.091
20070319,-2.009
20070320,-2.03
20070321,-2.075
20070322,-2.22
20070323,-2.307
20070324,-2.317
20070325,-2.388
20070326,-2.437
20070327,-2.485
20070328,-2.534
20070329,-2.569
20070330,-2.495
20070331,-2.586
20070401,-2.631
20070402,-2.641
20070403,-2.662
20070404,-2.7
20070405,-2.716
20070406,-2.736
20070407,-2.746
20070408,-2.74
20070409,-2.76
20070410,-2.787
20070411,-2.792
20070412,-2.794
20070413,-2.802
20070414,-2.809
20070415,-2.816
20070416,-2.822
20070417,-2.836
20070418,-2.847
20070419,-2.829
20070420,-2.874
20070421,-2.866
20070422,-2.878
20070423,-2.88
20070424,-2.892
20070425,-2.893
20070426,-2.909
20070427,-2.922
20070428,-2.931
20070429,-2.937
20070430,-2.946
20070501,-2.955
20070502,-2.971
20070503,-2.981
20070504,-2.996
20070505,-3.012
20070506,-3.003
20070507,-2.991
20070508,-2.999
20070509,-3.023
20070510,-3.02
20070511,-3.04
20070512,-2.988
20070513,-2.962
20070514,-2.968
20070515,-2.966
20070516,-2.965
20070517,-2.958
20070518,-2.933
20070519,-2.967
20070520,-2.989
20070521,-3.004
20070522,-3.018
20070523,-3.01
20070524,-3.016
20070525,-3.029
20070526,-3.048
20070527,-3.045
20070528,-3.041
20070529,-3.033
20070530,-3.024
20070531,-3.05
20070601,-3.033
20070602,-3.016
20070603,-2.988
20070604,-2.982
20070605,-2.968
20070606,-2.966
20070607,-2.963
20070608,-2.971
20070609,-2.997
20070610,-3.006
20070611,-3.021
20070612,-3.047
20070613,-3.051
20070614,-3.039
20070615,-3.033
20070616,-3.001
20070617,-2.906
20070618,-2.527
20070619,-2.489
20070620,-2.607
20070621,-2.677
20070622,-2.717
20070623,-2.751
20070624,-2.654
20070625,-2.499
20070626,-2.313
20070627,-2.242
20070628,-2.349
20070629,-2.414
20070630,-2.305
20070701,-2.205
20070702,-2.075
20070703,-2.141
20070704,-1.868
20070705,-1.974
20070706,-1.999
20070707,-1.902
20070708,-2.043
20070709,-2.208
20070710,-2.267
20070711,-2.274
20070712,-2.275
20070713,-2.361
20070714,-2.436
20070715,-2.495
20070716,-2.328
20070717,-1.938
20070718,-2.092
20070719,-2.265
20070720,-2.348
20070721,-2.213
20070722,-2.186
20070723,-2.304
20070724,-2.023
20070725,-2.021
20070726,-2.156
20070727,-2.286
20070728,-2.393
20070729,-2.401
20070730,-2.42
20070731,-2.487
20070801,-2.536
20070802,-2.59
20070803,-2.662
20070804,-2.678
20070805,-2.69
20070806,-2.727
20070807,-2.764
20070808,-2.767
20070809,-2.778
20070810,-2.792
20070811,-2.799
20070812,-2.79
20070813,-2.823
20070814,-2.802
20070815,-2.777
20070816,-2.799
20070817,-2.753
20070818,-2.72
20070819,-2.713
20070820,-2.74
20070821,-2.767
20070822,-2.78
20070823,-2.795
20070824,-2.805
20070825,-2.817
20070826,-2.827
20070827,-2.819
20070828,-2.844
20070829,-2.852
20070830,-2.849
20070831,-2.857
20070901,-2.879
20070902,-2.862
20070903,-2.877
20070904,-2.896
20070905,-2.891
20070906,-2.888
20070907,-2.895
20070908,-2.891
20070909,-2.896
20070910,-2.869
20070911,-2.896
20070912,-2.89
20070913,-2.879
20070914,-2.838
20070915,-2.884
20070916,-2.848
20070917,-2.875
20070918,-2.906
20070919,-2.878
20070920,-2.865
20070921,-2.846
20070922,-2.839
20070923,-2.821
20070924,-2.785
20070925,-2.817
20070926,-2.628
20070927,-2.52
20070928,-2.44
20070929,-2.252
20070930,-1.963
20071001,-2.067
20071002,-2.191
20071003,-2.275
20071004,-2.301
20071005,-2.359
20071006,-2.397
20071007,-2.43
20071008,-2.487
20071009,-2.512
20071010,-2.565
20071011,-2.603
20071012,-2.642
20071013,-2.668
20071014,-2.677
20071015,-2.702
20071016,-2.723
20071017,-2.742
20071018,-2.295
20071019,-2.357
20071020,-2.425
20071021,-2.472
20071022,-2.51
20071023,-2.567
20071024,-2.611
20071025,-2.644
20071026,-2.673
20071027,-2.707
20071028,-2.693
20071029,-2.624
20071030,-2.595
20071031,-2.617
20071101,-2.645
20071102,-2.677
20071103,-2.668
20071104,-2.694
20071105,-2.676
20071106,-2.635
20071107,-2.503
20071108,-2.399
20071109,-2.377
20071110,-2.224
20071111,-2.145
20071112,-2.194
20071113,-2.129
20071114,-2.126
20071115,-2.247
20071116,-2.294
20071117,-2.321
20071118,-2.344
20071119,-2.398
20071120,-2.424
20071121,-2.455
20071122,-2.473
20071123,-2.538
20071124,-2.524
20071125,-2.516
20071126,-2.391
20071127,-2.364
20071128,-2.399
20071129,-2.433
20071130,-2.467
20071201,-2.336
20071202,-2.211
20071203,-1.942
20071204,-2.044
20071205,-2.08
20071206,-2.108
20071207,-1.904
20071208,-1.899
20071209,-1.896
20071210,-1.957
20071211,-2.043
20071212,-2.1
20071213,-2.193
20071214,-2.241
20071215,-2.287
20071216,-2.339
20071217,-2.373
20071218,-2.402
20071219,-2.432
20071220,-2.439
20071221,-2.47
20071222,-2.513
20071223,-2.555
20071224,-2.529
20071225,-2.496
20071226,-2.509
20071227,-2.53
20071228,-2.543
20071229,-2.53
20071230,-2.548
20071231,-2.551
20080101,-2.582
20080102,-2.596
20080103,-2.603
20080104,-2.639
20080105,-2.62
20080106,-2.614
20080107,-2.502
20080108,-2.512
20080109,-2.523
20080110,-2.549
20080111,-2.262
20080112,-2.245
20080113,-2.294
20080114,-2.327
20080115,-2.245
20080116,-2.168
20080117,-2.265
20080118,-2.097
20080119,-1.882
20080120,-1.888
20080121,-1.855
20080122,-1.912
20080123,-1.936
20080124,-1.967
20080125,-2.003
20080126,-2.086
20080127,-1.97
20080128,-2.065
20080129,-2.159
20080130,-2.131
20080131,-2.203
20080201,-2.113
20080202,-2.151
20080203,-2.257
20080204,-2.307
20080205,-2.268
20080206,-2.114
20080207,-2.24
20080208,-2.303
20080209,-2.346
20080210,-2.39
20080211,-2.423
20080212,-2.451
20080213,-2.474
20080214,-2.495
20080215,-2.522
20080216,-2.558
20080217,-2.584
20080218,-2.595
20080219,-2.583
20080220,-2.605
20080221,-2.613
20080222,-2.582
20080223,-2.52
20080224,-2.56
20080225,-2.435
20080226,-2.39
20080227,-2.342
20080228,-2.408
20080229,-2.444
20080301,-2.23
20080302,-2.23
20080303,-2.325
20080304,-2.343
20080305,-2.382
20080306,-2.359
20080307,-2.374
20080308,-2.41
20080309,-2.442
20080310,-2.229
20080311,-2.225
20080312,-2.112
20080313,-2.2
20080314,-2.272
20080315,-2.323
20080316,-2.357
20080317,-2.39
20080318,-2.412
20080319,-2.422
20080320,-2.415
20080321,-1.944
20080322,-2.017
20080323,-2.084
20080324,-2.028
20080325,-2.062
20080326,-2.138
20080327,-2.22
20080328,-2.281
20080329,-1.988
20080330,-2.11
20080331,-2.052
20080401,-2.18
20080402,-2.107
20080403,-2.245
20080404,-2.281
20080405,-2.274
20080406,-2.329
20080407,-2.375
20080408,-2.421
20080409,-2.459
20080410,-2.501
20080411,-2.525
20080412,-2.564
20080413,-2.603
20080414,-2.641
20080415,-2.582
20080416,-2.602
20080417,-2.627
20080418,-2.671
20080419,-2.702
20080420,-2.731
20080421,-2.74
20080422,-2.763
20080423,-2.774
20080424,-2.779
20080425,-2.794
20080426,-2.791
20080427,-2.784
20080428,-2.778
20080429,-2.772
20080430,-2.777
20080501,-2.818
20080502,-2.83
20080503,-2.846
20080504,-2.846
20080505,-2.855
20080506,-2.867
20080507,-2.864
20080508,-2.874
20080509,-2.881
20080510,-2.902
20080511,-2.911
20080512,-2.923
20080513,-2.939
20080514,-2.944
20080515,-2.954
20080516,-2.968
20080517,-2.97
20080518,-2.976
20080519,-2.982
20080520,-2.99
20080521,-3.003
20080522,-3.008
20080523,-3.023
20080524,-3.033
20080525,-3.048
20080526,-3.057
20080527,-3.058
20080528,-3.068
20080529,-3.082
20080530,-3.082
20080531,-3.099
20080601,-3.005
20080602,-3.036
20080603,-3.057
20080604,-3.056
20080605,-3.053
20080606,-3.049
20080607,-3.05
20080608,-3.064
20080609,-3.066
20080610,-3.086
20080611,-3.093
20080612,-3.087
20080613,-3.085
20080614,-3.082
20080615,-3.101
20080616,-3.102
20080617,-3.112
20080618,-3.11
20080619,-3.12
20080620,-3.119
20080621,-3.129
20080622,-3.131
20080623,-3.144
20080624,-3.153
20080625,-3.163
20080626,-3.179
20080627,-3.117
20080628,-3.141
20080629,-3.164
20080630,-3.192
20080701,-3.208
20080702,-3.222
20080703,-3.233
20080704,-3.231
20080705,-3.236
20080706,-3.243
20080707,-3.242
20080708,-2.999
20080709,-2.992
20080710,-2.994
20080711,-2.996
20080712,-2.973
20080713,-2.947
20080714,-2.96
20080715,-2.986
20080716,-3.0
20080717,-3.015
20080718,-2.999
20080719,-2.965
20080720,-2.741
20080721,-2.759
20080722,-2.739
20080723,-2.777
20080724,-2.808
20080725,-2.842
20080726,-2.874
20080727,-2.281
20080728,-2.411
20080729,-2.505
20080730,-2.462
20080731,-2.564
20080801,-2.557
20080802,-2.642
20080803,-2.66
20080804,-2.294
20080805,-2.419
20080806,-2.504
20080807,-2.466
20080808,-2.412
20080809,-2.497
20080810,-2.324
20080811,-2.401
20080812,-2.463
20080813,-2.491
20080814,-2.219
20080815,-2.318
20080816,-2.381
20080817,-2.449
20080818,-2.399
20080819,-2.424
20080820,-2.281
20080821,-2.253
20080822,-2.302
20080823,-2.374
20080824,-2.42
20080825,-2.462
20080826,-2.508
20080827,-2.526
20080828,-2.561
20080829,-2.594
20080830,-2.628
20080831,-2.663
20080901,-2.584
20080902,-2.622
20080903,-2.497
20080904,-2.483
20080905,-2.577
20080906,-2.484
20080907,-2.573
20080908,-2.551
20080909,-2.625
20080910,-2.683
20080911,-2.706
20080912,-2.734
20080913,-2.686
20080914,-2.724
20080915,-2.75
20080916,-2.774
20080917,-2.783
20080918,-2.801
20080919,-2.817
20080920,-2.823
20080921,-2.826
20080922,-2.84
20080923,-2.843
20080924,-2.848
20080925,-2.857
20080926,-2.861
20080927,-2.861
20080928,-2.865
20080929,-2.862
20080930,-2.82
20081001,-2.543
20081002,-2.309
20081003,-2.222
20081004,-2.214
20081005,-2.184
20081006,-2.044
20081007,-2.122
20081008,-2.069
20081009,-2.205
20081010,-2.261
20081011,-2.306
20081012,-2.338
20081013,-2.36
20081014,-2.398
20081015,-2.418
20081016,-2.199
20081017,-2.166
20081018,-2.266
20081019,-2.319
20081020,-2.365
20081021,-2.28
20081022,-2.38
20081023,-2.421
20081024,-2.386
20081025,-2.432
20081026,-2.458
20081027,-2.207
20081028,-2.145
20081029,-2.15
20081030,-2.223
20081031,-2.28
20081101,-2.319
20081102,-2.315
20081103,-2.353
20081104,-2.386
20081105,-2.411
20081106,-2.412
20081107,-2.44
20081108,-2.468
20081109,-2.313
20081110,-2.32
20081111,-1.919
20081112,-1.913
20081113,-1.956
20081114,-1.948
20081115,-1.98
20081116,-2.051
20081117,-2.133
20081118,-2.121
20081119,-2.183
20081120,-2.162
20081121,-1.972
20081122,-1.945
20081123,-1.91
20081124,-1.985
20081125,-1.971
20081126,-2.023
20081127,-2.047
20081128,-2.116
20081129,-2.041
20081130,-2.159
20081201,-2.157
20081202,-2.224
20081203,-2.063
20081204,-2.162
20081205,-2.097
20081206,-2.214
20081207,-2.266
20081208,-2.286
20081209,-2.162
20081210,-2.007
20081211,-2.094
20081212,-2.156
20081213,-2.239
20081214,-2.305
20081215,-2.323
20081216,-2.337
20081217,-2.362
20081218,-2.37
20081219,-2.309
20081220,-2.235
20081221,-2.304
20081222,-2.359
20081223,-2.389
20081224,-2.413
20081225,-2.441
20081226,-2.473
20081227,-2.509
20081228,-2.542
20081229,-2.571
20081230,-2.613
20081231,-2.649
20090101,-2.673
20090102,-2.677
20090103,-2.674
20090104,-2.598
20090105,-2.376
20090106,-2.468
20090107,-2.566
20090108,-2.601
20090109,-2.66
20090110,-2.688
20090111,-2.712
20090112,-2.707
20090113,-2.649
20090114,-2.481
20090115,-2.412
20090116,-2.453
20090117,-2.447
20090118,-2.355
20090119,-2.311
20090120,-2.248
20090121,-2.312
20090122,-2.328
20090123,-2.087
20090124,-2.035
20090125,-2.131
20090126,-2.239
20090127,-2.268
20090128,-2.309
20090129,-2.345
20090130,-2.381
20090131,-2.418
20090201,-2.446
20090202,-2.48
20090203,-2.5
20090204,-2.438
20090205,-2.382
20090206,-2.343
20090207,-2.345
20090208,-2.41
20090209,-2.435
20090210,-2.207
20090211,-2.192
20090212,-2.284
20090213,-2.191
20090214,-2.328
20090215,-2.334
20090216,-2.087
20090217,-1.98
20090218,-2.079
20090219,-2.146
20090220,-2.105
20090221,-2.198
20090222,-2.223
20090223,-2.278
20090224,-2.322
20090225,-2.338
20090226,-2.359
20090227,-2.268
20090228,-2.256
20090301,-2.327
20090302,-2.225
20090303,-2.294
20090304,-2.334
20090305,-2.283
20090306,-2.278
20090307,-2.31
20090308,-2.162
20090309,-2.197
20090310,-2.233
20090311,-2.259
20090312,-2.264
20090313,-2.315
20090314,-2.354
20090315,-2.38
20090316,-2.409
20090317,-2.446
20090318,-2.446
20090319,-2.505
20090320,-2.542
20090321,-2.577
20090322,-2.605
20090323,-2.586
20090324,-2.474
20090325,-2.29
20090326,-2.311
20090327,-2.219
20090328,-2.098
20090329,-2.045
20090330,-2.174
20090331,-2.259
20090401,-2.305
20090402,-2.353
20090403,-2.399
20090404,-2.452
20090405,-2.488
20090406,-2.522
20090407,-2.58
20090408,-2.615
20090409,-2.568
20090410,-2.622
20090411,-2.677
20090412,-2.704
20090413,-2.721
20090414,-2.742
20090415,-2.76
20090416,-2.78
20090417,-2.815
20090418,-2.827
20090419,-2.845
20090420,-2.852
20090421,-2.858
20090422,-2.868
20090423,-2.879
20090424,-2.884
20090425,-2.891
20090426,-2.901
20090427,-2.896
20090428,-2.898
20090429,-2.905
20090430,-2.913
20090501,-2.915
20090502,-2.925
20090503,-2.917
20090504,-2.922
20090505,-2.916
20090506,-2.907
20090507,-2.891
20090508,-2.882
20090509,-2.902
20090510,-2.927
20090511,-2.944
20090512,-2.943
20090513,-2.948
20090514,-2.952
20090515,-2.952
20090516,-2.954
20090517,-2.929
20090518,-2.822
20090519,-2.799
20090520,-2.814
20090521,-2.827
20090522,-2.855
20090523,-2.878
20090524,-2.904
20090525,-2.914
20090526,-2.898
20090527,-2.888
20090528,-2.898
20090529,-2.859
20090530,-2.843
20090531,-2.851
20090601,-2.867
20090602,-2.88
20090603,-2.879
20090604,-2.891
20090605,-2.897
20090606,-2.907
20090607,-2.923
20090608,-2.939
20090609,-2.934
20090610,-2.951
20090611,-2.93
20090612,-2.804
20090613,-2.802
20090614,-2.815
20090615,-2.846
20090616,-2.876
20090617,-2.87
20090618,-2.895
20090619,-2.912
20090620,-2.927
20090621,-2.937
20090622,-2.947
20090623,-2.955
20090624,-2.953
20090625,-2.957
20090626,-2.963
20090627,-2.977
20090628,-2.982
20090629,-3.0
20090630,-3.009
20090701,-3.014
20090702,-3.016
20090703,-3.024
20090704,-3.03
20090705,-3.037
20090706,-3.045
20090707,-2.986
20090708,-2.922
20090709,-2.894
20090710,-2.862
20090711,-2.639
20090712,-2.686
20090713,-2.651
20090714,-2.706
20090715,-2.745
20090716,-2.777
20090717,-2.79
20090718,-2.813
20090719,-2.83
20090720,-2.851
20090721,-2.852
20090722,-2.86
20090723,-2.873
20090724,-2.876
20090725,-2.866
20090726,-2.838
20090727,-2.845
20090728,-2.872
20090729,-2.891
20090730,-2.897
20090731,-2.896
20090801,-2.884
20090802,-2.908
20090803,-2.906
20090804,-2.905
20090805,-2.917
20090806,-2.926
20090807,-2.943
20090808,-2.953
20090809,-2.955
20090810,-2.958
20090811,-2.984
20090812,-2.974
20090813,-2.988
20090814,-2.972
20090815,-2.996
20090816,-3.013
20090817,-3.025
20090818,-3.041
20090819,-3.046
20090820,-3.055
20090821,-3.064
20090822,-3.071
20090823,-3.066
20090824,-3.079
20090825,-3.1
20090826,-2.955
20090827,-2.967
20090828,-2.977
20090829,-2.985
20090830,-2.992
20090831,-2.973
20090901,-2.821
20090902,-2.812
20090903,-2.791
20090904,-2.79
20090905,-2.765
20090906,-2.679
20090907,-2.644
20090908,-2.648
20090909,-2.676
20090910,-2.696
20090911,-2.708
20090912,-2.721
20090913,-2.725
20090914,-2.747
20090915,-2.758
20090916,-2.779
20090917,-2.785
20090918,-2.788
20090919,-2.796
20090920,-2.815
20090921,-2.821
20090922,-2.835
20090923,-2.835
20090924,-2.841
20090925,-2.849
20090926,-2.851
20090927,-2.86
20090928,-2.866
20090929,-2.871
20090930,-2.855
20091001,-2.87
20091002,-2.863
20091003,-2.842
20091004,-2.865
20091005,-2.863
20091006,-2.853
20091007,-2.87
20091008,-2.854
20091009,-2.848
20091010,-2.844
20091011,-2.811
20091012,-2.807
20091013,-2.762
20091014,-2.732
20091015,-2.723
20091016,-2.72
20091017,-2.71
20091018,-2.669
20091019,-2.651
20091020,-2.648
20091021,-2.666
20091022,-2.688
20091023,-2.702
20091024,-2.699
20091025,-2.697
20091026,-2.682
20091027,-2.62
20091028,-2.742
20091029,-2.762
20091030,-2.767
20091031,-2.76
20091101,-2.752
20091102,-2.611
20091103,-2.576
20091104,-2.58
20091105,-2.595
20091106,-2.535
20091107,-2.558
20091108,-2.561
20091109,-2.586
20091110,-2.592
20091111,-2.42
20091112,-2.376
20091113,-2.36
20091114,-2.31
20091115,-2.299
20091116,-2.257
20091117,-2.257
20091118,-2.306
20091119,-2.214
20091120,-2.296
20091121,-2.304
20091122,-2.258
20091123,-2.202
20091124,-2.122
20091125,-2.166
20091126,-2.192
20091127,-2.061
20091128,-1.96
20091129,-2.022
20091130,-2.104
20091201,-2.202
20091202,-2.247
20091203,-2.179
20091204,-2.255
20091205,-2.066
20091206,-2.02
20091207,-2.031
20091208,-1.979
20091209,-2.061
20091210,-1.954
20091211,-1.994
20091212,-2.07
20091213,-2.15
20091214,-2.227
20091215,-2.305
20091216,-2.333
20091217,-2.352
20091218,-2.355
20091219,-2.355
20091220,-2.327
20091221,-2.344
20091222,-2.313
20091223,-2.303
20091224,-2.292
20091225,-2.117
20091226,-1.882
20091227,-1.885
20091228,-1.934
20091229,-2.015
20091230,-2.048
20091231,-2.083
20100101,-2.152
20100102,-2.249
20100103,-2.276
20100104,-2.283
20100105,-2.301
20100106,-2.327
20100107,-2.363
20100108,-2.398
20100109,-2.419
20100110,-2.435
20100111,-2.437
20100112,-2.437
20100113,-2.461
20100114,-2.481
20100115,-2.493
20100116,-2.408
20100117,-2.406
20100118,-2.263
20100119,-2.169
20100120,-2.213
20100121,-2.279
20100122,-2.328
20100123,-2.373
20100124,-2.41
20100125,-2.449
20100126,-2.519
20100127,-2.529
20100128,-2.396
20100129,-2.356
20100130,-2.341
20100131,-2.361
20100201,-2.319
20100202,-2.168
20100203,-1.987
20100204,-1.94
20100205,-2.0
20100206,-2.016
20100207,-2.085
20100208,-2.189
20100209,-2.286
20100210,-2.356
20100211,-2.373
20100212,-2.425
20100213,-2.437
20100214,-2.47
20100215,-2.491
20100216,-2.52
20100217,-2.554
20100218,-2.581
20100219,-2.497
20100220,-2.423
20100221,-2.429
20100222,-2.289
20100223,-2.089
20100224,-2.094
20100225,-2.001
20100226,-2.035
20100227,-2.049
20100228,-1.983
20100301,-1.927
20100302,-2.0
20100303,-2.072
20100304,-2.168
20100305,-2.202
20100306,-2.085
20100307,-2.249
20100308,-2.183
20100309,-2.305
20100310,-2.341
20100311,-2.327
20100312,-2.37
20100313,-2.386
20100314,-2.368
20100315,-2.39
20100316,-2.354
20100317,-2.403
20100318,-2.444
20100319,-2.478
20100320,-2.259
20100321,-2.229
20100322,-2.318
20100323,-2.39
20100324,-2.421
20100325,-2.465
20100326,-2.516
20100327,-2.526
20100328,-2.498
20100329,-2.554
20100330,-2.565
20100331,-2.56
20100401,-2.495
20100402,-2.393
20100403,-2.499
20100404,-2.161
20100405,-2.265
20100406,-2.312
20100407,-2.381
20100408,-2.44
20100409,-2.478
20100410,-2.521
20100411,-2.573
20100412,-2.603
20100413,-2.643
20100414,-2.672
20100415,-2.703
20100416,-2.733
20100417,-2.736
20100418,-2.753
20100419,-2.779
20100420,-2.779
20100421,-2.798
20100422,-2.805
20100423,-2.821
20100424,-2.834
20100425,-2.83
20100426,-2.848
20100427,-2.856
20100428,-2.848
20100429,-2.845
20100430,-2.86
20100501,-2.854
20100502,-2.866
20100503,-2.79
20100504,-2.692
20100505,-2.683
20100506,-2.702
20100507,-2.735
20100508,-2.742
20100509,-2.702
20100510,-2.715
20100511,-2.739
20100512,-2.609
20100513,-2.35
20100514,-2.415
20100515,-2.487
20100516,-2.548
20100517,-2.612
20100518,-2.657
20100519,-2.698
20100520,-2.72
20100521,-2.749
20100522,-2.765
20100523,-2.77
20100524,-2.79
20100525,-2.815
20100526,-2.819
20100527,-2.843
20100528,-2.869
20100529,-2.863
20100530,-2.871
20100531,-2.906
20100601,-2.893
20100602,-2.921
20100603,-2.923
20100604,-2.921
20100605,-2.925
20100606,-2.931
20100607,-2.947
20100608,-2.933
20100609,-2.945
20100610,-2.935
20100611,-2.929
20100612,-2.947
20100613,-2.948
20100614,-2.965
20100615,-2.964
20100616,-2.958
20100617,-2.951
20100618,-2.947
20100619,-2.953
20100620,-2.976
20100621,-2.978
20100622,-2.977
20100623,-2.981
20100624,-2.983
20100625,-2.992
20100626,-3.003
20100627,-3.005
20100628,-3.018
20100629,-3.023
20100630,-3.023
20100701,-3.021
20100702,-3.04
20100703,-3.063
20100704,-2.954
20100705,-2.991
20100706,-3.026
20100707,-3.034
20100708,-3.058
20100709,-3.067
20100710,-3.092
20100711,-2.654
20100712,-2.785
20100713,-2.779
20100714,-2.811
20100715,-2.798
20100716,-2.836
20100717,-2.853
20100718,-2.812
20100719,-2.844
20100720,-2.87
20100721,-2.897
20100722,-2.931
20100723,-2.949
20100724,-2.971
20100725,-2.968
20100726,-2.981
20100727,-2.996
20100728,-3.012
20100729,-3.008
20100730,-3.001
20100731,-3.001
20100801,-3.006
20100802,-3.007
20100803,-3.003
20100804,-2.998
20100805,-2.999
20100806,-2.996
20100807,-3.001
20100808,-2.996
20100809,-2.99
20100810,-2.984
20100811,-2.972
20100812,-2.929
20100813,-2.923
20100814,-2.936
20100815,-2.952
20100816,-2.954
20100817,-2.944
20100818,-2.921
20100819,-2.914
20100820,-2.913
20100821,-2.93
20100822,-2.931
20100823,-2.895
20100824,-2.935
20100825,-2.945
20100826,-2.932
20100827,-2.408
20100828,-2.367
20100829,-2.212
20100830,-1.94
20100831,-2.083
20100901,-2.165
20100902,-2.217
20100903,-2.248
20100904,-2.312
20100905,-2.357
20100906,-2.394
20100907,-2.444
20100908,-2.461
20100909,-2.499
20100910,-2.522
20100911,-2.45
20100912,-2.541
20100913,-2.549
20100914,-2.137
20100915,-1.964
20100916,-1.921
20100917,-1.957
20100918,-1.947
20100919,-2.059
20100920,-1.925
20100921,-1.993
20100922,-2.102
20100923,-2.187
20100924,-1.932
20100925,-1.91
20100926,-1.97
20100927,-1.946
20100928,-2.008
20100929,-2.119
20100930,-2.208
20101001,-2.226
20101002,-2.143
20101003,-2.113
20101004,-2.25
20101005,-2.327
20101006,-2.39
20101007,-2.417
20101008,-2.461
20101009,-2.504
20101010,-2.56
20101011,-2.607
20101012,-2.642
20101013,-2.656
20101014,-2.682
20101015,-2.678
20101016,-2.405
20101017,-2.483
20101018,-2.526
20101019,-2.256
20101020,-2.018
20101021,-1.887
20101022,-1.96
20101023,-2.022
20101024,-1.937
20101025,-2.023
20101026,-2.124
20101027,-2.037
20101028,-2.1
20101029,-2.109
20101030,-2.207
20101031,-2.264
20101101,-2.287
20101102,-2.322
20101103,-2.157
20101104,-2.088
20101105,-2.007
20101106,-1.908
20101107,-1.979
20101108,-2.008
20101109,-2.13
20101110,-2.231
20101111,-2.239
20101112,-1.915
20101113,-2.028
20101114,-1.895
20101115,-1.928
20101116,-1.984
20101117,-2.062
20101118,-2.139
20101119,-2.154
20101120,-2.227
20101121,-2.26
20101122,-2.308
20101123,-2.13
20101124,-2.17
20101125,-2.19
20101126,-2.298
20101127,-2.368
20101128,-2.408
20101129,-2.465
20101130,-2.489
20101201,-2.528
20101202,-2.602
20101203,-2.637
20101204,-2.628
20101205,-2.609
20101206,-2.488
20101207,-2.507
20101208,-2.574
20101209,-2.625
20101210,-2.327
20101211,-2.004
20101212,-1.996
20101213,-2.112
20101214,-2.16
20101215,-2.237
20101216,-2.151
20101217,-2.015
20101218,-2.194
20101219,-2.258
20101220,-2.361
20101221,-2.412
20101222,-2.459
20101223,-2.517
20101224,-2.538
20101225,-2.608
20101226,-2.614
20101227,-2.626
20101228,-2.634
20101229,-2.644
20101230,-2.671
20101231,-2.618
20110101,-2.367
20110102,-2.359
20110103,-2.389
20110104,-2.399
20110105,-2.419
20110106,-2.372
20110107,-2.227
20110108,-2.037
20110109,-2.074
20110110,-2.183
20110111,-2.223
20110112,-2.179
20110113,-2.001
20110114,-1.903
20110115,-1.878
20110116,-1.906
20110117,-1.977
20110118,-1.969
20110119,-2.058
20110120,-2.142
20110121,-2.216
20110122,-2.162
20110123,-2.226
20110124,-2.253
20110125,-2.148
20110126,-2.195
20110127,-2.309
20110128,-2.379
20110129,-2.429
20110130,-2.468
20110131,-2.469
20110201,-2.461
20110202,-2.402
20110203,-2.31
20110204,-2.278
20110205,-2.317
20110206,-2.384
20110207,-2.437
20110208,-2.527
20110209,-2.533
20110210,-2.545
20110211,-2.43
20110212,-2.482
20110213,-2.276
20110214,-2.341
20110215,-2.228
20110216,-2.223
20110217,-2.31
20110218,-2.401
20110219,-2.448
20110220,-2.52
20110221,-2.578
20110222,-2.62
20110223,-2.646
20110224,-2.659
20110225,-2.503
20110226,-2.42
20110227,-2.371
20110228,-2.267
20110301,-2.345
20110302,-2.403
20110303,-2.465
20110304,-2.505
20110305,-2.523
20110306,-2.575
20110307,-2.612
20110308,-2.614
20110309,-2.616
20110310,-2.61
20110311,-2.614
20110312,-2.627
20110313,-2.673
20110314,-2.7
20110315,-2.683
20110316,-2.681
20110317,-2.703
20110318,-2.729
20110319,-2.742
20110320,-2.735
20110321,-2.753
20110322,-2.766
20110323,-2.761
20110324,-2.756
20110325,-2.737
20110326,-2.767
20110327,-2.763
20110328,-2.794
20110329,-2.782
20110330,-2.786
20110331,-2.751
20110401,-2.781
20110402,-2.716
20110403,-2.759
20110404,-2.786
20110405,-2.76
20110406,-2.777
20110407,-2.804
20110408,-2.792
20110409,-2.812
20110410,-2.82
20110411,-2.799
20110412,-2.83
20110413,-2.813
20110414,-2.825
20110415,-2.833
20110416,-2.833
20110417,-2.842
20110418,-2.821
20110419,-2.833
20110420,-2.846
20110421,-2.848
20110422,-2.857
20110423,-2.867
20110424,-2.878
20110425,-2.883
20110426,-2.899
20110427,-2.897
20110428,-2.903
20110429,-2.908
20110430,-2.912
20110501,-2.929
20110502,-2.938
20110503,-2.951
20110504,-2.966
20110505,-2.957
20110506,-2.967
20110507,-2.977
20110508,-2.99
20110509,-3.018
20110510,-3.009
20110511,-3.016
20110512,-3.022
20110513,-3.032
20110514,-3.045
20110515,-3.057
20110516,-3.045
20110517,-3.031
20110518,-3.01
20110519,-3.022
20110520,-3.021
20110521,-3.042
20110522,-3.056
20110523,-3.048
20110524,-3.077
20110525,-3.069
20110526,-3.098
20110527,-3.101
20110528,-3.068
20110529,-3.021
20110530,-3.012
20110531,-3.051
20110601,-3.038
20110602,-3.022
20110603,-3.02
20110604,-3.01
20110605,-3.022
20110606,-3.0
20110607,-2.96
20110608,-2.948
20110609,-2.953
20110610,-2.946
20110611,-2.965
20110612,-2.958
20110613,-2.964
20110614,-2.978
20110615,-2.98
20110616,-2.98
20110617,-2.924
20110618,-2.927
20110619,-2.917
20110620,-2.845
20110621,-2.847
20110622,-2.859
20110623,-2.844
20110624,-2.823
20110625,-2.8
20110626,-2.801
20110627,-2.796
20110628,-2.821
20110629,-2.854
20110630,-2.83
20110701,-2.841
20110702,-2.841
20110703,-2.864
20110704,-2.861
20110705,-2.868
20110706,-2.888
20110707,-2.891
20110708,-2.91
20110709,-2.92
20110710,-2.915
20110711,-2.931
20110712,-2.936
20110713,-2.933
20110714,-2.81
20110715,-2.76
20110716,-2.703
20110717,-2.583
20110718,-2.529
20110719,-2.52
20110720,-2.599
20110916,-2.36
20110917,-2.392
20110918,-2.215
20110919,-2.309
20110920,-2.418
20110921,-2.435
20111012,-1.959
20111013,-2.017
20111014,-2.121
20111015,-2.204
20111016,-2.277
20111017,-2.306
20111018,-2.001
20111019,-2.103
20111020,-2.054
20111021,-2.104
20111022,-2.184
20111023,-2.286
20111024,-2.307
20111025,-2.389
20111026,-2.331
20111027,-2.391
20111028,-2.454
20111029,-2.458
20111030,-2.473
20111031,-2.507
20111101,-2.512
20111102,-2.425
20111103,-2.471
20111104,-2.556
20111105,-2.586
20111106,-2.62
20111107,-2.631
20111108,-2.643
20111116,-2.78
20111117,-2.791
20111118,-2.796
20111119,-2.801
20111120,-2.807
20111121,-2.807
20111122,-2.816
20111123,-2.815
20111124,-2.809
20111125,-2.794
20111126,-2.803
20111127,-2.779
20111128,-2.813
20111129,-2.789
20111130,-2.831
20111201,-2.784
20111202,-2.249
20111203,-2.186
20111204,-2.194
20111205,-2.036
20111206,-1.928
20111207,-1.91
20111208,-1.94
20111209,-1.923
20111210,-1.937
20111211,-1.994
20111212,-1.987
20111213,-1.885
20111214,-1.932
20111215,-1.944
20111216,-1.907
20111217,-1.92
20111218,-1.904
20111219,-1.922
20111220,-1.897
20111221,-1.915
20111222,-1.915
20111223,-1.935
20111224,-1.903
20111225,-1.908
20111226,-1.941
20111227,-2.011
20111228,-2.065
20111229,-2.162
20111230,-1.931
20111231,-1.918
20120101,-1.93
20120102,-1.897
20120103,-1.873
20120104,-1.901
20120105,-1.89
20120106,-1.918
20120107,-1.897
20120108,-1.911
20120109,-1.923
20120110,-1.972
20120111,-2.028
20120112,-2.064
20120113,-2.102
20120114,-2.188
20120115,-2.248
20120116,-2.323
20120117,-2.372
20120118,-2.381
20120119,-2.122
20120120,-2.115
20120121,-1.965
20120122,-2.029
20120123,-2.026
20120124,-2.036
20120125,-2.129
20120126,-2.178
20120127,-2.076
20120128,-2.194
20120129,-2.276
20120130,-2.342
20120131,-2.428
20120201,-2.5
20120202,-2.553
20120203,-2.591
20120204,-2.621
20120205,-2.633
20120206,-2.652
20120207,-2.683
20120208,-2.684
20120209,-2.677
20120210,-2.684
20120211,-2.693
20120212,-2.679
20120213,-2.647
20120214,-2.545
20120215,-2.409
20120216,-2.423
20120217,-2.357
20120218,-2.271
20120219,-2.15
20120220,-2.226
20120221,-2.12
20120222,-2.198
20120223,-2.125
20120224,-2.204
20120225,-2.276
20120226,-2.329
20120227,-2.342
20120228,-2.344
20120229,-2.379
20120301,-2.404
20120302,-2.435
20120303,-2.451
20120304,-2.467
20120305,-2.355
20120306,-2.462
20120307,-2.487
20120308,-2.256
20120309,-2.331
20120310,-2.344
20120311,-2.411
20120312,-2.46
20120313,-2.498
20120314,-2.524
20120315,-2.546
20120316,-2.578
20120317,-2.595
20120318,-2.619
20120319,-2.668
20120320,-2.683
20120321,-2.71
20120322,-2.723
20120323,-2.735
20120324,-2.756
20120325,-2.771
20120326,-2.782
20120327,-2.789
20120328,-2.784
20120329,-2.79
20120330,-2.808
20120331,-2.816
20120401,-2.825
20120402,-2.827
20120403,-2.831
20120404,-2.848
20120405,-2.851
20120406,-2.836
20120407,-2.856
20120408,-2.854
20120409,-2.825
20120410,-2.806
20120411,-2.802
20120412,-2.812
20120413,-2.802
20120414,-2.81
20120415,-2.842
20120416,-2.856
20120417,-2.811
20120418,-2.819
20120419,-2.836
20120420,-2.85
20120421,-2.849
20120422,-2.843
20120423,-2.829
20120424,-2.766
20120425,-2.587
20120426,-2.623
20120427,-2.682
20120428,-2.691
20120429,-2.613
20120430,-2.67
20120501,-2.705
20120502,-2.73
20120503,-2.744
20120504,-2.745
20120505,-2.78
20120506,-2.801
20120507,-2.821
20120508,-2.815
20120509,-2.781
20120510,-2.683
20120511,-2.632
20120512,-2.692
20120513,-2.705
20120514,-2.719
20120515,-2.739
20120516,-2.723
20120517,-2.705
20120518,-2.715
20120519,-2.752
20120520,-2.77
20120521,-2.793
20120522,-2.828
20120523,-2.855
20120524,-2.861
20120525,-2.874
20120526,-2.879
20120527,-2.894
20120528,-2.908
20120529,-2.911
20120530,-2.92
20120531,-2.909
20120601,-2.913
20120602,-2.913
20120603,-2.909
20120604,-2.917
20120605,-2.925
20120606,-2.905
20120607,-2.9
20120608,-2.909
20120609,-2.91
20120610,-2.911
20120611,-2.918
20120612,-2.617
20120613,-2.69
20120614,-2.735
20120615,-2.752
20120616,-2.752
20120617,-2.775
20120618,-2.785
20120619,-2.784
20120620,-2.811
20120621,-2.807
20120622,-2.781
20120623,-2.627
20120624,-2.588
20120625,-2.329
20120626,-2.41
20120627,-2.477
20120628,-2.517
20120629,-2.581
20120630,-2.626
20120701,-2.674
20120702,-2.696
20120703,-2.704
20120704,-2.739
20120705,-2.758
20120706,-2.555
20120707,-2.63
20120708,-2.664
20120709,-2.507
20120710,-2.554
20120711,-1.939
20120712,-1.985
20120713,-1.933
20120714,-1.935
20120715,-2.071
20120716,-1.974
20120717,-1.914
20120718,-1.899
20120719,-1.884
20120720,-1.935
20120721,-2.047
20120722,-2.2
20120723,-2.32
20120724,-2.409
20120725,-2.481
20120726,-2.551
20120727,-2.584
20120728,-2.615
20120729,-2.646
20120730,-2.145
20120731,-2.176
20120801,-2.262
20120802,-2.02
20120803,-2.142
20120804,-2.301
20120805,-2.28
20120806,-1.947
20120807,-1.909
20120808,-2.014
20120809,-2.161
20120810,-2.287
20120811,-2.38
20120812,-2.435
20120813,-2.513
20120814,-2.538
20120815,-2.59
20120816,-2.633
20120817,-2.665
20120818,-2.686
20120819,-2.708
20120820,-2.745
20120821,-2.743
20120822,-2.747
20120823,-2.764
20120824,-2.772
20120825,-2.754
20120826,-2.292
20120827,-2.322
20120828,-2.377
20120829,-2.458
20120830,-2.519
20120831,-2.016
20120901,-2.192
20120902,-2.299
20120903,-2.367
20120904,-2.423
20120905,-2.492
20120906,-2.551
20120907,-2.59
20120908,-2.629
20120909,-2.648
20120910,-2.675
20120911,-2.695
20120912,-2.72
20120913,-2.755
20120914,-2.737
20120915,-2.782
20120916,-2.779
20120917,-2.801
20120918,-2.8
20120919,-2.818
20120920,-2.821
20120921,-2.812
20120922,-2.729
20120923,-2.708
20120924,-2.645
20120925,-2.078
20120926,-2.216
20120927,-2.304
20120928,-2.346
20120929,-2.372
20120930,-2.428
20121001,-2.48
20121002,-2.43
20121003,-2.083
20121004,-1.963
20121005,-1.884
20121006,-1.883
20121007,-1.921
20121008,-1.983
20121009,-2.071
20121010,-2.163
20121011,-2.243
20121012,-1.921
20121013,-1.918
20121014,-1.901
20121015,-1.9
20121016,-1.901
20121017,-1.958
20121018,-1.916
20121019,-1.886
20121020,-1.91
20121021,-1.971
20121022,-2.045
20121023,-2.141
20121024,-2.176
20121025,-2.246
20121026,-2.321
20121027,-2.374
20121028,-2.33
20121029,-2.25
20121030,-1.913
20121031,-2.01
20121101,-2.089
20121102,-1.891
20121103,-2.05
20121104,-2.017
20121105,-1.904
20121106,-1.893
20121107,-1.895
20121108,-1.918
20121109,-1.999
20121110,-2.051
20121111,-2.09
20121112,-2.133
20121113,-2.229
20121114,-2.288
20121115,-2.344
20121116,-2.387
20121117,-2.424
20121118,-2.367
20121119,-2.448
20121120,-2.467
20121121,-2.497
20121122,-2.535
20121123,-2.554
20121124,-2.431
20121125,-2.298
20121126,-2.369
20121127,-2.439
20121128,-2.483
20121129,-2.511
20121130,-2.504
20121201,-2.345
20121202,-1.93
20121203,-2.138
20121204,-1.953
20121205,-2.039
20121206,-2.092
20121207,-2.168
20121208,-2.255
20121209,-1.894
20121210,-1.901
20121211,-1.97
20121212,-1.907
20121213,-1.915
20121214,-1.997
20121215,-1.898
20121216,-1.889
20121217,-1.899
20121218,-1.905
20121219,-1.936
20121220,-1.991
20121221,-1.894
20121222,-1.888
20121223,-1.88
20121224,-1.884
20121225,-1.874
20121226,-1.882
20121227,-1.88
20121228,-1.901
20121229,-1.904
20121230,-1.934
20121231,-2.003
20130101,-1.882
20130102,-1.893
20130103,-1.909
20130104,-1.994
20130105,-2.077
20130106,-2.138
20130107,-2.209
20130108,-2.22
20130109,-2.038
20130110,-1.996
20130111,-2.046
20130112,-2.14
20130113,-2.262
20130114,-2.333
20130115,-2.409
20130116,-2.469
20130117,-2.524
20130118,-2.55
20130119,-2.566
20130120,-2.611
20130121,-2.646
20130122,-2.668
20130123,-2.683
20130124,-2.703
20130125,-2.715
20130126,-2.708
20130127,-2.56
20130128,-2.303
20130129,-2.084
20130130,-1.885
20130131,-1.902
20130201,-1.937
20130202,-1.931
20130203,-2.01
20130204,-1.893
20130205,-1.907
20130206,-1.977
20130207,-2.04
20130208,-2.072
20130209,-2.121
20130210,-2.132
20130211,-2.224
20130212,-2.309
20130213,-2.339
20130214,-2.363
20130215,-2.388
20130216,-2.244
20130217,-2.324
20130218,-2.383
20130219,-2.4
20130220,-2.433
20130221,-2.475
20130222,-2.5194615384615386
20130223,-2.5484166666666668
20130224,-2.5699583333333336
20130225,-2.5121250000000006
20130226,-2.521291666666666
20130227,-2.5580833333333333
20130228,-2.5815416666666673
20130301,-2.6002499999999995
20130302,-2.617291666666667
20130303,-2.6320000000000006
20130304,-2.636041666666667
20130305,-2.6465833333333326
20130306,-2.663458333333333
20130307,-2.6795833333333334
20130308,-2.696541666666667
20130309,-2.6542499999999998
20130310,-2.42225
20130311,-2.466791666666667
20130312,-2.5222083333333334
20130313,-2.5606250000000004
20130314,-2.593875
20130315,-2.610875
20130316,-2.5542916666666664
20130317,-2.5354583333333327
20130318,-2.4713750000000005
20130319,-2.4230416666666676
20130320,-2.502791666666667
20130321,-2.5675416666666666
20130322,-2.605791666666667
20130323,-2.640583333333334
20130324,-2.6832500000000006
20130325,-2.711083333333334
20130326,-2.722041666666667
20130327,-2.7288333333333337
20130328,-2.7371666666666665
20130329,-2.7401249999999995
20130330,-2.7455
20130331,-2.7518750000000005
20130401,-2.7527500000000003
20130402,-2.7631250000000005
20130403,-2.772041666666667
20130404,-2.777458333333334
20130405,-2.7866250000000004
20130406,-2.800333333333333
20130407,-2.797083333333333
20130408,-2.786583333333333
20130409,-2.7899166666666666
20130410,-2.7768750000000004
20130411,-2.7275833333333335
20130412,-2.665208333333333
20130413,-2.5421666666666667
20130414,-2.490458333333333
20130415,-2.4970833333333333
20130416,-2.5078750000000003
20130417,-2.5274583333333336
20130418,-2.5360833333333326
20130419,-2.578583333333334
20130420,-2.595208333333334
20130421,-2.5792500000000005
20130422,-2.579916666666667
20130423,-2.594791666666666
20130424,-2.6015833333333336
20130425,-2.5977083333333337
20130426,-2.585291666666667
20130427,-2.586375
20130428,-2.5879583333333334
20130429,-2.588791666666667
20130430,-2.6015833333333327
20130501,-2.6052916666666666
20130502,-2.6236250000000005
20130503,-2.630458333333333
20130504,-2.636791666666667
20130505,-2.6564583333333327
20130506,-2.6630416666666656
20130507,-2.6609583333333333
20130508,-2.6559166666666663
20130509,-2.668249999999999
20130510,-2.674916666666667
20130511,-2.679
20130512,-2.660416666666667
20130513,-2.6374999999999997
20130514,-2.5732916666666665
20130515,-2.5496666666666665
20130516,-2.5730000000000004
20130517,-2.525375
20130518,-2.517791666666667
20130519,-2.527416666666667
20130520,-2.5349166666666663
20130521,-2.264875
20130522,-2.2088750000000004
20130523,-2.3016666666666667
20130524,-2.3700000000000006
20130525,-2.39275
20130526,-2.3133333333333335
20130527,-2.3914583333333335
20130528,-2.4605833333333336
20130529,-2.4979166666666672
20130530,-2.5417083333333332
20130531,-2.5888750000000003
20130601,-2.6327916666666664
20130602,-2.6748333333333334
20130603,-2.704875
20130604,-2.720416666666667
20130605,-2.7381249999999997
20130606,-2.759958333333334
20130607,-2.7758333333333334
20130608,-2.786750000000001
20130609,-2.7954583333333325
20130610,-2.8077916666666667
20130611,-2.820583333333333
20130612,-2.8281666666666663
20130613,-2.729833333333333
20130614,-2.749333333333333
20130615,-2.7585416666666673
20130616,-2.778333333333333
20130617,-2.800166666666667
20130618,-2.8162499999999997
20130619,-2.834166666666667
20130620,-2.836500000000001
20130621,-2.25425
20130622,-2.09475
20130623,-2.0500833333333333
20130624,-2.1254166666666667
20130625,-2.256958333333333
20130626,-2.3332916666666663
20130627,-2.40725
20130628,-2.3007500000000003
20130629,-2.2205416666666666
20130630,-2.3660833333333335
20130701,-2.445333333333333
20130702,-2.499166666666667
20130703,-2.526666666666666
20130704,-2.5715000000000003
20130705,-2.6212500000000003
20130706,-2.65825
20130707,-2.690166666666667
20130708,-2.713416666666666
20130709,-2.725583333333333
20130710,-2.7419583333333333
20130711,-2.761041666666667
20130712,-2.775583333333333
20130713,-2.7894583333333327
20130714,-2.7989999999999995
20130715,-2.808125
20130716,-2.8227083333333334
20130717,-2.838625
20130718,-2.8510000000000004
20130719,-2.8596249999999994
20130720,-2.8696250000000005
20130721,-2.8765
20130722,-2.885708333333333
20130723,-2.895166666666667
20130724,-2.904208333333333
20130725,-2.910833333333333
20130726,-2.915166666666666
20130727,-2.914583333333333
20130728,-2.8919583333333336
20130729,-2.9055833333333325
20130730,-2.912666666666667
20130731,-2.8764583333333325
20130801,-2.869666666666666
20130802,-2.8802916666666665
20130803,-2.908041666666666
20130804,-2.925458333333333
20130805,-2.9310416666666668
20130806,-2.936375
20130807,-2.9435416666666665
20130808,-2.92275
20130809,-2.9198749999999998
20130810,-2.922833333333333
20130811,-2.9278333333333335
20130812,-2.934416666666667
20130813,-2.9451666666666667
20130814,-2.9496249999999997
20130815,-2.9480000000000004
20130816,-2.951708333333334
20130817,-2.956791666666667
20130818,-2.9595416666666665
20130819,-2.943583333333333
20130820,-2.9277916666666663
20130821,-2.9293333333333336
20130822,-2.938916666666666
20130823,-2.949125
20130824,-2.963208333333334
20130825,-2.977958333333333
20130826,-2.989333333333334
20130827,-2.9843750000000004
20130828,-2.9832916666666667
20130829,-2.983166666666666
20130830,-2.9914166666666664
20130831,-3.001416666666667
20130901,-3.0068333333333332
20130902,-3.0092916666666674
20130903,-3.0160416666666667
20130904,-3.0205
20130905,-3.0230416666666673
20130906,-3.029499999999999
20130907,-3.033958333333333
20130908,-2.7933750000000006
20130909,-2.759166666666667
20130910,-2.764208333333333
20130911,-2.77975
20130912,-2.7662083333333336
20130913,-2.7735833333333324
20130914,-2.720333333333333
20130915,-2.6499583333333327
20130916,-2.653166666666666
20130917,-2.5361249999999997
20130918,-2.4791666666666665
20130919,-2.4518333333333335
20130920,-2.4372083333333343
20130921,-2.509791666666666
20130922,-2.577458333333333
20130923,-2.626833333333333
20130924,-2.6516249999999997
20130925,-2.67825
20130926,-2.7144999999999997
20130927,-2.7344166666666663
20130928,-2.750916666666667
20130929,-2.7691250000000003
20130930,-2.7883333333333336
20131001,-2.808291666666667
20131002,-2.8223333333333342
20131003,-2.8316249999999994
20131004,-2.830791666666667
20131005,-2.8216250000000005
20131006,-2.8234166666666667
20131007,-2.8435000000000006
20131008,-2.8507499999999992
20131009,-2.842166666666667
20131010,-2.850375
20131011,-2.872125
20131012,-2.8500416666666673
20131013,-2.785625
20131014,-2.732708333333333
20131015,-2.6398333333333337
20131016,-2.622291666666667
20131017,-2.638833333333333
20131018,-2.676458333333333
20131019,-2.6786666666666665
20131020,-2.601875
20131021,-2.599166666666666
20131022,-2.6254166666666663
20131023,-2.6436249999999997
20131024,-2.685208333333333
20131025,-2.6946250000000003
20131026,-2.708375
20131027,-2.7007499999999998
20131028,-2.5204166666666663
20131029,-2.3742916666666667
20131030,-2.2679999999999993
20131031,-2.339208333333333
20131101,-2.298625
20131102,-2.237291666666667
20131103,-2.2925416666666663
20131104,-2.1442916666666663
20131105,-2.100875
20131106,-2.0234583333333327
20131107,-1.9796666666666665
20131108,-2.053958333333333
20131109,-1.969666666666667
20131110,-1.9106249999999998
20131111,-1.9512916666666669
20131112,-1.9554583333333329
20131113,-1.9846666666666668
20131114,-2.019083333333333
20131115,-2.0392083333333333
20131116,-2.110375000000001
20131117,-2.144041666666667
20131118,-2.1294583333333335
20131119,-2.111916666666666
20131120,-2.1599166666666663
20131121,-2.213416666666667
20131122,-2.2672083333333335
20131123,-2.303291666666667
20131124,-2.3344166666666664
20131125,-2.298125
20131126,-2.307916666666667
20131127,-2.3493333333333335
20131128,-2.361875
20131129,-2.2662499999999994
20131130,-2.0361249999999997
20131201,-2.1282083333333333
20131202,-2.2079999999999997
20131203,-2.2633750000000004
20131204,-2.246458333333333
20131205,-2.150833333333334
20131206,-2.0123333333333338
20131207,-2.0390833333333327
20131208,-2.092833333333334
20131209,-2.082826086956522
20131210,-2.1610833333333335
20131211,-2.224083333333333
20131212,-2.2679166666666664
20131213,-2.309875
20131214,-2.1936249999999995
20131215,-2.1368750000000003
20131216,-2.219416666666666
20131217,-2.179458333333333
20131218,-2.1850833333333335
20131219,-2.085
20131220,-2.134791666666666
20131221,-2.0309166666666667
20131222,-1.9194166666666668
20131223,-1.9158333333333337
20131224,-1.8969166666666666
20131225,-1.9104999999999999
20131226,-1.929833333333333
20131227,-1.906541666666666
20131228,-1.9239166666666667
20131229,-1.9379583333333334
20131230,-1.9426666666666665
20131231,-1.9644166666666665
20140101,-1.9670416666666666
20140102,-1.9807499999999998
20140103,-1.988958333333333
20140104,-1.9586250000000003
20140105,-1.9794583333333333
20140106,-1.952
20140107,-1.9032916666666673
20140108,-1.9063749999999995
20140109,-1.8959583333333334
20140110,-1.9089166666666664
20140111,-1.907874999999999
20140112,-1.918833333333333
20140113,-1.9187083333333328
20140114,-1.9337083333333327
20140115,-1.9303749999999997
20140116,-1.899333333333333
20140117,-1.9064583333333331
20140118,-1.9127083333333335
20140119,-1.9344999999999997
20140120,-1.9636249999999997
20140121,-1.9391666666666663
20140122,-1.9405833333333329
20140123,-1.9695416666666672
20140124,-1.9946666666666673
20140125,-2.03775
20140126,-1.8942500000000002
20140127,-1.8882083333333328
20140128,-1.911416666666666
20140129,-1.942916666666667
20140130,-2.009625
20140131,-2.060333333333333
20140201,-1.9506249999999998
20140202,-1.9781666666666669
20140203,-2.052291666666667
20140204,-2.1086666666666667
20140205,-2.153916666666666
20140206,-2.1863750000000004
20140207,-1.9369583333333331
20140208,-1.8995000000000006
20140209,-1.8977916666666665
20140210,-1.9154583333333335
20140211,-1.9391249999999998
20140212,-1.9389583333333338
20140213,-1.9823750000000002
20140214,-2.017041666666666
20140215,-1.966125
20140216,-2.0347916666666674
20140217,-2.1263333333333336
20140218,-2.1740833333333334
20140219,-2.206791666666667
20140220,-2.2054999999999993
20140221,-2.060208333333333
20140222,-2.1511249999999995
20140223,-2.2552499999999993
20140224,-2.3207083333333336
20140225,-2.369083333333333
20140226,-2.3899999999999997
20140227,-2.3807500000000004
20140228,-2.3437916666666667
20140301,-2.4203333333333332
20140302,-2.446
20140303,-2.4755833333333337
20140304,-2.508666666666667
20140305,-2.545958333333333
20140306,-2.5669583333333335
20140307,-2.587791666666666
20140308,-2.6178749999999997
20140309,-2.63425
20140310,-2.671
20140311,-2.692666666666667
20140312,-2.702166666666667
20140313,-2.712333333333333
20140314,-2.711625
20140315,-2.7225416666666664
20140316,-2.7256666666666667
20140317,-2.7413333333333334
20140318,-2.73625
20140319,-2.623041666666667
20140320,-2.6067916666666666
20140321,-2.40425
20140322,-2.272791666666666
20140323,-2.3638333333333335
20140324,-2.4244583333333334
20140325,-2.4795416666666665
20140326,-2.4781249999999995
20140327,-2.5093333333333336
20140328,-2.5714166666666665
20140329,-2.616333333333334
20140330,-2.6505
20140331,-2.68
20140401,-2.6984166666666667
20140402,-2.719625
20140403,-2.7384166666666663
20140404,-2.7590000000000003
20140405,-2.767208333333334
20140406,-2.7693750000000006
20140407,-2.757541666666666
20140408,-2.624
20140409,-2.513416666666666
20140410,-2.541
20140411,-2.598
20140412,-2.6444999999999994
20140413,-2.6867083333333337
20140414,-2.7206666666666663
20140415,-2.7437083333333336
20140416,-2.7582500000000003
20140417,-2.7592916666666674
20140418,-2.782208333333333
20140419,-2.7972499999999996
20140420,-2.7985416666666665
20140421,-2.8074166666666662
20140422,-2.8194166666666667
20140423,-2.8288333333333333
20140424,-2.8096250000000005
20140425,-2.7893333333333334
20140426,-2.787083333333333
20140427,-2.7909583333333337
20140428,-2.796666666666667
20140429,-2.784166666666667
20140430,-2.7680416666666665
20140501,-2.766125
20140502,-2.7728333333333333
20140503,-2.788083333333333
20140504,-2.7964583333333333
20140505,-2.801458333333333
20140506,-2.8072916666666665
20140507,-2.825583333333334
20140508,-2.8260000000000005
20140509,-2.8064999999999993
20140510,-2.7413333333333334
20140511,-2.611208333333334
20140512,-2.4523333333333333
20140513,-2.4812083333333335
20140514,-2.568125
20140515,-2.627208333333334
20140516,-2.665833333333333
20140517,-2.696666666666667
20140518,-2.7213333333333334
20140519,-2.7453333333333334
20140520,-2.7864166666666663
20140521,-2.8095416666666666
20140522,-2.8184583333333335
20140523,-2.832875000000001
20140524,-2.836125000000001
20140525,-2.850916666666666
20140526,-2.816875
20140527,-2.1425416666666663
20140528,-1.9959166666666663
20140529,-1.9481666666666666
20140530,-2.082416666666667
20140531,-2.2300416666666663
20140601,-2.3448333333333338
20140602,-2.423458333333333
20140603,-2.4784166666666665
20140604,-2.4837916666666664
20140605,-2.0785
20140606,-2.017
20140607,-2.1757916666666666
20140608,-2.29875
20140609,-2.3918749999999998
20140610,-2.465291666666666
20140611,-2.5243333333333333
20140612,-2.5511666666666666
20140613,-2.575458333333333
20140614,-2.6250416666666667
20140615,-2.6642500000000005
20140616,-2.6867083333333337
20140617,-2.7150833333333337
20140618,-2.72925
20140619,-2.7358749999999996
20140620,-2.7446249999999996
20140621,-2.7584583333333335
20140622,-2.7731250000000003
20140623,-2.787166666666666
20140624,-2.7923333333333336
20140625,-2.801166666666667
20140626,-2.8080833333333337
20140627,-2.800916666666667
20140628,-2.734625
20140629,-2.7226250000000003
20140630,-2.723916666666667
20140701,-2.723291666666666
20140702,-2.7487083333333335
20140703,-2.7688749999999995
20140704,-2.785375
20140705,-2.8040416666666665
20140706,-2.8243333333333336
20140707,-2.836375
20140708,-2.819333333333334
20140709,-2.8132083333333338
20140710,-2.829083333333333
20140711,-2.8413749999999993
20140712,-2.8484166666666666
20140713,-2.8494999999999995
20140714,-2.8672916666666666
20140715,-2.8743749999999992
20140716,-2.8837499999999996
20140717,-2.8938749999999995
20140718,-2.9010416666666665
20140719,-2.903666666666666
20140720,-2.9189166666666666
20140721,-2.9179166666666663
20140722,-2.9215416666666663
20140723,-2.9363333333333337
20140724,-2.9457500000000008
20140725,-2.9444583333333334
20140726,-2.935625
20140727,-2.9464583333333336
20140728,-2.9304583333333336
20140729,-2.936458333333333
20140730,-2.9503333333333335
20140731,-2.957875
20140801,-2.967333333333333
20140802,-2.975291666666667
20140803,-2.9874999999999994
20140804,-2.9989166666666667
20140805,-3.006833333333333
20140806,-3.0112083333333337
20140807,-3.0212083333333335
20140808,-3.0312500000000004
20140809,-2.9720833333333334
20140810,-2.963749999999999
20140811,-2.824833333333333
20140812,-2.436666666666666
20140813,-2.408583333333333
20140814,-2.516833333333334
20140815,-2.59625
20140816,-2.658208333333333
20140817,-2.638666666666666
20140818,-2.463
20140819,-2.4172083333333334
20140820,-2.3492916666666663
20140821,-2.4313749999999996
20140822,-2.397791666666667
20140823,-2.3075
20140824,-2.3958749999999998
20140825,-2.4432916666666666
20140826,-2.507791666666667
20140827,-2.5805416666666665
20140828,-2.625833333333334
20140829,-2.666541666666666
20140830,-2.689125
20140831,-2.3230416666666667
20140901,-2.155208333333334
20140902,-2.2284166666666665
20140903,-2.285416666666667
20140904,-2.3424166666666664
20140905,-2.3871249999999997
20140906,-2.4132916666666664
20140907,-2.4417500000000003
20140908,-2.477791666666666
20140909,-2.5090833333333338
20140910,-2.5240000000000005
20140911,-2.5402083333333327
20140912,-2.5536666666666665
20140913,-2.577666666666667
20140914,-2.5899583333333336
20140915,-2.6009583333333333
20140916,-2.6096666666666666
20140917,-2.6212083333333336
20140918,-2.6353750000000002
20140919,-2.651458333333333
20140920,-2.6607499999999997
20140921,-2.6539166666666674
20140922,-2.6517916666666665
20140923,-2.6554583333333333
20140924,-2.5845
20140925,-2.454958333333334
20140926,-2.4793749999999997
20140927,-2.513875
20140928,-2.543041666666667
20140929,-2.5815
20140930,-2.6516249999999997
20141001,-2.676083333333333
20141002,-2.65375
20141003,-2.650874999999999
20141004,-2.669791666666667
20141005,-2.708125000000001
20141006,-2.6939583333333332
20141007,-2.6177083333333333
20141008,-2.5127916666666668
20141009,-2.4679583333333333
20141010,-2.531375
20141011,-2.559375
20141012,-2.493791666666666
20141013,-2.4698750000000005
20141014,-2.475708333333334
20141015,-2.455833333333334
20141016,-2.4614583333333337
20141017,-2.4234999999999998
20141018,-2.4697916666666666
20141019,-2.4919583333333333
20141020,-2.4852083333333326
20141021,-2.380333333333333
20141022,-2.16375
20141023,-2.2204166666666674
20141024,-2.234083333333333
20141025,-2.2005
20141026,-2.2803750000000003
20141027,-2.33425
20141028,-2.370458333333334
20141029,-2.3786250000000004
20141030,-2.3985416666666657
20141031,-2.4179166666666663
20141101,-2.436083333333334
20141102,-2.45325
20141103,-2.265916666666667
20141104,-2.1926249999999996
20141105,-2.2862500000000003
20141106,-2.3406250000000006
20141107,-2.3716250000000003
20141108,-2.4142916666666667
20141109,-2.4466666666666668
20141110,-2.42425
20141111,-2.4579166666666667
20141112,-2.4602500000000003
20141113,-2.49225
20141114,-2.501583333333334
20141115,-2.4752500000000004
20141116,-2.219208333333333
20141117,-2.0496666666666674
20141118,-2.147041666666666
20141119,-2.2227083333333333
20141120,-2.277125
20141121,-2.3173333333333335
20141122,-2.341708333333333
20141123,-2.3666666666666667
20141124,-2.2442500000000005
20141125,-2.3136250000000005
20141126,-2.3569166666666663
20141127,-2.3857916666666665
20141128,-2.3954166666666663
20141129,-2.444625
20141130,-2.4742499999999996
20141201,-2.504291666666667
20141202,-2.5250000000000004
20150826,-2.6024000000000003
20150827,-2.379125
20150828,-2.1653749999999996
20150829,-2.2415000000000003
20150830,-2.309625
20150831,-2.260625
20150901,-2.04575
20150902,-2.0581250000000004
20150903,-2.0860000000000003
20150904,-2.037125
20150905,-1.985125
20150906,-2.002375
20150907,-2.019125
20150908,-2.0349999999999997
20150909,-2.10275
20150910,-2.1902500000000003
20150911,-2.238875
20150912,-2.284625
20150913,-2.2932499999999996
20150914,-2.331875
20150915,-2.34225
20150916,-2.188625
20150917,-2.234375
20150918,-2.14225
20150919,-2.268375
20150920,-2.32325
20150921,-2.3406249999999997
20150922,-2.326625
20150923,-2.451
20150924,-2.499625
20150925,-2.3
20150926,-2.3473749999999995
20150927,-2.4495
20150928,-2.505125
20150929,-2.5315
20150930,-2.5615
20151001,-2.58275
20151002,-2.5793749999999998
20151003,-2.584125
20151004,-2.662625
20151005,-2.63975
20151006,-2.621125
20151007,-2.510125
20151008,-2.4125
20151009,-2.3777500000000003
20151010,-2.424375
20151011,-2.508625
20151012,-2.59225
20151013,-2.6717500000000003
20151014,-2.6965
20151015,-2.6285
20151016,-2.4775
20151017,-2.3128749999999996
20151018,-2.322125
20151019,-2.306625
20151020,-2.3855
20151021,-2.3906250000000004
20151022,-2.429875
20151023,-2.451625
20151024,-2.460125
20151025,-2.60025
20151026,-2.5591250000000003
20151027,-2.597125
20151028,-2.621625
20151029,-2.7136249999999995
20151030,-2.7255000000000003
20151031,-2.707625
20151101,-2.739625
20151102,-2.6973749999999996
20151103,-2.679625
20151104,-2.7036249999999997
20151105,-2.7273749999999994
20151106,-2.6119999999999997
20151107,-2.350375
20151108,-2.288125
20151109,-2.3003750000000003
20151110,-2.2988750000000002
20151111,-2.278875
20151112,-2.366125
20151113,-2.4002499999999998
20151114,-2.280125
20151115,-2.030125
20151116,-1.9429999999999998
20151117,-1.9025
20151118,-1.9727499999999998
20151119,-1.94925
20151120,-1.8927500000000002
20151121,-1.968
20151122,-2.009125
20151123,-2.00025
20151124,-1.8936250000000001
20151125,-1.94325
20151126,-2.012125
20151127,-1.9124999999999999
20151128,-1.96125
20151129,-1.910625
20151130,-1.966125
20151201,-2.0002500000000003
20151202,-1.9532500000000002
20151203,-1.9571249999999998
20151204,-2.02475
20151205,-1.983875
20151206,-2.1456250000000003
20151207,-2.2670000000000003
20151208,-2.22425
20151209,-2.2238749999999996
20151210,-2.189125
20151211,-2.22025
20151212,-2.195875
20151213,-2.06625
20151214,-1.9364999999999999
20151215,-2.0281249999999997
20151216,-2.039
20151217,-1.9887499999999998
20151218,-2.075
20151219,-2.112
20151220,-2.188375
20151221,-2.265375
20151222,-2.2025
20151223,-2.1359999999999997
20151224,-2.127125
20151225,-2.2867499999999996
20151226,-2.231125
20151227,-2.3571249999999995
20151228,-2.2906250000000004
20151229,-2.365125
20151230,-2.35875
20151231,-2.4379999999999997
20160101,-2.4773750000000003
20160102,-2.429625
20160103,-2.362625
20160104,-2.31675
20160105,-2.3918749999999998
20160106,-2.440875
20160107,-2.42825
20160108,-2.148625
20160109,-1.970125
20160110,-2.021875
20160111,-2.11
20160112,-2.175125
20160113,-2.064375
20160114,-1.8652499999999999
20160115,-2.019
20160116,-1.9862499999999998
20160117,-1.97725
20160118,-2.000375
20160119,-2.15725
20160120,-2.277
20160121,-2.1706250000000002
20160122,-2.222125
20160123,-2.177875
20160124,-2.018625
20160125,-2.060125
20160126,-2.138
20160127,-2.083375
20160128,-2.0682499999999995
20160129,-2.035875
20160130,-1.9977500000000001
20160131,-1.932
20160201,-1.969875
20160202,-1.993625
20160203,-2.17775
20160204,-2.24125
20160205,-2.1631250000000004
20160206,-2.1449999999999996
20160207,-2.25675
20160208,-2.242375
20160209,-2.14825
20160210,-2.028625
20160211,-1.989
20160212,-1.9676250000000002
20160213,-2.0155
20160214,-2.1782500000000002
20160215,-2.109625
20160216,-2.0961250000000002
20160217,-2.061875
20160218,-2.234375
20160219,-2.256125
20160220,-2.191875
20160221,-2.1281250000000003
20160222,-2.0025
20160223,-2.056125
20160224,-2.10025
20160225,-2.1872499999999997
20160226,-2.2645
20160227,-2.35425
20160228,-2.4525
20160229,-2.474
20160301,-2.39125
20160302,-2.204125
20160303,-2.0576250000000003
20160304,-1.9056250000000001
20160305,-1.9493749999999999
20160306,-2.006625
20160307,-2.06725
20160308,-2.1511249999999995
20160309,-2.1915
20160310,-2.40625
20160311,-2.43825
20160312,-2.4709999999999996
20160313,-2.528375
20160314,-2.5275
20160315,-2.561875
20160316,-2.6195
20160317,-2.6109999999999998
20160318,-2.630375
20160319,-2.679875
20160320,-2.676
20160321,-2.664125
20160322,-2.649875
20160323,-2.68875
20160324,-2.6725000000000003
20160325,-2.697625
20160326,-2.4345
20160327,-2.48825
20160328,-2.37825
20160329,-2.5617499999999995
20160330,-2.5081249999999997
20160331,-2.4050000000000002
20160401,-2.4983750000000002
20160402,-2.52875
20160403,-2.583875
20160404,-2.642375
20160405,-2.273875
20160406,-2.192
20160407,-2.192125
20160408,-2.19475
20160409,-2.200375
20160410,-2.39025
20160411,-2.43325
20160412,-2.5127499999999996
20160413,-2.399625
20160414,-2.331875
20160415,-2.37825
20160416,-2.3705
20160417,-2.4687500000000004
20160418,-2.4675
20160419,-2.58825
20160420,-2.6233750000000002
20160421,-2.6281250000000003
20160422,-2.679625
20160423,-2.70825
20160424,-2.7371250000000003
20160425,-2.6736249999999995
20160426,-2.192875
20160427,-2.159625
20160428,-2.147
20160429,-2.093375
20160430,-2.1479999999999997
20160501,-2.2823749999999996
20160502,-2.330125
20160503,-2.4547499999999998
20160504,-2.48475
20160505,-2.5197499999999997
20160506,-2.5640000000000005
20160507,-2.66825
20160508,-2.7387500000000005
20160509,-2.756125
20160510,-2.747875
20160511,-2.7668749999999998
20160512,-2.7908749999999998
20160513,-2.8505
20160514,-2.863
20160515,-2.865875000000001
20160516,-2.847875
20160517,-2.826
20160518,-2.8105
20160519,-2.8943749999999997
20160520,-2.8842499999999998
20160521,-2.8401250000000005
20160522,-2.855
20160523,-2.9145
20160524,-2.8256249999999996
20160525,-2.780625
20160526,-2.7875
20160527,-2.7855
20160528,-2.7790000000000004
20160529,-2.795125
20160530,-2.806
20160531,-2.87825
20160601,-2.8720000000000003
20160602,-2.8741250000000003
20160603,-2.87575
20160604,-2.7043749999999998
20160605,-2.7864999999999998
20160606,-2.8080000000000003
20160607,-2.837625
20160608,-2.865875
20160609,-2.868
20160610,-2.87425
20160611,-2.9018749999999995
20160612,-2.8893750000000002
20160613,-2.794875
20160614,-2.63775
20160615,-2.530625
20160616,-2.345875
20160617,-2.446125
20160618,-2.3559999999999994
20160619,-2.38725
20160620,-2.4003750000000004
20160621,-2.1375
20160622,-2.14475
20160623,-2.175
20160624,-2.18875
20160625,-2.29625
20160626,-2.3480000000000003
20160627,-2.402
20160628,-2.31225
20160629,-2.0875
20160630,-2.05725
20160701,-1.93425
20160702,-1.9575
20160703,-1.9840000000000002
20160704,-2.0538749999999997
20160705,-2.185125
20160706,-2.3128749999999996
20160707,-2.3800000000000003
20160708,-2.46075
20160709,-2.401125
20160710,-2.385875
20160711,-2.521625
20160712,-2.597625
20160713,-2.64475
20160714,-2.6799999999999997
20160715,-2.6838749999999996
20160716,-2.675
20160717,-2.68325
20160718,-2.7022500000000003
20160719,-2.71425
20160720,-2.7506
20160721,-2.771875
20160722,-2.78575
20160723,-2.7998750000000006
20160724,-2.8045
20160725,-2.79675
20160726,-2.777
20160727,-2.760375
20160728,-2.7521250000000004
20160729,-2.705375
20160730,-2.6663750000000004
20160731,-2.56825
20160801,-2.459625
20160802,-2.4801249999999997
20160803,-2.473875
20160804,-2.47625
20160805,-2.552625
20160806,-2.6188749999999996
20160807,-2.658625
20160808,-2.6984999999999997
20160809,-2.727125
20160810,-2.6893749999999996
20160811,-2.5607499999999996
20160812,-2.2722499999999997
20160813,-2.3741250000000003
20160814,-2.477875
20160815,-2.56175
20160816,-2.622875
20160817,-2.668125
20160818,-2.705875
20160819,-2.7265
20160820,-2.73625
20160821,-2.7525
20160822,-2.75725
20160823,-2.73
20160824,-2.721
20160825,-2.73875
20160826,-2.76925
20160827,-2.78075
20160828,-2.754375
20160829,-2.7665
20160830,-2.778625
20160831,-2.7831249999999996
20160901,-2.8042500000000006
20160902,-2.8048749999999996
20160903,-2.81075
20160904,-2.78225
20160905,-2.77125
20160906,-2.7640000000000002
20160907,-2.761125
20160908,-2.769125
20160909,-2.800375
20160910,-2.80925
20160911,-2.8298749999999995
20160912,-2.83675
20160913,-2.8480000000000003
20160914,-2.864625
20160915,-2.869
20160916,-2.8735
20160917,-2.88675
20160918,-2.892
20160919,-2.896875
20160920,-2.89925
20160921,-2.907
20160922,-2.9095
20160923,-2.918375
20160924,-2.916875
20160925,-2.9215
20160926,-2.93375
20160927,-2.9348750000000003
20160928,-2.9365
20160929,-2.9135
20160930,-2.892125
20161001,-2.8875
20161002,-2.86725
20161003,-2.8907499999999997
20161004,-2.890375
20161005,-2.88425
20161006,-2.86875
20161007,-2.869
20161008,-2.8781250000000003
20161009,-2.880625
20161010,-2.88325
20161011,-2.88925
20161012,-2.89225
20161013,-2.889
20161014,-2.887875
20161015,-2.8917499999999996
20161016,-2.8993750000000005
20161017,-2.8994999999999997
20161018,-2.872625
20161019,-2.8236250000000003
20161020,-2.798875
20161021,-2.767625
20161022,-2.721375
20161023,-2.70675
20161024,-2.716375
20161025,-2.7368750000000004
20161026,-2.7485
20161027,-2.7607499999999994
20161028,-2.7717499999999995
20161029,-2.7813749999999997
20161030,-2.78375
20161031,-2.78675
20161101,-2.7835
20161102,-2.785
20161103,-2.767625
20161104,-2.72925
20161105,-2.686
20161106,-2.6386249999999998
20161107,-2.629875
20161108,-2.6373749999999996
20161109,-2.6552499999999997
20161110,-2.6825
20161111,-2.711125
20161112,-2.710625
20161113,-2.7262500000000003
20161114,-2.7249999999999996
20161115,-2.6670000000000003
20161116,-2.576375
20161117,-2.5429999999999997
20161118,-2.4855
20161119,-2.501125
20161120,-2.4333750000000003
20161121,-2.3561249999999996
20161122,-2.4145
20161123,-2.4979999999999993
20161124,-2.548875
20161125,-2.5793749999999998
20161126,-2.60075
20161127,-2.62875
20161128,-2.657375
20161129,-2.67
20161130,-2.6744999999999997
20161201,-2.675
20161202,-2.68125
20161203,-2.678875
20161204,-2.6897499999999996
20161205,-2.6952499999999997
20161206,-2.70225
20161207,-2.705375
20161208,-2.6933749999999996
20161209,-2.6553750000000003
20161210,-2.61875
20161211,-2.210625
20161212,-2.29225
20161213,-2.315875
20161214,-2.32625
20161215,-2.379875
20161216,-2.4222500000000005
20161217,-2.456375
20161218,-2.477875
20161219,-2.500375
20161220,-2.52125
20161221,-2.5305
20161222,-2.4383749999999997
20161223,-2.4702499999999996
20161224,-2.4482500000000003
20161225,-2.485375
20161226,-2.520625
20161227,-2.552375
20161228,-2.566875
20161229,-2.577875
20161230,-2.59375
20161231,-2.597375
20170101,-2.59775
20170102,-2.5821250000000004
20170103,-2.545
20170104,-2.514
20170105,-2.5155000000000003
20170106,-2.5643749999999996
20170107,-2.5809999999999995
20170108,-2.5048749999999997
20170109,-2.442875
20170110,-2.28125
20170111,-2.235875
20170112,-2.262125
20170113,-1.997
20170114,-1.9627500000000002
20170115,-2.02125
20170116,-2.109375
20170117,-2.21
20170118,-2.276125
20170119,-2.318875
20170120,-2.3728750000000005
20170121,-2.32775
20170122,-2.386
20170123,-2.435375
20170124,-2.4153749999999996
20170125,-2.414875
20170126,-2.4615
20170127,-2.493625
20170128,-2.506625
20170129,-2.474625
20170130,-2.297875
20170131,-2.268875
20170201,-2.333375
20170202,-2.331625
20170203,-2.35
20170204,-2.371125
20170205,-2.1862500000000002
20170206,-2.25975
20170207,-2.3255
20170208,-2.38525
20170209,-2.42525
20170210,-2.4642500000000003
20170211,-2.4860000000000007
20170212,-2.504875
20170213,-2.524
20170214,-2.5351250000000003
20170215,-2.5455
20170216,-2.5355000000000003
20170217,-2.5282500000000003
20170218,-2.5355
20170219,-2.5372500000000002
20170220,-2.497125
20170221,-2.457
20170222,-2.345125
20170223,-2.0592500000000005
20170224,-1.975375
20170225,-2.00425
20170226,-1.916375
20170227,-1.9295
20170228,-1.904875
20170301,-1.9347500000000002
20170302,-1.906625
20170303,-1.9202500000000002
20170304,-1.94425
20170305,-1.8987500000000002
20170306,-1.9315
20170307,-1.977625
20170308,-1.9560000000000002
20170309,-1.9501249999999999
20170310,-2.03125
20170311,-2.0974999999999997
20170312,-2.1591249999999995
20170313,-2.231625
20170314,-2.2848749999999995
20170315,-2.3332500000000005
20170316,-2.36825
20170317,-2.38675
20170318,-2.071
20170319,-2.0195
20170320,-1.95275
20170321,-1.94825
20170322,-2.0698749999999997
20170323,-2.17925
20170324,-2.269625
20170325,-2.336375
20170326,-2.384
20170327,-2.4205
20170328,-2.4530000000000003
20170329,-2.4752500000000004
20170330,-2.4875000000000003
20170331,-2.5126249999999994
20170401,-2.5276250000000005
20170402,-2.527625
20170403,-2.567125
20170404,-2.5885000000000002
20170405,-2.6119999999999997
20170406,-2.6304999999999996
20170407,-2.6395
20170408,-2.6516249999999997
20170409,-2.6542499999999998
20170410,-2.6698749999999998
20170411,-2.679125
20170412,-2.6682500000000005
20170413,-2.6510000000000002
20170414,-2.64375
20170415,-2.6374999999999997
20170416,-2.6342499999999998
20170417,-2.64025
20170418,-2.6585
20170419,-2.6701250000000005
20170420,-2.66675
20170421,-2.6646249999999996
20170422,-2.681
20170423,-2.6896250000000004
20170424,-2.676625
20170425,-2.6702500000000002
20170426,-2.663875
20170427,-2.66075
20170428,-2.6693750000000005
20170429,-2.6854999999999998
20170430,-2.683125
20170501,-2.7003749999999997
20170502,-2.718875
20170503,-2.7266250000000003
20170504,-2.733625
20170505,-2.732
20170506,-2.7308749999999997
20170507,-2.7483750000000002
20170508,-2.758375
20170509,-2.756375
20170510,-2.748875
20170511,-2.7527500000000003
20170512,-2.757375
20170513,-2.7143750000000004
20170514,-2.7369999999999997
20170515,-2.7525000000000004
20170516,-2.7583749999999996
20170517,-2.759625
20170518,-2.7698749999999994
20170519,-2.7701249999999997
20170520,-2.7865
20170521,-2.7995
20170522,-2.80275
20170523,-2.816375
20170524,-2.826125
20170525,-2.83425
20170526,-2.841625
20170527,-2.8505000000000003
20170528,-2.8669999999999995
20170529,-2.872125
20170530,-2.8747500000000006
20170531,-2.88725
20170601,-2.8966250000000002
20170602,-2.9078749999999998
20170603,-2.917125
20170604,-2.924625
20170605,-2.932875
20170606,-2.92125
20170607,-2.827375
20170608,-2.823375
20170609,-2.7913750000000004
20170610,-2.7571249999999994
20170611,-2.7704999999999997
20170612,-2.7871249999999996
20170613,-2.8024999999999998
20170614,-2.82475
20170615,-2.846375
20170616,-2.877
20170617,-2.8978749999999995
20170618,-2.9137500000000003
20170619,-2.9352500000000004
20170620,-2.9512500000000004
20170621,-2.959125
20170622,-2.9705000000000004
20170623,-2.98075
20170624,-2.9671250000000002
20170625,-2.9437500000000005
20170626,-2.837625
20170627,-2.83375
20170628,-2.662375
20170629,-2.222625
20170630,-2.179875
20170701,-2.193125
20170702,-2.3205
20170703,-2.41575
20170704,-2.4814999999999996
20170705,-2.55375
20170706,-2.6123749999999997
20170707,-2.65775
20170708,-2.6842500000000005
20170709,-2.696125
20170710,-2.7215
20170711,-2.74275
20170712,-2.7415000000000003
20170713,-2.7455
20170714,-2.709625
20170715,-2.6182499999999997
20170716,-2.621625
20170717,-2.6431249999999995
20170718,-2.6582500000000002
20170719,-2.668
20170720,-2.682
20170721,-2.6707500000000004
20170722,-2.6756249999999997
20170723,-2.677375
20170724,-2.5385
20170725,-2.5215
20170726,-2.5281249999999997
20170727,-2.5728750000000002
20170728,-2.6166250000000004
20170729,-2.641625
20170730,-2.480875
20170731,-2.49125
20170801,-2.5506249999999997
20170802,-2.5967499999999997
20170803,-2.617875
20170804,-2.643125
20170805,-2.65875
20170806,-2.6741249999999996
20170807,-2.6846249999999996
20170808,-2.687125
20170809,-2.702375
20170810,-2.715375
20170811,-2.7071249999999996
20170812,-2.7045000000000003
20170813,-2.7177499999999997
20170814,-2.7223750000000004
20170815,-2.7245
20170816,-2.73175
20170817,-2.7161249999999995
20170818,-2.71225
20170819,-2.71925
20170820,-2.7241250000000004
20170821,-2.7228749999999997
20170822,-2.722375
20170823,-2.7182500000000003
20170824,-2.7249999999999996
20170825,-2.732375
20170826,-2.73325
20170827,-2.744375
20170828,-2.7495
20170829,-2.7497500000000006
20170830,-2.7155
20170831,-2.651875
20170901,-2.62325
20170902,-2.621125
20170903,-2.6195000000000004
20170904,-2.6275
20170905,-2.634625
20170906,-2.6342499999999998
20170907,-2.6237500000000002
20170908,-2.284875
20170909,-2.034875
20170910,-2.17725
20170911,-2.17325
20170912,-2.012375
20170913,-1.9802500000000003
20170914,-1.9805
20170915,-2.0052499999999998
20170916,-1.977375
20170917,-1.99675
20170918,-1.99225
20170919,-2.010875
20170920,-2.050625
20170921,-2.1205
20170922,-2.20525
20170923,-2.291625
20170924,-2.36325
20170925,-2.414375
20170926,-2.4557499999999997
20170927,-2.4917499999999997
20170928,-2.525
20170929,-2.48325
20170930,-2.2765000000000004
20171001,-2.2925
20171002,-2.31975
20171003,-2.3497500000000002
20171004,-2.437125
20171005,-2.2127499999999998
20171006,-2.1106249999999998
20171007,-2.064875
20171008,-2.025625
20171009,-2.10025
20171010,-2.1037500000000002
20171011,-2.1513750000000003
20171012,-2.224875
20171013,-2.300125
20171014,-2.36275
20171015,-2.41775
20171016,-2.4665
20171017,-2.51275
20171018,-2.5496250000000003
20171019,-2.5780000000000003
20171020,-2.4857500000000003
20171021,-2.109375
20171022,-2.007625
20171023,-1.9854999999999998
20171024,-1.9808750000000002
20171025,-1.987625
20171026,-2.046125
20171027,-2.099375
20171028,-2.1661249999999996
20171029,-2.2424999999999997
20171030,-2.3197499999999995
20171031,-2.333625
20171101,-2.279
20171102,-2.346625
20171103,-2.408625
20171104,-2.4176250000000006
20171105,-2.28125
20171106,-2.235125
20171107,-2.3343749999999996
20171108,-2.402
20171109,-2.43225
20171110,-2.3442499999999997
20171111,-2.1092500000000003
20171112,-2.09225
20171113,-2.0248749999999998
20171114,-2.04075
20171115,-2.0303750000000003
20171116,-2.034625
20171117,-2.0791250000000003
20171118,-2.065
20171119,-2.0245
20171120,-2.015
20171121,-1.99625
20171122,-1.99125
20171123,-2.0006250000000003
20171124,-2.0143750000000002
20171125,-2.04725
20171126,-2.02225
20171127,-2.0075000000000003
20171128,-2.0140000000000002
20171129,-2.0287499999999996
20171130,-2.0395
20171201,-2.077375
20171202,-2.1237500000000002
20171203,-2.134
20171204,-2.1055
20171205,-2.137625
20171206,-2.20125
20171207,-2.1786250000000003
20171208,-2.02725
20171209,-2.0105
20171210,-2.030625
20171211,-2.0475
20171212,-2.01425
20171213,-2.006375
20171214,-2.00875
20171215,-2.0336250000000002
20171216,-2.041625
20171217,-2.0404999999999998
20171218,-2.026625
20171219,-2.04475
20171220,-2.058625
20171221,-2.06075
20171222,-2.09625
20171223,-2.121875
20171224,-2.163625
20171225,-2.210125
20171226,-2.2640000000000002
20171227,-2.144625
20171228,-2.032125
20171229,-2.00325
20171230,-1.9949999999999999
20171231,-1.9816249999999997
20180101,-1.9861250000000001
20180102,-2.01175
20180103,-1.9723749999999998
20180104,-1.9877500000000003
20180105,-1.992125
20180106,-2.0012499999999998
20180107,-2.0444999999999998
20180108,-2.118125
20180109,-2.178625
20180110,-2.162875
20180111,-2.217375
20180112,-2.259
20180113,-2.304
20180114,-2.352875
20180115,-2.24375
20180116,-2.0303750000000003
20180117,-2.030875
20180118,-2.0056249999999998
20180119,-2.0112499999999995
20180120,-2.0206250000000003
20180121,-2.047125
20180122,-2.049375
20180123,-2.05625
20180124,-1.9925000000000002
20180125,-1.992
20180126,-2.026875
20180127,-2.059375
20180128,-2.059875
20180129,-2.0395
20180130,-1.983625
20180131,-1.9773749999999999
20180201,-2.0075000000000003
20180202,-2.006875
20180203,-2.013375
20180204,-2.05375
20180205,-2.112875
20180206,-2.196125
20180207,-2.3047500000000003
20180208,-2.371
20180209,-2.399625
20180210,-2.398125
20180211,-2.2485
20180212,-2.327875
20180213,-2.40075
20180214,-2.473
20180215,-2.40275
20180216,-2.43025
20180217,-2.498875
20180218,-2.528
20180219,-2.554125
20180220,-2.5881250000000002
20180221,-2.6149999999999998
20180222,-2.6407499999999997
20180223,-2.661875
20180224,-2.6978750000000002
20180225,-2.726375
20180226,-2.744
20180227,-2.7500000000000004
20180228,-2.766625
20180301,-2.76975
20180302,-2.779875
20180303,-2.789625
20180304,-2.7798749999999997
20180305,-2.742
20180306,-2.6955
20180307,-2.651875
20180308,-2.570625
20180309,-2.4777500000000003
20180310,-2.423875
20180311,-2.4038749999999998
20180312,-2.4682500000000003
20180313,-2.495125
20180314,-2.5203750000000005
20180315,-2.566875
20180316,-2.6265
20180317,-2.672
20180318,-2.7128750000000004
20180319,-2.745625
20180320,-2.752625
20180321,-2.76125
20180322,-2.693875
20180323,-2.653
20180324,-2.6962499999999996
20180325,-2.731
20180326,-2.752125
20180327,-2.747375
20180328,-2.6425
20180329,-2.345625
20180330,-2.358
20180331,-2.405625
20180401,-2.48325
20180402,-2.4932499999999997
20180403,-2.32775
20180404,-2.1305
20180405,-1.9918750000000003
20180406,-2.089375
20180407,-2.199125
20180408,-2.3003750000000003
20180409,-2.3781250000000003
20180410,-2.43825
20180411,-2.5004999999999997
20180412,-2.5465
20180413,-2.592
20180414,-2.635125
20180415,-2.54025
20180416,-2.5526250000000004
20180417,-2.62975
20180418,-2.6015
20180419,-2.596125
20180420,-2.6215
20180421,-2.6657500000000005
20180422,-2.6726249999999996
20180423,-2.6945
20180424,-2.6854999999999998
20180425,-2.6645
20180426,-2.674125
20180427,-2.6884999999999994
20180428,-2.7030000000000003
20180429,-2.7033750000000003
20180430,-2.4345
20180501,-2.336875
20180502,-2.3985
20180503,-2.475875
20180504,-2.5229999999999997
20180505,-2.5513749999999997
20180506,-2.575625
20180507,-2.599875
20180508,-2.6170000000000004
20180509,-2.6414999999999997
20180510,-2.6675
20180511,-2.678875
20180512,-2.682875
20180513,-2.6351250000000004
20180514,-2.3967500000000004
20180515,-2.4795000000000003
20180516,-2.540875
20180517,-2.5841250000000002
20180518,-2.6243749999999997
20180519,-2.658
20180520,-2.681
20180521,-2.6795000000000004
20180522,-2.6953750000000003
20180523,-2.711
20180524,-2.71475
20180525,-2.7242499999999996
20180526,-2.7407500000000002
20180527,-2.7422500000000003
20180528,-2.750625
20180529,-2.6862500000000002
20180530,-2.427625
20180531,-2.3142500000000004
20180601,-2.14
20180602,-2.0322500000000003
20180603,-2.131
20180604,-2.208875
20180605,-2.27925
20180606,-2.355
20180607,-2.417875
20180608,-2.4718750000000003
20180609,-2.51575
20180610,-2.5527499999999996
20180611,-2.5882500000000004
20180612,-2.625125
20180613,-2.651
20180614,-2.659
20180615,-2.6868749999999992
20180616,-2.693375
20180617,-2.71325
20180618,-2.72525
20180619,-2.7525
20180620,-2.771875
20180621,-2.782875
20180622,-2.718
20180623,-2.7115
20180624,-2.739625
20180625,-2.7695
20180626,-2.791375
20180627,-2.8019999999999996
20180628,-2.80975
20180629,-2.8196249999999994
20180630,-2.833625
20180701,-2.8505
20180702,-2.8676250000000003
20180703,-2.88075
20180704,-2.89275
20180705,-2.902875
20180706,-2.917125
20180707,-2.932375
20180708,-2.947875
20180709,-2.9575000000000005
20180710,-2.964125
20180711,-2.9796250000000004
20180712,-2.9943750000000002
20180713,-3.011125
20180714,-3.0270000000000006
20180715,-3.0438750000000003
20180716,-3.06475
20180717,-3.084
20180718,-3.1085000000000003
20180719,-3.128875
20180720,-3.146625
20180721,-3.16375
20180722,-3.177125
20180723,-3.19075
20180724,-3.2066250000000003
20180725,-3.226
20180726,-3.2393750000000003
20180727,-3.254125
20180728,-3.2255
20180729,-3.2118749999999996
20180730,-3.2548749999999997
20180731,-3.2677499999999995
20180801,-3.273125
20180802,-3.2783749999999996
20180803,-3.288125
20180804,-3.297375
20180805,-3.30025
20180806,-3.30525
20180807,-3.311125
20180808,-3.31375
20180809,-3.1765000000000003
20180810,-2.8622500000000004
20180811,-2.71175
20180812,-2.780625
20180813,-2.8104999999999998
20180814,-2.670125
20180815,-2.7453749999999997
20180816,-2.787
20180817,-2.8314999999999997
20180818,-2.8592500000000003
20180819,-2.871875
20180820,-2.891375
20180821,-2.914875
20180822,-2.94175
20180823,-2.94475
20180824,-2.8995
20180825,-2.8200000000000003
20180826,-2.7938750000000003
20180827,-2.717125
20180828,-2.709875
20180829,-2.74625
20180830,-2.78125
20180831,-2.8172499999999996
20180901,-2.851875
20180902,-2.8794999999999997
20180903,-2.9010000000000002
20180904,-2.9146249999999996
20180905,-2.931375
20180906,-2.929625
20180907,-2.91725
20180908,-2.883875
20180909,-2.88875
20180910,-2.8975000000000004
20180911,-2.8914999999999997
20180912,-2.88325
20180913,-2.8615
20180914,-2.8457500000000002
20180915,-2.8413749999999998
20180916,-2.828125
20180917,-2.8192500000000003
20180918,-2.8085
