5101
2
date,-9999
head_nap,-9999.0
20030603,-2.215
20030604,-2.063
20030605,-2.069
20030606,-2.219
20030607,-2.278
20030608,-2.319
20030609,-2.242
20030610,-2.317
20030611,-2.386
20030612,-2.422
20030613,-2.458
20030614,-2.473
20030615,-2.489
20030616,-2.51
20030617,-2.516
20030618,-2.535
20030619,-2.544
20030620,-2.547
20030621,-2.555
20030622,-2.571
20030623,-2.561
20030624,-2.596
20030625,-2.604
20030626,-2.609
20030627,-2.616
20030628,-2.62
20030629,-2.624
20030630,-2.637
20030701,-2.574
20030702,-2.301
20030703,-2.343
20030704,-2.251
20030705,-2.349
20030706,-2.42
20030707,-2.462
20030708,-2.504
20030709,-2.529
20030710,-2.545
20030711,-2.568
20030712,-2.586
20030713,-2.601
20030714,-2.586
20030715,-2.574
20030716,-2.625
20030717,-2.635
20030718,-2.639
20030719,-2.648
20030720,-2.647
20030721,-2.663
20030722,-2.67
20030723,-2.676
20030724,-2.685
20030725,-2.665
20030726,-2.683
20030727,-2.686
20030728,-2.693
20030729,-2.695
20030730,-2.693
20030731,-2.681
20030801,-2.692
20030802,-2.699
20030803,-2.707
20030804,-2.714
20030805,-2.715
20030806,-2.721
20030807,-2.726
20030808,-2.732
20030809,-2.744
20030810,-2.736
20030811,-2.756
20030812,-2.755
20030813,-2.767
20030814,-2.77
20030815,-2.772
20030816,-2.778
20030817,-2.781
20030818,-2.785
20030819,-2.743
20030820,-2.744
20030821,-2.745
20030822,-2.761
20030823,-2.778
20030824,-2.782
20030825,-2.783
20030826,-2.786
20030827,-2.789
20030828,-2.787
20030829,-2.782
20030830,-2.759
20030831,-2.767
20030901,-2.768
20030902,-2.773
20030903,-2.772
20030904,-2.764
20030905,-2.772
20030906,-2.775
20030907,-2.753
20030908,-2.748
20030909,-2.728
20030910,-2.715
20030911,-2.705
20030912,-2.698
20030913,-2.697
20030914,-2.7
20030915,-2.702
20030916,-2.708
20030917,-2.711
20030918,-2.722
20030919,-2.734
20030920,-2.741
20030921,-2.755
20030922,-2.755
20030923,-2.663
20030924,-2.67
20030925,-2.676
20030926,-2.675
20030927,-2.675
20030928,-2.673
20030929,-2.634
20030930,-2.636
20031001,-2.654
20031002,-2.662
20031003,-2.664
20031004,-2.68
20031005,-2.67
20031006,-2.662
20031007,-2.547
20031008,-2.541
20031009,-2.504
20031010,-2.58
20031011,-2.618
20031012,-2.638
20031013,-2.642
20031014,-2.65
20031015,-2.656
20031016,-2.662
20031017,-2.655
20031018,-2.654
20031019,-2.649
20031020,-2.657
20031021,-2.659
20031022,-2.654
20031023,-2.655
20031024,-2.648
20031025,-2.645
20031026,-2.617
20031027,-2.613
20031028,-2.611
20031029,-2.605
20031030,-2.635
20031031,-2.612
20031101,-2.578
20031102,-2.573
20031103,-2.564
20031104,-2.521
20031105,-2.567
20031106,-2.597
20031107,-2.612
20031108,-2.613
20031109,-2.615
20031110,-2.626
20031111,-2.624
20031112,-2.631
20031113,-2.637
20031114,-2.628
20031117,-2.6105714285714288
20031118,-2.58575
20031119,-2.593625
20031120,-2.6023750000000003
20031121,-2.605125
20031122,-2.558375
20031123,-2.464625
20031124,-2.316
20031125,-2.3332499999999996
20031126,-2.3717499999999996
20031127,-2.371875
20031128,-2.404
20031129,-2.413625
20031130,-2.41325
20031201,-2.3345000000000002
20031202,-2.3545000000000003
20031203,-2.4022499999999996
20031204,-2.4263749999999997
20031205,-2.435375
20031206,-2.459875
20031207,-2.482375
20031208,-2.499625
20031209,-2.516625
20031210,-2.524
20031211,-2.521
20031212,-2.462875
20031213,-2.1697499999999996
20031214,-2.0995000000000004
20031215,-2.1715
20031216,-2.23975
20031217,-2.2852499999999996
20031218,-2.3047500000000003
20031219,-2.31975
20031220,-2.24775
20031221,-2.044
20031222,-2.16725
20031223,-2.14825
20031224,-2.1812499999999995
20031225,-2.224875
20031226,-2.2435
20031227,-2.2659999999999996
20031228,-2.0216250000000002
20031229,-2.025
20031230,-2.1402499999999995
20031231,-2.19925
20040101,-2.220875
20040102,-2.26075
20040103,-2.27825
20040104,-2.186375
20040105,-2.131125
20040106,-1.9636250000000002
20040107,-1.9814999999999998
20040108,-2.01125
20040109,-2.031875
20040110,-2.073375
20040111,-1.876875
20040112,-1.9085
20040113,-1.8531250000000004
20040114,-1.903125
20040115,-1.9613749999999999
20040116,-1.742375
20040117,-1.8023749999999998
20040118,-1.916125
20040119,-1.728375
20040120,-1.7345000000000002
20040121,-1.8235000000000001
20040122,-1.8943750000000001
20040123,-1.959
20040124,-1.9033749999999998
20040125,-1.945125
20040126,-2.0155000000000003
20040127,-2.050125
20040128,-2.0287499999999996
20040129,-1.9548750000000001
20040130,-1.7112500000000002
20040131,-1.71225
20040201,-1.6823750000000002
20040202,-1.6952500000000001
20040203,-1.7313749999999999
20040204,-1.70875
20040205,-1.77
20040206,-1.7418750000000003
20040207,-1.68725
20040208,-1.687125
20040209,-1.760625
20040210,-1.801
20040211,-1.770875
20040212,-1.88125
20040213,-1.9546250000000003
20040214,-2.0093750000000004
20040215,-2.078875
20040216,-2.116375
20040217,-2.1425
20040218,-2.1226249999999998
20040219,-2.1731249999999998
20040220,-2.21225
20040221,-2.219875
20040222,-2.226
20040223,-2.252625
20040224,-2.1281250000000003
20040225,-2.021125
20040226,-2.0657499999999995
20040227,-2.176875
20040228,-2.2718749999999996
20040229,-2.3323750000000003
20040301,-2.347375
20040302,-2.335625
20040303,-2.379625
20040304,-2.3854999999999995
20040305,-2.40375
20040306,-2.4143749999999997
20040307,-2.4067499999999997
20040308,-2.4266249999999996
20040309,-2.450875
20040310,-2.454625
20040311,-2.4515
20040312,-2.445
20040313,-2.308
20040314,-2.411
20040315,-2.398
20040316,-2.447
20040317,-2.47
20040318,-2.481
20040319,-2.379
20040320,-2.091
20040321,-2.249
20040322,-2.144
20040323,-2.319
20040324,-2.361
20040325,-2.401
20040326,-2.45
20040327,-2.484
20040328,-2.515
20040329,-2.54
20040330,-2.562
20040331,-2.592
20040401,-2.605
20040402,-2.619
20040403,-2.578
20040404,-2.439
20040405,-2.392
20040406,-2.23
20040407,-2.261
20040408,-2.172
20040409,-2.401
20040410,-2.425
20040411,-2.508
20040412,-2.547
20040413,-2.575
20040414,-2.601
20040415,-2.627
20040416,-2.649
20040417,-2.663
20040418,-2.687
20040419,-2.703
20040420,-2.713
20040421,-2.726
20040422,-2.74
20040423,-2.752
20040424,-2.762
20040425,-2.772
20040426,-2.781
20040427,-2.786
20040428,-2.792
20040429,-2.768
20040430,-2.77
20040501,-2.794
20040502,-2.786
20040503,-2.782
20040504,-2.783
20040505,-2.787
20040506,-2.799
20040507,-2.791
20040508,-2.782
20040509,-2.79
20040510,-2.789
20040511,-2.793
20040512,-2.797
20040513,-2.805
20040514,-2.8
20040515,-2.806
20040516,-2.811
20040517,-2.813
20040518,-2.819
20040519,-2.814
20040520,-2.82
20040521,-2.823
20040522,-2.82
20040523,-2.823
20040524,-2.817
20040525,-2.829
20040526,-2.839
20040527,-2.839
20040528,-2.85
20040529,-2.852
20040530,-2.864
20040531,-2.854
20040601,-2.84
20040602,-2.858
20040603,-2.861
20040604,-2.853
20040605,-2.86
20040606,-2.858
20040607,-2.866
20040608,-2.878
20040609,-2.881
20040610,-2.888
20040611,-2.899
20040612,-2.91
20040613,-2.92
20040614,-2.921
20040615,-2.931
20040616,-2.947
20040617,-2.942
20040618,-2.954
20040619,-2.935
20040620,-2.927
20040621,-2.92
20040622,-2.907
20040623,-2.892
20040624,-2.604
20040625,-2.567
20040626,-2.571
20040627,-2.593
20040628,-2.619
20040629,-2.641
20040630,-2.652
20040701,-2.662
20040702,-2.665
20040703,-2.667
20040704,-2.668
20040705,-2.678
20040706,-2.687
20040707,-2.696
20040708,-2.702
20040709,-2.714
20040710,-2.718
20040711,-2.721
20040712,-2.724
20040713,-2.724
20040714,-2.725
20040715,-2.717
20040716,-2.615
20040717,-2.6
20040718,-2.527
20040719,-2.533
20040720,-2.61
20040721,-2.619
20040722,-2.646
20040723,-2.657
20040724,-2.674
20040725,-2.681
20040726,-2.683
20040727,-2.685
20040728,-2.698
20040729,-2.704
20040730,-2.717
20040731,-2.739
20040801,-2.749
20040802,-2.749
20040803,-2.756
20040804,-2.767
20040805,-2.766
20040806,-2.774
20040807,-2.783
20040808,-2.79
20040809,-2.803
20040810,-2.816
20040811,-2.759
20040812,-2.692
20040813,-2.393
20040814,-2.377
20040815,-2.498
20040816,-2.431
20040817,-2.488
20040818,-2.517
20040819,-2.528
20040820,-2.492
20040821,-2.311
20040822,-2.432
20040823,-2.483
20040824,-2.498
20040825,-2.214
20040826,-2.168
20040827,-2.155
20040828,-2.205
20040829,-2.321
20040830,-2.193
20040831,-2.108
20040901,-2.263
20040902,-2.374
20040903,-2.464
20040904,-2.53
20040905,-2.573
20040906,-2.606
20040907,-2.635
20040908,-2.66
20040909,-2.667
20040910,-2.654
20040911,-2.669
20040912,-2.671
20040913,-2.666
20040914,-2.662
20040915,-2.674
20040916,-2.661
20040917,-2.663
20040918,-2.677
20040919,-2.679
20040920,-2.673
20040921,-2.679
20040922,-2.666
20040923,-2.656
20040924,-2.585
20040925,-2.603
20040926,-2.604
20040927,-2.634
20040928,-2.642
20040929,-2.556
20040930,-2.588
20041001,-2.531
20041002,-2.511
20041003,-2.396
20041004,-2.441
20041005,-2.455
20041006,-2.5
20041007,-2.527
20041008,-2.564
20041009,-2.599
20041010,-2.64
20041011,-2.667
20041012,-2.69
20041013,-2.703
20041014,-2.687
20041015,-2.695
20041016,-2.695
20041017,-2.7
20041018,-2.705
20041019,-2.679
20041020,-2.671
20041021,-2.659
20041022,-2.66
20041023,-2.67
20041024,-2.444
20041025,-2.514
20041026,-2.578
20041027,-2.605
20041028,-2.63
20041029,-2.643
20041030,-2.407
20041031,-2.448
20041101,-2.493
20041102,-2.528
20041103,-2.541
20041104,-2.534
20041105,-2.562
20041106,-2.551
20041107,-2.572
20041108,-2.589
20041109,-2.613
20041110,-2.567
20041111,-2.427
20041112,-2.459
20041113,-2.316
20041114,-2.274
20041115,-2.34
20041116,-2.408
20041117,-2.291
20041118,-2.313
20041119,-2.069
20041120,-2.019
20041121,-2.093
20041122,-2.027
20041123,-2.098
20041124,-2.206
20041125,-2.274
20041126,-2.315
20041127,-2.215
20041128,-2.292
20041129,-2.358
20041130,-2.383
20041201,-2.416
20041202,-2.397
20041203,-2.442
20041204,-2.465
20041205,-2.474
20041206,-2.492
20041207,-2.508
20041208,-2.527
20041209,-2.537
20041210,-2.546
20041211,-2.564
20041212,-2.565
20041213,-2.574
20041214,-2.578
20041215,-2.579
20041216,-2.565
20041217,-2.546
20041218,-2.477
20041219,-2.233
20041220,-2.276
20041221,-2.346
20041222,-2.352
20041223,-2.239
20041224,-2.307
20041225,-2.172
20041226,-2.295
20041227,-2.368
20041228,-2.393
20041229,-2.203
20041230,-2.085
20041231,-2.217
20050101,-2.247
20050102,-2.292
20050103,-2.348
20050104,-2.377
20050105,-2.348
20050106,-2.288
20050107,-2.343
20050108,-2.227
20050109,-2.369
20050110,-2.407
20050111,-2.251
20050112,-2.225
20050113,-2.345
20050114,-2.36
20050115,-2.409
20050116,-2.437
20050117,-2.44
20050118,-2.125
20050119,-2.106
20050120,-2.205
20050121,-2.093
20050122,-2.123
20050123,-2.233
20050124,-2.176
20050125,-2.237
20050126,-2.304
20050127,-2.303
20050128,-2.321
20050129,-2.373
20050130,-2.338
20050131,-2.317
20050201,-2.199
20050202,-2.262
20050203,-2.296
20050204,-2.336
20050205,-2.378
20050206,-2.43
20050207,-2.468
20050208,-2.496
20050209,-2.505
20050210,-2.272
20050211,-2.213
20050212,-1.884
20050213,-1.872
20050214,-1.904
20050215,-1.989
20050216,-2.11
20050217,-2.177
20050218,-2.195
20050219,-2.101
20050220,-1.976
20050221,-2.052
20050222,-2.189
20050223,-2.257
20050224,-2.248
20050225,-2.228
20050226,-2.222
20050227,-2.31
20050228,-2.334
20050301,-2.346
20050302,-2.357
20050303,-2.381
20050304,-2.36
20050305,-2.399
20050306,-2.413
20050307,-2.38
20050308,-1.786
20050309,-1.772
20050310,-1.905
20050311,-1.897
20050312,-1.964
20050313,-1.995
20050314,-2.126
20050315,-2.184
20050316,-2.227
20050317,-2.266
20050318,-2.307
20050319,-2.337
20050320,-2.367
20050321,-2.396
20050322,-2.413
20050323,-2.446
20050324,-2.453
20050325,-2.416
20050326,-2.451
20050327,-2.468
20050328,-2.459
20050329,-2.457
20050330,-2.438
20050331,-2.497
20050401,-2.518
20050402,-2.531
20050403,-2.546
20050404,-2.559
20050405,-2.581
20050406,-2.578
20050407,-2.588
20050408,-2.62
20050409,-2.62
20050410,-2.615
20050411,-2.618
20050412,-2.62
20050413,-2.632
20050414,-2.632
20050415,-2.6
20050416,-2.624
20050417,-2.636
20050418,-2.642
20050419,-2.656
20050420,-2.649
20050421,-2.637
20050422,-2.651
20050423,-2.662
20050424,-2.672
20050425,-2.683
20050426,-2.688
20050427,-2.692
20050428,-2.688
20050429,-2.705
20050430,-2.699
20050501,-2.71
20050502,-2.703
20050503,-2.716
20050504,-2.718
20050505,-2.725
20050506,-2.733
20050507,-2.732
20050508,-2.725
20050509,-2.701
20050510,-2.695
20050511,-2.687
20050512,-2.693
20050513,-2.7
20050514,-2.709
20050515,-2.726
20050516,-2.705
20050517,-2.702
20050518,-2.704
20050519,-2.706
20050520,-2.717
20050521,-2.732
20050522,-2.738
20050523,-2.753
20050524,-2.753
20050525,-2.766
20050526,-2.771
20050527,-2.783
20050528,-2.803
20050529,-2.815
20050530,-2.827
20050531,-2.83
20050601,-2.837
20050602,-2.847
20050603,-2.838
20050604,-2.833
20050605,-2.837
20050606,-2.837
20050607,-2.834
20050608,-2.842
20050609,-2.841
20050610,-2.835
20050611,-2.833
20050612,-2.837
20050613,-2.835
20050614,-2.843
20050615,-2.846
20050616,-2.848
20050617,-2.853
20050618,-2.864
20050619,-2.864
20050620,-2.88
20050621,-2.899
20050622,-2.903
20050623,-2.911
20050624,-2.93
20050625,-2.921
20050626,-2.945
20050627,-2.948
20050628,-2.961
20050629,-2.971
20050630,-2.977
20050701,-2.686
20050702,-2.685
20050703,-2.7
20050704,-2.714
20050705,-2.742
20050706,-2.752
20050707,-2.757
20050708,-2.765
20050709,-2.762
20050710,-2.769
20050711,-2.786
20050712,-2.799
20050713,-2.825
20050714,-2.844
20050715,-2.869
20050716,-2.885
20050717,-2.911
20050718,-2.929
20050719,-2.851
20050720,-2.797
20050721,-2.813
20050722,-2.83
20050723,-2.844
20050724,-2.862
20050725,-2.888
20050726,-2.893
20050727,-2.883
20050728,-2.885
20050729,-2.89
20050730,-2.885
20050731,-2.713
20050801,-2.556
20050802,-2.618
20050803,-2.66
20050804,-2.689
20050805,-2.677
20050806,-2.649
20050807,-2.584
20050808,-2.473
20050809,-2.53
20050810,-2.542
20050811,-2.566
20050812,-2.607
20050813,-2.637
20050814,-2.657
20050815,-2.6
20050816,-2.609
20050817,-2.651
20050818,-2.681
20050819,-2.699
20050820,-2.696
20050821,-2.692
20050822,-2.708
20050823,-2.729
20050824,-2.73
20050825,-2.746
20050826,-2.656
20050827,-2.646
20050828,-2.657
20050829,-2.668
20050830,-2.671
20050831,-2.672
20050901,-2.692
20050902,-2.695
20050903,-2.701
20050904,-2.716
20050905,-2.728
20050906,-2.75
20050907,-2.763
20050908,-2.775
20050909,-2.803
20050910,-2.809
20050911,-2.821
20050912,-2.841
20050913,-2.838
20050914,-2.855
20050915,-2.86
20050916,-2.833
20050917,-2.764
20050918,-2.752
20050919,-2.761
20050920,-2.778
20050921,-2.795
20050922,-2.81
20050923,-2.825
20050924,-2.852
20050925,-2.859
20050926,-2.861
20050927,-2.868
20050928,-2.871
20050929,-2.846
20050930,-2.648
20051001,-2.579
20051002,-2.613
20051003,-2.659
20051004,-2.667
20051005,-2.669
20051006,-2.669
20051007,-2.672
20051008,-2.679
20051009,-2.688
20051010,-2.691
20051011,-2.694
20051012,-2.709
20051013,-2.726
20051014,-2.744
20051015,-2.753
20051016,-2.764
20051017,-2.779
20051018,-2.785
20051019,-2.798
20051020,-2.811
20051021,-2.818
20051022,-2.824
20051023,-2.835
20051024,-2.827
20051025,-2.733
20051026,-2.608
20051027,-2.628
20051028,-2.643
20051029,-2.655
20051030,-2.665
20051031,-2.661
20051101,-2.678
20051102,-2.677
20051103,-2.668
20051104,-2.664
20051105,-2.666
20051106,-2.667
20051107,-2.672
20051108,-2.663
20051109,-2.672
20051110,-2.662
20051111,-2.665
20051112,-2.655
20051113,-2.657
20051114,-2.655
20051115,-2.665
20051116,-2.613
20051117,-2.483
20051118,-2.298
20051119,-2.373
20051120,-2.417
20051121,-2.452
20051122,-2.474
20051123,-2.506
20051124,-2.494
20051125,-2.279
20051126,-2.346
20051127,-2.35
20051128,-2.399
20051129,-2.449
20051130,-2.47
20051201,-2.466
20051202,-2.493
20051203,-2.529
20051204,-2.551
20051205,-2.356
20051206,-2.318
20051207,-2.35
20051208,-2.381
20051209,-2.433
20051210,-2.461
20051211,-2.485
20051212,-2.528
20051213,-2.539
20051214,-2.569
20051215,-2.567
20051216,-2.488
20051217,-2.412
20051218,-2.314
20051219,-2.204
20051220,-2.24
20051221,-2.299
20051222,-2.287
20051223,-2.182
20051224,-2.262
20051225,-2.33
20051226,-2.319
20051227,-2.368
20051228,-2.402
20051229,-2.427
20051230,-2.439
20051231,-2.426
20060101,-2.182
20060102,-2.273
20060103,-2.318
20060104,-2.375
20060105,-2.4
20060106,-2.435
20060107,-2.466
20060108,-2.503
20060109,-2.523
20060110,-2.537
20060111,-2.561
20060112,-2.546
20060113,-2.545
20060114,-2.567
20060115,-2.575
20060116,-2.582
20060117,-2.577
20060118,-2.561
20060119,-2.548
20060120,-2.399
20060121,-2.332
20060122,-2.384
20060123,-2.442
20060124,-2.489
20060125,-2.524
20060126,-2.561
20060127,-2.565
20060128,-2.591
20060129,-2.615
20060130,-2.625
20060131,-2.636
20060201,-2.63
20060202,-2.639
20060203,-2.64
20060204,-2.655
20060205,-2.64
20060206,-2.645
20060207,-2.648
20060208,-2.644
20060209,-2.611
20060210,-2.583
20060211,-2.581
20060212,-2.589
20060213,-2.598
20060214,-2.597
20060215,-2.587
20060216,-2.462
20060217,-2.446
20060218,-2.461
20060219,-2.519
20060220,-2.561
20060221,-2.594
20060222,-2.608
20060223,-2.617
20060224,-2.632
20060225,-2.641
20060226,-2.653
20060227,-2.651
20060228,-2.65
20060301,-2.618
20060302,-2.618
20060303,-2.611
20060304,-2.577
20060305,-2.574
20060306,-2.548
20060307,-2.502
20060308,-2.509
20060309,-2.421
20060310,-2.368
20060311,-2.435
20060312,-2.486
20060313,-2.506
20060314,-2.53
20060315,-2.577
20060316,-2.603
20060317,-2.605
20060318,-2.612
20060319,-2.622
20060320,-2.635
20060321,-2.64
20060322,-2.652
20060323,-2.656
20060324,-2.65
20060325,-2.672
20060326,-2.656
20060327,-2.495
20060328,-2.509
20060329,-2.574
20060330,-2.538
20060331,-2.435
20060401,-2.432
20060402,-2.448
20060403,-2.335
20060404,-2.387
20060405,-2.415
20060406,-2.454
20060407,-2.477
20060408,-2.457
20060409,-2.394
20060410,-2.475
20060411,-2.509
20060412,-2.473
20060413,-2.456
20060414,-2.503
20060415,-2.535
20060416,-2.557
20060417,-2.548
20060418,-2.572
20060419,-2.578
20060420,-2.588
20060421,-2.61
20060422,-2.616
20060423,-2.621
20060424,-2.631
20060425,-2.644
20060426,-2.655
20060427,-2.664
20060428,-2.664
20060429,-2.684
20060430,-2.691
20060501,-2.687
20060502,-2.704
20060503,-2.71
20060504,-2.715
20060505,-2.724
20060506,-2.739
20060507,-2.746
20060508,-2.761
20060509,-2.78
20060510,-2.787
20060511,-2.805
20060512,-2.819
20060513,-2.835
20060514,-2.842
20060515,-2.851
20060516,-2.88
20060517,-2.887
20060518,-2.901
20060519,-2.879
20060520,-2.826
20060521,-2.808
20060522,-2.797
20060523,-2.827
20060524,-2.822
20060525,-2.845
20060526,-2.84
20060527,-2.85
20060528,-2.845
20060529,-2.843
20060530,-2.854
20060531,-2.869
20060601,-2.88
20060602,-2.876
20060603,-2.891
20060604,-2.908
20060605,-2.899
20060606,-2.922
20060607,-2.929
20060608,-2.937
20060609,-2.95
20060610,-2.951
20060611,-2.976
20060612,-2.976
20060613,-2.984
20060614,-2.998
20060615,-3.005
20060616,-2.955
20060617,-2.958
20060618,-2.97
20060619,-2.999
20060620,-3.0
20060621,-3.0
20060622,-2.998
20060623,-2.995
20060624,-2.997
20060625,-3.014
20060626,-2.928
20060627,-2.854
20060628,-2.83
20060629,-2.832
20060630,-2.836
20060701,-2.866
20060702,-2.893
20060703,-2.927
20060704,-2.969
20060705,-2.993
20060706,-3.013
20060707,-3.022
20060708,-3.032
20060709,-3.038
20060710,-3.052
20060711,-3.025
20060712,-2.949
20060713,-2.983
20060714,-3.016
20060715,-3.049
20060716,-3.05
20060717,-3.058
20060718,-3.073
20060719,-3.085
20060720,-3.092
20060721,-3.103
20060722,-3.109
20060723,-3.106
20060724,-3.109
20060725,-3.112
20060726,-3.123
20060727,-3.129
20060728,-3.132
20060729,-3.128
20060730,-3.146
20060731,-3.135
20060801,-3.134
20060802,-3.142
20060803,-3.141
20060804,-3.147
20060805,-3.153
20060806,-3.151
20060807,-3.13
20060808,-3.142
20060809,-3.142
20060810,-3.143
20060811,-3.144
20060812,-3.137
20060813,-3.153
20060814,-3.144
20060815,-3.113
20060816,-3.102
20060817,-3.1
20060818,-3.097
20060819,-3.1
20060820,-3.104
20060821,-3.039
20060822,-2.906
20060823,-2.879
20060824,-2.87
20060825,-2.866
20060826,-2.857
20060827,-2.862
20060828,-2.84
20060829,-2.675
20060830,-2.652
20060831,-2.651
20060901,-2.657
20060902,-2.669
20060903,-2.677
20060904,-2.666
20060905,-2.671
20060906,-2.678
20060907,-2.692
20060908,-2.691
20060909,-2.691
20060910,-2.699
20060911,-2.717
20060912,-2.735
20060913,-2.748
20060914,-2.763
20060915,-2.783
20060916,-2.789
20060917,-2.814
20060918,-2.826
20060919,-2.84
20060920,-2.849
20060921,-2.858
20060922,-2.875
20060923,-2.896
20060924,-2.898
20060925,-2.911
20060926,-2.92
20060927,-2.924
20060928,-2.926
20060929,-2.935
20060930,-2.934
20061001,-2.935
20061002,-2.924
20061003,-2.794
20061004,-2.698
20061005,-2.681
20061006,-2.62
20061007,-2.632
20061008,-2.642
20061009,-2.656
20061010,-2.672
20061011,-2.672
20061012,-2.687
20061013,-2.684
20061014,-2.684
20061015,-2.682
20061016,-2.681
20061017,-2.692
20061018,-2.701
20061019,-2.712
20061020,-2.719
20061021,-2.73
20061022,-2.732
20061023,-2.745
20061024,-2.55
20061025,-2.618
20061026,-2.645
20061027,-2.651
20061028,-2.641
20061029,-2.665
20061030,-2.652
20061031,-2.672
20061101,-2.669
20061102,-2.574
20061103,-2.515
20061104,-2.509
20061105,-2.56
20061106,-2.604
20061107,-2.628
20061108,-2.656
20061109,-2.667
20061110,-2.658
20061111,-2.656
20061112,-2.57
20061113,-2.54
20061114,-2.559
20061115,-2.488
20061116,-2.475
20061117,-2.379
20061118,-2.421
20061119,-2.459
20061120,-2.487
20061121,-2.345
20061122,-2.322
20061123,-2.268
20061124,-2.276
20061125,-2.25
20061126,-2.337
20061127,-2.397
20061128,-2.426
20061129,-2.441
20061130,-2.467
20061201,-2.487
20061202,-2.451
20061203,-2.251
20061204,-2.264
20061205,-2.196
20061206,-2.296
20061207,-2.194
20061208,-2.128
20061209,-2.115
20061210,-2.186
20061211,-2.159
20061212,-2.16
20061213,-2.191
20061214,-2.255
20061215,-2.304
20061216,-2.36
20061217,-2.333
20061218,-2.247
20061219,-2.323
20061220,-2.365
20061221,-2.402
20061222,-2.43
20061223,-2.445
20061224,-2.47
20061225,-2.487
20061226,-2.504
20061227,-2.506
20061228,-2.531
20061229,-2.518
20061230,-2.531
20061231,-2.413
20070101,-2.317
20070102,-2.221
20070103,-2.217
20070104,-2.151
20070105,-2.223
20070106,-2.236
20070107,-2.121
20070108,-2.083
20070109,-2.137
20070110,-2.26
20070111,-2.034
20070112,-2.144
20070113,-2.25
20070114,-2.322
20070115,-2.354
20070116,-2.375
20070117,-2.242
20070118,-1.841
20070119,-1.941
20070120,-2.004
20070121,-2.001
20070122,-2.133
20070123,-2.223
20070124,-2.28
20070125,-2.344
20070126,-2.298
20070127,-2.183
20070128,-2.295
20070129,-2.354
20070130,-2.38
20070131,-2.397
20070201,-2.402
20070202,-2.408
20070203,-2.446
20070204,-2.449
20070205,-2.467
20070206,-2.474
20070207,-2.489
20070208,-2.487
20070209,-2.535
20070210,-2.483
20070211,-2.303
20070212,-2.106
20070213,-2.045
20070214,-2.202
20070215,-2.166
20070216,-2.259
20070217,-2.334
20070218,-2.409
20070219,-2.424
20070220,-2.447
20070221,-2.368
20070222,-2.336
20070223,-2.41
20070224,-2.382
20070225,-2.241
20070226,-2.194
20070227,-2.238
20070228,-2.084
20070301,-1.972
20070302,-2.043
20070303,-1.99
20070304,-2.186
20070305,-1.989
20070306,-2.051
20070307,-1.908
20070308,-2.093
20070309,-2.206
20070310,-2.275
20070311,-2.331
20070312,-2.376
20070313,-2.434
20070314,-2.468
20070315,-2.477
20070316,-2.51
20070317,-2.526
20070318,-2.317
20070319,-2.268
20070320,-2.321
20070321,-2.368
20070322,-2.454
20070323,-2.515
20070324,-2.533
20070325,-2.559
20070326,-2.563
20070327,-2.57
20070328,-2.583
20070329,-2.597
20070330,-2.606
20070331,-2.62
20070401,-2.634
20070402,-2.626
20070403,-2.644
20070404,-2.658
20070405,-2.669
20070406,-2.677
20070407,-2.673
20070408,-2.67
20070409,-2.675
20070410,-2.683
20070411,-2.673
20070412,-2.68
20070413,-2.682
20070414,-2.687
20070415,-2.702
20070416,-2.713
20070417,-2.722
20070418,-2.728
20070419,-2.734
20070420,-2.762
20070421,-2.76
20070422,-2.772
20070423,-2.783
20070424,-2.784
20070425,-2.794
20070426,-2.816
20070427,-2.831
20070428,-2.842
20070429,-2.852
20070430,-2.864
20070501,-2.878
20070502,-2.887
20070503,-2.897
20070504,-2.911
20070505,-2.923
20070506,-2.92
20070507,-2.918
20070508,-2.923
20070509,-2.935
20070510,-2.932
20070511,-2.954
20070512,-2.918
20070513,-2.893
20070514,-2.898
20070515,-2.894
20070516,-2.893
20070517,-2.893
20070518,-2.855
20070519,-2.883
20070520,-2.902
20070521,-2.921
20070522,-2.93
20070523,-2.929
20070524,-2.933
20070525,-2.937
20070526,-2.954
20070527,-2.957
20070528,-2.961
20070529,-2.964
20070530,-2.953
20070531,-2.961
20070601,-2.97
20070602,-2.961
20070603,-2.947
20070604,-2.959
20070605,-2.955
20070606,-2.952
20070607,-2.962
20070608,-2.97
20070609,-2.978
20070610,-2.984
20070611,-2.988
20070612,-2.995
20070613,-3.0
20070614,-2.999
20070615,-3.006
20070616,-2.996
20070617,-2.944
20070618,-2.683
20070619,-2.643
20070620,-2.665
20070621,-2.671
20070622,-2.673
20070623,-2.681
20070624,-2.66
20070625,-2.639
20070626,-2.622
20070627,-2.579
20070628,-2.634
20070629,-2.635
20070630,-2.627
20070701,-2.6
20070702,-2.393
20070703,-2.47
20070704,-2.318
20070705,-2.417
20070706,-2.486
20070707,-2.351
20070708,-2.483
20070709,-2.563
20070710,-2.589
20070711,-2.625
20070712,-2.63
20070713,-2.644
20070714,-2.66
20070715,-2.659
20070716,-2.648
20070717,-2.317
20070718,-2.463
20070719,-2.55
20070720,-2.602
20070721,-2.566
20070722,-2.58
20070723,-2.604
20070724,-2.421
20070725,-2.401
20070726,-2.491
20070727,-2.57
20070728,-2.625
20070729,-2.638
20070730,-2.66
20070731,-2.665
20070801,-2.67
20070802,-2.678
20070803,-2.683
20070804,-2.681
20070805,-2.677
20070806,-2.705
20070807,-2.719
20070808,-2.723
20070809,-2.735
20070810,-2.738
20070811,-2.748
20070812,-2.751
20070813,-2.772
20070814,-2.761
20070815,-2.758
20070816,-2.754
20070817,-2.732
20070818,-2.72
20070819,-2.722
20070820,-2.74
20070821,-2.752
20070822,-2.766
20070823,-2.769
20070824,-2.78
20070825,-2.785
20070826,-2.797
20070827,-2.795
20070828,-2.805
20070829,-2.813
20070830,-2.819
20070831,-2.828
20070901,-2.837
20070902,-2.83
20070903,-2.853
20070904,-2.861
20070905,-2.852
20070906,-2.864
20070907,-2.861
20070908,-2.865
20070909,-2.867
20070910,-2.866
20070911,-2.887
20070912,-2.871
20070913,-2.873
20070914,-2.852
20070915,-2.873
20070916,-2.859
20070917,-2.875
20070918,-2.89
20070919,-2.873
20070920,-2.878
20070921,-2.863
20070922,-2.864
20070923,-2.849
20070924,-2.829
20070925,-2.844
20070926,-2.818
20070927,-2.706
20070928,-2.685
20070929,-2.641
20070930,-2.466
20071001,-2.587
20071002,-2.645
20071003,-2.665
20071004,-2.663
20071005,-2.674
20071006,-2.671
20071007,-2.676
20071008,-2.688
20071009,-2.679
20071010,-2.689
20071011,-2.685
20071012,-2.701
20071013,-2.683
20071014,-2.675
20071015,-2.683
20071016,-2.686
20071017,-2.701
20071018,-2.624
20071019,-2.626
20071020,-2.637
20071021,-2.649
20071022,-2.652
20071023,-2.663
20071024,-2.672
20071025,-2.673
20071026,-2.674
20071027,-2.684
20071028,-2.66
20071029,-2.675
20071030,-2.666
20071031,-2.655
20071101,-2.662
20071102,-2.667
20071103,-2.668
20071104,-2.675
20071105,-2.657
20071106,-2.678
20071107,-2.634
20071108,-2.604
20071109,-2.626
20071110,-2.551
20071111,-2.452
20071112,-2.471
20071113,-2.463
20071114,-2.447
20071115,-2.508
20071116,-2.543
20071117,-2.567
20071118,-2.567
20071119,-2.597
20071120,-2.606
20071121,-2.619
20071122,-2.619
20071123,-2.654
20071124,-2.627
20071125,-2.641
20071126,-2.603
20071127,-2.561
20071128,-2.565
20071129,-2.573
20071130,-2.592
20071201,-2.537
20071202,-2.411
20071203,-2.187
20071204,-2.315
20071205,-2.343
20071206,-2.363
20071207,-2.078
20071208,-2.133
20071209,-2.09
20071210,-2.213
20071211,-2.315
20071212,-2.342
20071213,-2.376
20071214,-2.399
20071215,-2.427
20071216,-2.445
20071217,-2.476
20071218,-2.495
20071219,-2.504
20071220,-2.511
20071221,-2.522
20071222,-2.535
20071223,-2.562
20071224,-2.541
20071225,-2.54
20071226,-2.563
20071227,-2.555
20071228,-2.555
20071229,-2.57
20071230,-2.582
20071231,-2.564
20080101,-2.575
20080102,-2.577
20080103,-2.58
20080104,-2.591
20080105,-2.599
20080106,-2.608
20080107,-2.538
20080108,-2.523
20080109,-2.54
20080110,-2.54
20080111,-2.314
20080112,-2.338
20080113,-2.391
20080114,-2.443
20080115,-2.423
20080116,-2.286
20080117,-2.397
20080118,-2.263
20080119,-2.046
20080120,-1.944
20080121,-1.884
20080122,-1.846
20080123,-2.036
20080124,-2.161
20080125,-2.23
20080126,-2.287
20080127,-2.14
20080128,-2.299
20080129,-2.341
20080130,-2.312
20080131,-2.351
20080201,-2.284
20080202,-2.356
20080203,-2.404
20080204,-2.436
20080205,-2.413
20080206,-2.25
20080207,-2.385
20080208,-2.438
20080209,-2.473
20080210,-2.491
20080211,-2.513
20080212,-2.531
20080213,-2.539
20080214,-2.551
20080215,-2.565
20080216,-2.574
20080217,-2.579
20080218,-2.595
20080219,-2.597
20080220,-2.605
20080221,-2.595
20080222,-2.599
20080223,-2.577
20080224,-2.585
20080225,-2.539
20080226,-2.494
20080227,-2.415
20080228,-2.477
20080229,-2.512
20080301,-2.315
20080302,-2.348
20080303,-2.426
20080304,-2.481
20080305,-2.515
20080306,-2.521
20080307,-2.503
20080308,-2.525
20080309,-2.546
20080310,-2.342
20080311,-2.406
20080312,-2.26
20080313,-2.327
20080314,-2.399
20080315,-2.447
20080316,-2.497
20080317,-2.526
20080318,-2.54
20080319,-2.56
20080320,-2.547
20080321,-2.109
20080322,-2.227
20080323,-2.293
20080324,-2.264
20080325,-2.316
20080326,-2.32
20080327,-2.381
20080328,-2.41
20080329,-2.152
20080330,-2.283
20080331,-2.227
20080401,-2.347
20080402,-2.292
20080403,-2.378
20080404,-2.427
20080405,-2.427
20080406,-2.468
20080407,-2.507
20080408,-2.525
20080409,-2.544
20080410,-2.564
20080411,-2.572
20080412,-2.587
20080413,-2.599
20080414,-2.625
20080415,-2.624
20080416,-2.626
20080417,-2.613
20080418,-2.638
20080419,-2.646
20080420,-2.656
20080421,-2.659
20080422,-2.663
20080423,-2.675
20080424,-2.666
20080425,-2.681
20080426,-2.68
20080427,-2.685
20080428,-2.681
20080429,-2.682
20080430,-2.691
20080501,-2.694
20080502,-2.716
20080503,-2.728
20080504,-2.735
20080505,-2.748
20080506,-2.76
20080507,-2.766
20080508,-2.779
20080509,-2.793
20080510,-2.809
20080511,-2.827
20080512,-2.841
20080513,-2.863
20080514,-2.878
20080515,-2.865
20080516,-2.892
20080517,-2.906
20080518,-2.91
20080519,-2.922
20080520,-2.931
20080521,-2.934
20080522,-2.943
20080523,-2.952
20080524,-2.964
20080525,-2.972
20080526,-2.978
20080527,-2.979
20080528,-2.984
20080529,-2.997
20080530,-2.995
20080531,-3.005
20080601,-3.0
20080602,-2.998
20080603,-2.998
20080604,-2.998
20080605,-2.955
20080606,-2.983
20080607,-3.007
20080608,-3.014
20080609,-3.026
20080610,-3.029
20080611,-3.041
20080612,-3.039
20080613,-3.039
20080614,-3.045
20080615,-3.055
20080616,-3.055
20080617,-3.066
20080618,-3.063
20080619,-3.068
20080620,-3.072
20080621,-3.078
20080622,-3.08
20080623,-3.09
20080624,-3.093
20080625,-3.1
20080626,-3.103
20080627,-3.11
20080628,-3.108
20080629,-3.109
20080630,-3.117
20080701,-3.114
20080702,-3.128
20080703,-3.132
20080704,-3.136
20080705,-3.141
20080706,-3.153
20080707,-3.153
20080708,-3.121
20080709,-3.041
20080710,-3.013
20080711,-3.0
20080712,-2.997
20080713,-2.968
20080714,-2.959
20080715,-2.964
20080716,-2.965
20080717,-2.971
20080718,-2.965
20080719,-2.951
20080720,-2.797
20080721,-2.751
20080722,-2.696
20080723,-2.691
20080724,-2.709
20080725,-2.731
20080726,-2.763
20080727,-2.384
20080728,-2.532
20080729,-2.612
20080730,-2.587
20080731,-2.644
20080801,-2.675
20080802,-2.679
20080803,-2.679
20080804,-2.374
20080805,-2.518
20080806,-2.597
20080807,-2.641
20080808,-2.593
20080809,-2.629
20080810,-2.518
20080811,-2.505
20080812,-2.563
20080813,-2.6
20080814,-2.314
20080815,-2.443
20080816,-2.522
20080817,-2.579
20080818,-2.612
20080819,-2.612
20080820,-2.5
20080821,-2.328
20080822,-2.39
20080823,-2.446
20080824,-2.502
20080825,-2.544
20080826,-2.578
20080827,-2.595
20080828,-2.615
20080829,-2.637
20080830,-2.646
20080831,-2.656
20080901,-2.669
20080902,-2.662
20080903,-2.63
20080904,-2.595
20080905,-2.617
20080906,-2.573
20080907,-2.607
20080908,-2.579
20080909,-2.622
20080910,-2.645
20080911,-2.664
20080912,-2.679
20080913,-2.686
20080914,-2.681
20080915,-2.694
20080916,-2.695
20080917,-2.703
20080918,-2.712
20080919,-2.725
20080920,-2.728
20080921,-2.738
20080922,-2.746
20080923,-2.753
20080924,-2.761
20080925,-2.77
20080926,-2.777
20080927,-2.782
20080928,-2.788
20080929,-2.796
20080930,-2.792
20081001,-2.683
20081002,-2.525
20081003,-2.365
20081004,-2.345
20081005,-2.367
20081006,-2.149
20081007,-2.242
20081008,-2.228
20081009,-2.335
20081010,-2.382
20081011,-2.436
20081012,-2.475
20081013,-2.501
20081014,-2.538
20081015,-2.545
20081016,-2.435
20081017,-2.311
20081018,-2.387
20081019,-2.457
20081020,-2.483
20081021,-2.484
20081022,-2.5
20081023,-2.533
20081024,-2.552
20081025,-2.541
20081026,-2.542
20081027,-2.263
20081028,-2.263
20081029,-2.196
20081030,-2.279
20081031,-2.352
20081101,-2.396
20081102,-2.388
20081103,-2.426
20081104,-2.465
20081105,-2.48
20081106,-2.501
20081107,-2.512
20081108,-2.53
20081109,-2.519
20081110,-2.413
20081111,-1.909
20081112,-1.91
20081113,-1.995
20081114,-1.971
20081115,-2.047
20081116,-2.132
20081117,-2.185
20081118,-2.149
20081119,-2.208
20081120,-2.168
20081121,-1.901
20081122,-1.912
20081123,-1.845
20081124,-2.007
20081125,-1.947
20081126,-2.076
20081127,-2.092
20081128,-2.144
20081129,-2.033
20081130,-2.178
20081201,-2.17
20081202,-2.22
20081203,-2.047
20081204,-2.155
20081205,-2.078
20081206,-2.193
20081207,-2.247
20081208,-2.26
20081209,-2.146
20081210,-1.965
20081211,-2.09
20081212,-2.157
20081213,-2.216
20081214,-2.276
20081215,-2.307
20081216,-2.316
20081217,-2.328
20081218,-2.343
20081219,-2.26
20081220,-2.144
20081221,-2.257
20081222,-2.315
20081223,-2.365
20081224,-2.378
20081225,-2.405
20081226,-2.421
20081227,-2.438
20081228,-2.452
20081229,-2.464
20081230,-2.479
20081231,-2.494
20090101,-2.51
20090102,-2.518
20090103,-2.525
20090104,-2.497
20090105,-2.304
20090106,-2.388
20090107,-2.455
20090108,-2.488
20090109,-2.516
20090110,-2.542
20090111,-2.547
20090112,-2.56
20090113,-2.545
20090114,-2.43
20090115,-2.407
20090116,-2.428
20090117,-2.423
20090118,-2.347
20090119,-2.271
20090120,-2.174
20090121,-2.245
20090122,-2.281
20090123,-2.006
20090124,-1.964
20090125,-2.099
20090126,-2.192
20090127,-2.228
20090128,-2.262
20090129,-2.31
20090130,-2.349
20090131,-2.358
20090201,-2.379
20090202,-2.394
20090203,-2.415
20090204,-2.377
20090205,-2.337
20090206,-2.284
20090207,-2.271
20090208,-2.34
20090209,-2.373
20090210,-2.083
20090211,-2.102
20090212,-2.222
20090213,-2.109
20090214,-2.255
20090215,-2.267
20090216,-1.992
20090217,-1.838
20090218,-2.016
20090219,-2.11
20090220,-2.027
20090221,-2.113
20090222,-2.155
20090223,-2.206
20090224,-2.262
20090225,-2.286
20090226,-2.306
20090227,-2.172
20090228,-2.16
20090301,-2.243
20090302,-2.112
20090303,-2.198
20090304,-2.229
20090305,-2.23
20090306,-2.154
20090307,-2.232
20090308,-2.006
20090309,-2.07
20090310,-2.127
20090311,-2.144
20090312,-2.164
20090313,-2.213
20090314,-2.258
20090315,-2.306
20090316,-2.338
20090317,-2.355
20090318,-2.363
20090319,-2.415
20090320,-2.422
20090321,-2.445
20090322,-2.453
20090323,-2.426
20090324,-2.409
20090325,-2.143
20090326,-2.186
20090327,-2.081
20090328,-1.963
20090329,-1.917
20090330,-2.099
20090331,-2.184
20090401,-2.233
20090402,-2.266
20090403,-2.308
20090404,-2.354
20090405,-2.386
20090406,-2.404
20090407,-2.426
20090408,-2.448
20090409,-2.458
20090410,-2.462
20090411,-2.504
20090412,-2.505
20090413,-2.521
20090414,-2.532
20090415,-2.552
20090416,-2.568
20090417,-2.587
20090418,-2.607
20090419,-2.611
20090420,-2.636
20090421,-2.627
20090422,-2.652
20090423,-2.664
20090424,-2.672
20090425,-2.692
20090426,-2.696
20090427,-2.687
20090428,-2.699
20090429,-2.698
20090430,-2.713
20090501,-2.716
20090502,-2.724
20090503,-2.722
20090504,-2.743
20090505,-2.745
20090506,-2.757
20090507,-2.739
20090508,-2.731
20090509,-2.746
20090510,-2.768
20090511,-2.777
20090512,-2.792
20090513,-2.775
20090514,-2.809
20090515,-2.815
20090516,-2.804
20090517,-2.81
20090518,-2.662
20090519,-2.653
20090520,-2.664
20090521,-2.681
20090522,-2.692
20090523,-2.714
20090524,-2.738
20090525,-2.747
20090526,-2.722
20090527,-2.751
20090528,-2.756
20090529,-2.748
20090530,-2.744
20090531,-2.761
20090601,-2.773
20090602,-2.777
20090603,-2.796
20090604,-2.803
20090605,-2.823
20090606,-2.833
20090607,-2.849
20090608,-2.851
20090609,-2.841
20090610,-2.869
20090611,-2.875
20090612,-2.809
20090613,-2.786
20090614,-2.786
20090615,-2.799
20090616,-2.819
20090617,-2.797
20090618,-2.833
20090619,-2.846
20090620,-2.863
20090621,-2.875
20090622,-2.881
20090623,-2.885
20090624,-2.89
20090625,-2.89
20090626,-2.9
20090627,-2.913
20090628,-2.919
20090629,-2.93
20090630,-2.942
20090701,-2.95
20090702,-2.951
20090703,-2.96
20090704,-2.969
20090705,-2.97
20090706,-2.976
20090707,-2.967
20090708,-2.911
20090709,-2.88
20090710,-2.891
20090711,-2.795
20090712,-2.753
20090713,-2.722
20090714,-2.712
20090715,-2.725
20090716,-2.752
20090717,-2.77
20090718,-2.793
20090719,-2.807
20090720,-2.828
20090721,-2.826
20090722,-2.836
20090723,-2.858
20090724,-2.854
20090725,-2.879
20090726,-2.867
20090727,-2.868
20090728,-2.875
20090729,-2.874
20090730,-2.894
20090731,-2.902
20090801,-2.893
20090802,-2.91
20090803,-2.915
20090804,-2.922
20090805,-2.927
20090806,-2.931
20090807,-2.937
20090808,-2.95
20090809,-2.957
20090810,-2.959
20090811,-2.973
20090812,-2.975
20090813,-2.986
20090814,-2.997
20090815,-2.993
20090816,-3.008
20090817,-3.016
20090818,-3.026
20090819,-3.028
20090820,-3.03
20090821,-3.038
20090822,-3.049
20090823,-3.043
20090824,-3.052
20090825,-3.049
20090826,-2.982
20090827,-2.97
20090828,-2.962
20090829,-2.988
20090830,-2.984
20090831,-2.981
20090901,-2.995
20090902,-2.985
20090903,-2.98
20090904,-2.989
20090905,-2.959
20090906,-2.894
20090907,-2.85
20090908,-2.832
20090909,-2.851
20090910,-2.855
20090911,-2.849
20090912,-2.872
20090913,-2.884
20090914,-2.898
20090915,-2.911
20090916,-2.923
20090917,-2.936
20090918,-2.922
20090919,-2.947
20090920,-2.968
20090921,-2.982
20090922,-2.988
20090923,-2.992
20090924,-3.006
20090925,-3.01
20090926,-3.011
20090927,-3.03
20090928,-3.025
20090929,-3.043
20090930,-3.032
20091001,-3.047
20091002,-3.047
20091003,-3.029
20091004,-3.045
20091005,-3.05
20091006,-3.05
20091007,-3.066
20091008,-3.06
20091009,-3.055
20091010,-3.053
20091011,-3.04
20091012,-3.039
20091013,-3.03
20091014,-3.021
20091015,-3.001
20091016,-3.006
20091017,-2.999
20091018,-2.978
20091019,-2.967
20091020,-2.961
20091021,-2.962
20091022,-2.962
20091023,-2.968
20091024,-2.961
20091025,-2.949
20091026,-2.953
20091027,-2.936
20091028,-2.917
20091029,-2.908
20091030,-2.893
20091031,-2.863
20091101,-2.847
20091102,-2.838
20091103,-2.737
20091104,-2.682
20091105,-2.673
20091106,-2.652
20091107,-2.645
20091108,-2.644
20091109,-2.654
20091110,-2.653
20091111,-2.557
20091112,-2.509
20091113,-2.506
20091114,-2.461
20091115,-2.431
20091116,-2.381
20091117,-2.396
20091118,-2.429
20091119,-2.319
20091120,-2.405
20091121,-2.42
20091122,-2.384
20091123,-2.317
20091124,-2.191
20091125,-2.251
20091126,-2.253
20091127,-2.162
20091128,-2.085
20091129,-2.117
20091130,-2.184
20091201,-2.286
20091202,-2.336
20091203,-2.299
20091204,-2.335
20091205,-2.184
20091206,-2.054
20091207,-2.094
20091208,-2.058
20091209,-2.157
20091210,-2.041
20091211,-2.055
20091212,-2.149
20091213,-2.243
20091214,-2.3
20091215,-2.353
20091216,-2.364
20091217,-2.394
20091218,-2.399
20091219,-2.371
20091220,-2.348
20091221,-2.35
20091222,-2.338
20091223,-2.299
20091224,-2.292
20091225,-2.138
20091226,-1.765
20091227,-1.802
20091228,-1.806
20091229,-2.065
20091230,-2.135
20091231,-2.174
20100101,-2.225
20100102,-2.275
20100103,-2.273
20100104,-2.282
20100105,-2.29
20100106,-2.32
20100107,-2.353
20100108,-2.367
20100109,-2.395
20100110,-2.408
20100111,-2.426
20100112,-2.411
20100113,-2.421
20100114,-2.447
20100115,-2.456
20100116,-2.356
20100117,-2.379
20100118,-2.198
20100119,-2.146
20100120,-2.21
20100121,-2.292
20100122,-2.33
20100123,-2.392
20100124,-2.42
20100125,-2.45
20100126,-2.476
20100127,-2.455
20100128,-2.362
20100129,-2.323
20100130,-2.293
20100131,-2.313
20100201,-2.281
20100202,-2.145
20100203,-1.888
20100204,-1.825
20100205,-2.01
20100206,-2.061
20100207,-2.146
20100208,-2.215
20100209,-2.277
20100210,-2.338
20100211,-2.348
20100212,-2.383
20100213,-2.394
20100214,-2.419
20100215,-2.429
20100216,-2.445
20100217,-2.468
20100218,-2.494
20100219,-2.468
20100220,-2.41
20100221,-2.402
20100222,-2.254
20100223,-2.059
20100224,-2.082
20100225,-1.984
20100226,-2.053
20100227,-2.08
20100228,-1.983
20100301,-1.84
20100302,-2.043
20100303,-2.143
20100304,-2.224
20100305,-2.242
20100306,-2.135
20100307,-2.258
20100308,-2.227
20100309,-2.317
20100310,-2.342
20100311,-2.333
20100312,-2.379
20100313,-2.385
20100314,-2.375
20100315,-2.394
20100316,-2.364
20100317,-2.392
20100318,-2.419
20100319,-2.442
20100320,-2.228
20100321,-2.17
20100322,-2.276
20100323,-2.351
20100324,-2.381
20100325,-2.43
20100326,-2.457
20100327,-2.472
20100328,-2.471
20100329,-2.492
20100330,-2.494
20100331,-2.497
20100401,-2.476
20100402,-2.352
20100403,-2.424
20100404,-2.024
20100405,-2.171
20100406,-2.228
20100407,-2.31
20100408,-2.381
20100409,-2.424
20100410,-2.446
20100411,-2.482
20100412,-2.504
20100413,-2.527
20100414,-2.538
20100415,-2.555
20100416,-2.568
20100417,-2.571
20100418,-2.58
20100419,-2.604
20100420,-2.598
20100421,-2.614
20100422,-2.625
20100423,-2.629
20100424,-2.638
20100425,-2.633
20100426,-2.664
20100427,-2.656
20100428,-2.656
20100429,-2.659
20100430,-2.681
20100501,-2.674
20100502,-2.678
20100503,-2.613
20100504,-2.509
20100505,-2.521
20100506,-2.572
20100507,-2.6
20100508,-2.607
20100509,-2.594
20100510,-2.572
20100511,-2.599
20100512,-2.529
20100513,-2.284
20100514,-2.343
20100515,-2.407
20100516,-2.452
20100517,-2.518
20100518,-2.542
20100519,-2.574
20100520,-2.593
20100521,-2.614
20100522,-2.626
20100523,-2.643
20100524,-2.663
20100525,-2.662
20100526,-2.676
20100527,-2.69
20100528,-2.706
20100529,-2.715
20100530,-2.728
20100531,-2.739
20100601,-2.744
20100602,-2.761
20100603,-2.773
20100604,-2.789
20100605,-2.798
20100606,-2.802
20100607,-2.803
20100608,-2.794
20100609,-2.799
20100610,-2.781
20100611,-2.78
20100612,-2.806
20100613,-2.802
20100614,-2.804
20100615,-2.842
20100616,-2.852
20100617,-2.85
20100618,-2.853
20100619,-2.851
20100620,-2.885
20100621,-2.871
20100622,-2.885
20100623,-2.883
20100624,-2.906
20100625,-2.916
20100626,-2.905
20100627,-2.933
20100628,-2.939
20100629,-2.941
20100630,-2.94
20100701,-2.965
20100702,-2.992
20100703,-2.989
20100704,-2.967
20100705,-2.972
20100706,-2.99
20100707,-3.008
20100708,-3.019
20100709,-3.002
20100710,-3.038
20100711,-2.846
20100712,-2.791
20100713,-2.76
20100714,-2.771
20100715,-2.771
20100716,-2.742
20100717,-2.775
20100718,-2.751
20100719,-2.774
20100720,-2.801
20100721,-2.829
20100722,-2.848
20100723,-2.883
20100724,-2.889
20100725,-2.909
20100726,-2.915
20100727,-2.953
20100728,-2.946
20100729,-2.975
20100730,-2.965
20100731,-2.963
20100801,-2.971
20100802,-2.988
20100803,-2.982
20100804,-2.99
20100805,-2.978
20100806,-3.004
20100807,-2.995
20100808,-3.004
20100809,-2.996
20100810,-2.971
20100811,-2.968
20100812,-2.93
20100813,-2.914
20100814,-2.928
20100815,-2.939
20100816,-2.948
20100817,-2.947
20100818,-2.932
20100819,-2.929
20100820,-2.91
20100821,-2.929
20100822,-2.923
20100823,-2.911
20100824,-2.927
20100825,-2.921
20100826,-2.936
20100827,-2.815
20100828,-2.531
20100829,-2.392
20100830,-1.94
20100831,-2.169
20100901,-2.298
20100902,-2.382
20100903,-2.403
20100904,-2.437
20100905,-2.464
20100906,-2.5
20100907,-2.525
20100908,-2.554
20100909,-2.563
20100910,-2.555
20100911,-2.566
20100912,-2.575
20100913,-2.593
20100914,-2.388
20100915,-2.097
20100916,-2.0
20100917,-2.137
20100918,-2.127
20100919,-2.24
20100920,-2.134
20100921,-2.225
20100922,-2.29
20100923,-2.356
20100924,-2.107
20100925,-2.01
20100926,-2.147
20100927,-2.14
20100928,-2.202
20100929,-2.273
20100930,-2.316
20101001,-2.335
20101002,-2.266
20101003,-2.218
20101004,-2.343
20101005,-2.41
20101006,-2.417
20101007,-2.452
20101008,-2.457
20101009,-2.467
20101010,-2.494
20101011,-2.528
20101012,-2.536
20101013,-2.556
20101014,-2.577
20101015,-2.566
20101016,-2.493
20101017,-2.496
20101018,-2.504
20101019,-2.36
20101020,-2.082
20101021,-1.87
20101022,-2.051
20101023,-2.129
20101024,-2.042
20101025,-2.195
20101026,-2.249
20101027,-2.146
20101028,-2.226
20101029,-2.222
20101030,-2.301
20110103,-2.383
20110104,-2.395
20110105,-2.412
20110106,-2.392
20110107,-2.254
20110108,-2.169
20110109,-2.231
20110110,-2.29
20110111,-2.316
20110112,-2.302
20110113,-2.171
20110114,-2.065
20110115,-1.98
20110116,-2.053
20110117,-2.15
20110118,-2.144
20110119,-2.221
20110120,-2.263
20110121,-2.305
20110122,-2.28
20110123,-2.319
20110124,-2.346
20110125,-2.263
20110126,-2.3
20110127,-2.373
20110128,-2.403
20110129,-2.427
20110130,-2.444
20110131,-2.449
20110201,-2.457
20110202,-2.45
20110203,-2.426
20110204,-2.393
20110205,-2.371
20110206,-2.427
20110207,-2.435
20110208,-2.725
20110209,-2.703
20110210,-2.65
20110211,-2.626
20110212,-2.612
20110213,-2.586
20110214,-2.621
20110215,-2.538
20110216,-2.479
20110217,-2.559
20110218,-2.695
20110219,-2.708
20110220,-2.737
20110221,-2.76
20110222,-2.753
20110223,-2.768
20110224,-2.853
20110225,-2.836
20110226,-2.693
20110227,-2.717
20110228,-2.93
20110301,-3.052
20110302,-3.102
20110303,-3.063
20110304,-3.005
20110305,-2.96
20110306,-3.013
20110307,-3.074
20110308,-2.587
20110309,-2.592
20110310,-2.598
20110311,-2.615
20110312,-2.596
20110313,-2.627
20110314,-2.637
20110315,-2.62
20110316,-2.628
20110317,-2.657
20110318,-2.671
20110319,-2.661
20110320,-2.661
20110321,-2.681
20110322,-2.676
20110323,-2.678
20110324,-2.678
20110325,-2.683
20110326,-2.687
20110327,-2.685
20110328,-2.707
20110329,-2.714
20110330,-2.713
20110331,-2.707
20110401,-2.711
20110402,-2.706
20110403,-2.734
20110404,-2.755
20110405,-2.712
20110406,-2.754
20110407,-2.76
20110408,-2.76
20110409,-2.778
20110410,-2.788
20110411,-2.777
20110412,-2.796
20110413,-2.806
20110414,-2.807
20110415,-2.812
20110416,-2.822
20110417,-2.836
20110418,-2.825
20110419,-2.828
20110420,-3.162
20110421,-3.159
20110422,-3.185
20110423,-3.152
20110424,-3.138
20110425,-2.886
20110426,-2.801
20110427,-2.834
20110428,-2.778
20110429,-2.807
20110430,-2.83
20110501,-2.783
20110502,-2.868
20110503,-2.935
20110504,-2.83
20110505,-2.849
20110506,-2.834
20110507,-2.735
20110508,-2.793
20110509,-2.655
20110510,-2.795
20110511,-3.016
20110512,-3.022
20110513,-3.022
20110514,-3.029
20110515,-3.035
20110516,-3.04
20110517,-3.265
20110519,-3.087
20110520,-3.08
20110521,-3.082
20110522,-3.09
20110523,-3.085
20110524,-3.109
20110525,-3.095
20110526,-3.105
20110527,-3.109
20110528,-3.099
20110529,-3.103
20110530,-3.099
20110531,-3.113
20110601,-3.11
20110602,-3.111
20110603,-3.114
20110604,-3.109
20110605,-3.104
20110606,-3.105
20110607,-3.1
20110608,-3.096
20110609,-3.101
20110610,-3.101
20110611,-3.109
20110612,-3.106
20110613,-3.107
20110614,-3.116
20110615,-3.108
20110616,-3.113
20110617,-3.1
20110618,-3.086
20110619,-3.089
20110620,-3.062
20110621,-3.041
20110622,-3.028
20110623,-3.024
20110624,-3.015
20110625,-2.987
20110626,-2.985
20110627,-2.971
20110628,-2.972
20110629,-2.988
20110630,-2.978
20110701,-2.984
20110702,-2.981
20110703,-2.989
20110704,-3.0
20110705,-2.998
20110706,-3.012
20110707,-3.013
20110708,-3.027
20110709,-3.039
20110710,-3.041
20110711,-3.053
20110712,-3.055
20110713,-3.068
20110714,-3.027
20110715,-3.007
20110716,-2.951
20110717,-2.92
20110718,-2.834
20110719,-2.786
20110720,-2.764
20110721,-2.763
20110722,-2.768
20110723,-2.78
20110724,-2.785
20110725,-2.551
20110726,-2.522
20110727,-2.556
20110728,-2.595
20110729,-2.634
20110730,-2.665
20110731,-2.689
20110801,-2.701
20110802,-2.717
20110803,-2.721
20110804,-2.736
20110805,-2.725
20110806,-2.685
20110807,-2.688
20110808,-2.654
20110809,-2.635
20110810,-2.606
20110811,-2.529
20110812,-2.44
20110813,-2.464
20110814,-2.507
20110815,-2.556
20110816,-2.584
20110817,-2.632
20110818,-2.652
20110819,-2.682
20110820,-2.694
20110821,-2.698
20110822,-2.72
20110823,-2.734
20110824,-2.747
20110825,-2.752
20110826,-2.754
20110827,-2.768
20110828,-2.762
20110829,-2.736
20110830,-2.679
20110831,-2.671
20110901,-2.66
20110902,-2.663
20110903,-2.675
20110904,-2.692
20110905,-2.695
20110906,-2.682
20110907,-2.636
20110908,-2.317
20110909,-2.217
20110910,-2.272
20110911,-2.255
20110912,-2.333
20110913,-2.406
20110914,-2.468
20110915,-2.447
20110916,-2.488
20110917,-2.529
20110918,-2.438
20110919,-2.481
20110920,-2.533
20110921,-2.562
20110922,-2.597
20110923,-2.616
20110924,-2.635
20110925,-2.653
20110926,-2.665
20110927,-2.685
20110928,-2.686
20110929,-2.69
20110930,-2.701
20111001,-2.714
20111002,-2.714
20111003,-2.719
20111004,-2.734
20111005,-2.735
20111006,-2.735
20111007,-2.52
20111008,-2.216
20111009,-2.26
20111010,-2.117
20111011,-2.103
20111012,-2.173
20111013,-2.229
20111014,-2.305
20111015,-2.359
20111016,-2.405
20111017,-2.444
20111018,-2.337
20111019,-2.275
20111020,-2.227
20111021,-2.229
20111022,-2.304
20111023,-2.368
20111024,-2.409
20111025,-2.461
20111026,-2.465
20111027,-2.49
20111028,-2.526
20111029,-2.53
20111030,-2.544
20111031,-2.553
20111101,-2.554
20111102,-2.563
20111103,-2.545
20111104,-2.575
20111105,-2.587
20111106,-2.614
20111107,-2.615
20111108,-2.621
20111109,-2.634
20111110,-2.645
20111111,-2.65
20111112,-2.667
20111113,-2.675
20111114,-2.67
20111115,-2.677
20111116,-2.683
20111117,-2.689
20111118,-2.697
20111119,-2.706
20111120,-2.71
20111121,-2.716
20111122,-2.723
20111123,-2.726
20111124,-2.725
20111125,-2.733
20111126,-2.719
20111127,-2.728
20111128,-2.738
20111129,-2.727
20111130,-2.752
20111201,-2.738
20111202,-2.576
20111203,-2.391
20111204,-2.298
20111205,-2.158
20111206,-2.036
20111207,-2.02
20111208,-2.037
20111209,-2.007
20111210,-2.059
20111211,-2.144
20111212,-2.155
20111213,-1.942
20111214,-2.041
20111215,-2.09
20111216,-1.903
20111217,-1.985
20111218,-1.923
20111219,-2.016
20111220,-1.884
20111221,-1.977
20111222,-1.989
20111223,-2.099
20111224,-1.838
20111225,-1.993
20111226,-2.118
20111227,-2.185
20111228,-2.205
20111229,-2.248
20111230,-1.978
20111231,-1.965
20120101,-2.041
20120102,-1.72
20120103,-1.639
20120104,-1.735
20120105,-1.691
20120106,-1.804
20120107,-1.753
20120108,-1.908
20120109,-2.019
20120110,-2.135
20120111,-2.189
20120112,-2.195
20120113,-2.237
20120114,-2.284
20120115,-2.305
20120116,-2.347
20120117,-2.368
20120118,-2.353
20120119,-2.121
20120120,-2.147
20120121,-1.994
20120122,-2.139
20120123,-2.154
20120124,-2.177
20120125,-2.242
20120126,-2.267
20120127,-2.18
20120128,-2.294
20120129,-2.341
20120130,-2.375
20120131,-2.418
20120201,-2.446
20120202,-2.459
20120203,-2.478
20120204,-2.49
20120205,-2.512
20120206,-2.527
20120207,-2.546
20120208,-2.557
20120209,-2.566
20120210,-2.575
20120211,-2.584
20120212,-2.587
20120213,-2.586
20120214,-2.562
20120215,-2.473
20120216,-2.451
20120217,-2.36
20120218,-2.292
20120219,-2.266
20120220,-2.336
20120221,-2.239
20120222,-2.292
20120223,-2.236
20120224,-2.307
20120225,-2.365
20120226,-2.407
20120227,-2.419
20120228,-2.429
20120229,-2.448
20120301,-2.464
20120302,-2.484
20120303,-2.487
20120304,-2.496
20120305,-2.449
20120306,-2.492
20120307,-2.484
20120308,-2.281
20120309,-2.337
20120310,-2.376
20120311,-2.427
20120312,-2.471
20120313,-2.505
20120314,-2.524
20120315,-2.534
20120316,-2.552
20120317,-2.563
20120318,-2.583
20120319,-2.609
20120320,-2.608
20120321,-2.622
20120322,-2.625
20120323,-2.634
20120324,-2.648
20120325,-2.66
20120326,-2.665
20120327,-2.666
20120328,-2.666
20120329,-2.674
20120330,-2.683
20120331,-2.7
20120401,-2.696
20120402,-2.705
20120403,-2.707
20120404,-2.732
20120405,-2.732
20120406,-2.725
20120407,-2.751
20120408,-2.742
20120409,-2.741
20120410,-2.749
20120411,-2.756
20120412,-2.762
20120413,-2.759
20120414,-2.768
20120415,-2.786
20120416,-2.782
20120417,-2.757
20120418,-2.772
20120419,-2.787
20120420,-2.799
20120421,-2.8
20120422,-2.805
20120423,-2.802
20120424,-2.806
20120425,-2.77
20120426,-2.75
20120427,-2.746
20120428,-2.754
20120429,-2.722
20120430,-2.726
20120501,-2.736
20120502,-2.73
20120503,-2.737
20120504,-2.745
20120505,-2.769
20120506,-2.777
20120507,-2.792
20120508,-2.785
20120509,-2.806
20120510,-2.784
20120511,-2.742
20120512,-2.725
20120513,-2.711
20120514,-2.716
20120515,-2.733
20120516,-2.746
20120517,-2.719
20120518,-2.72
20120519,-2.732
20120520,-2.744
20120521,-2.764
20120522,-2.785
20120523,-2.801
20120524,-2.807
20120525,-2.816
20120526,-2.829
20120527,-2.838
20120528,-2.853
20120529,-2.865
20120530,-2.865
20120531,-2.869
20120601,-2.883
20120602,-2.882
20120603,-2.894
20120604,-2.888
20120605,-2.9
20120606,-2.892
20120607,-2.892
20120608,-2.899
20120609,-2.904
20120610,-2.911
20120611,-2.911
20120612,-2.836
20120613,-2.792
20120614,-2.787
20120615,-2.78
20120616,-2.8
20120617,-2.8
20120618,-2.821
20120619,-2.806
20120620,-2.816
20120621,-2.814
20120622,-2.825
20120623,-2.763
20120624,-2.68
20120625,-2.534
20120626,-2.547
20120627,-2.579
20120628,-2.597
20120629,-2.627
20120630,-2.66
20120701,-2.672
20120702,-2.673
20120703,-2.689
20120704,-2.701
20120705,-2.717
20120706,-2.607
20120707,-2.63
20120708,-2.651
20120709,-2.641
20120710,-2.61
20120711,-2.377
20120712,-2.178
20120713,-2.18
20120714,-2.23
20120715,-2.286
20120716,-2.195
20120717,-2.108
20120718,-2.081
20120719,-1.984
20120720,-2.172
20120721,-2.289
20120722,-2.366
20120723,-2.42
20120724,-2.463
20120725,-2.506
20120726,-2.541
20120727,-2.555
20120728,-2.592
20120729,-2.61
20120730,-2.507
20120731,-2.398
20120801,-2.376
20120802,-2.263
20120803,-2.318
20120804,-2.409
20120805,-2.432
20120806,-2.149
20120807,-2.057
20120808,-2.222
20120809,-2.329
20120810,-2.396
20120811,-2.448
20120812,-2.484
20120813,-2.521
20120814,-2.546
20120815,-2.562
20120816,-2.602
20120817,-2.611
20120818,-2.63
20120819,-2.644
20120820,-2.675
20120821,-2.663
20120822,-2.676
20120823,-2.682
20120824,-2.692
20120825,-2.695
20120826,-2.676
20120827,-2.517
20120828,-2.535
20120829,-2.554
20120830,-2.596
20120831,-2.32
20120901,-2.271
20120902,-2.361
20120903,-2.431
20120904,-2.474
20120905,-2.533
20120906,-2.565
20120907,-2.588
20120908,-2.61
20120909,-2.618
20120910,-2.645
20120911,-2.66
20120912,-2.662
20120913,-2.687
20120914,-2.672
20120915,-2.698
20120916,-2.703
20120917,-2.72
20120918,-2.728
20120919,-2.736
20120920,-2.747
20120921,-2.747
20120922,-2.754
20120923,-2.716
20120924,-2.694
20120925,-2.319
20120926,-2.344
20120927,-2.412
20120928,-2.455
20120929,-2.501
20120930,-2.521
20121001,-2.552
20121002,-2.56
20121003,-2.47
20121004,-2.103
20121005,-1.979
20121006,-1.876
20121007,-2.101
20121008,-2.194
20121009,-2.269
20121010,-2.314
20121011,-2.34
20121012,-2.223
20121013,-2.035
20121014,-1.991
20121015,-1.93
20121016,-1.991
20121017,-2.124
20121018,-2.053
20121019,-1.835
20121020,-2.035
20121021,-2.138
20121022,-2.215
20121023,-2.27
20121024,-2.276
20121025,-2.316
20121026,-2.345
20121027,-2.39
20121028,-2.341
20121029,-2.242
20121030,-1.916
20121031,-2.069
20121101,-2.151
20121102,-1.934
20121103,-2.116
20121104,-2.067
20121105,-1.882
20121106,-1.846
20121107,-1.848
20121108,-1.999
20121109,-2.076
20121110,-2.112
20121111,-2.151
20121112,-2.175
20121113,-2.253
20121114,-2.282
20121115,-2.317
20121116,-2.337
20121117,-2.358
20121118,-2.296
20121119,-2.37
20121120,-2.386
20121121,-2.393
20121122,-2.417
20121123,-2.436
20121124,-2.352
20121125,-2.195
20121126,-2.295
20121127,-2.365
20121128,-2.394
20121129,-2.413
20121130,-2.406
20121201,-2.262
20121202,-1.957
20121203,-2.088
20121204,-2.03
20121205,-1.986
20121206,-2.066
20121207,-2.138
20121208,-2.235
20121209,-1.792
20121210,-1.781
20121211,-1.94
20121212,-1.897
20121213,-1.883
20121214,-2.003
20121215,-1.793
20121216,-1.755
20121217,-1.828
20121218,-1.809
20121219,-1.957
20121220,-2.051
20121221,-1.899
20121222,-1.742
20121223,-1.696
20121224,-1.731
20121225,-1.694
20121226,-1.733
20121227,-1.725
20121228,-1.843
20121229,-1.891
20121230,-2.027
20121231,-2.108
20130101,-1.769
20130102,-1.839
20130103,-1.993
20130104,-2.12
20130105,-2.199
20130106,-2.226
20130107,-2.257
20130108,-2.233
20130109,-1.947
20130110,-1.972
20130111,-2.072
20130112,-2.184
20130113,-2.265
20130114,-2.301
20130115,-2.347
20130116,-2.383
20130117,-2.393
20130118,-2.387
20130119,-2.412
20130120,-2.44
20130121,-2.462
20130122,-2.47
20130123,-2.474
20130124,-2.495
20130125,-2.493
20130126,-2.492
20130127,-2.348
20130128,-2.15
20130129,-2.011
20130130,-1.695
20130131,-1.791
20130201,-1.878
20130202,-1.848
20130203,-2.001
20130204,-1.746
20130205,-1.789
20130206,-1.992
20130207,-2.089
20130208,-2.143
20130209,-2.198
20130210,-2.193
20130211,-2.267
20130212,-2.316
20130213,-2.324
20130214,-2.33
20130215,-2.332
20130216,-2.268
20130217,-2.34
20130218,-2.366
20130219,-2.362
20130220,-2.4
20130221,-2.421
20130222,-2.429153846153846
20130223,-2.4490416666666666
20130224,-2.456041666666667
20130225,-2.4227499999999993
20130226,-2.4573750000000003
20130227,-2.470125
20130228,-2.4792499999999995
20130301,-2.4945
20130302,-2.501166666666667
20130303,-2.511875
20130304,-2.508166666666667
20130305,-2.5171666666666668
20130306,-2.528958333333333
20130307,-2.5397499999999997
20130308,-2.5507916666666666
20130309,-2.5195833333333337
20130310,-2.3490000000000006
20130311,-2.388500000000001
20130312,-2.4209999999999994
20130313,-2.4503333333333335
20130314,-2.481458333333333
20130315,-2.4937083333333336
20130316,-2.4575000000000005
20130317,-2.4503333333333335
20130318,-2.3966666666666665
20130319,-2.369666666666667
20130320,-2.4310416666666668
20130321,-2.4776666666666665
20130322,-2.5018333333333334
20130323,-2.5296249999999993
20130324,-2.55575
20130325,-2.5712916666666668
20130326,-2.5781250000000004
20130327,-2.5856250000000007
20130328,-2.593333333333334
20130329,-2.60025
20130330,-2.611083333333333
20130331,-2.6169583333333333
20130401,-2.6206666666666667
20130402,-2.6320416666666673
20130403,-2.6365833333333337
20130404,-2.6406250000000004
20130405,-2.6516249999999997
20130406,-2.661208333333333
20130407,-2.6532500000000003
20130408,-2.6537916666666663
20130409,-2.658791666666666
20130410,-2.6634999999999995
20130411,-2.629541666666667
20130412,-2.5789166666666667
20130413,-2.479041666666667
20130414,-2.4131666666666667
20130415,-2.4067499999999993
20130416,-2.4057083333333336
20130417,-2.410875
20130418,-2.4226666666666667
20130419,-2.455291666666667
20130420,-2.461583333333334
20130421,-2.4545000000000003
20130422,-2.4618333333333338
20130423,-2.479625
20130424,-2.485124999999999
20130425,-2.4832916666666667
20130426,-2.4880833333333325
20130427,-2.4942916666666664
20130428,-2.490291666666666
20130429,-2.4955
20130430,-2.507166666666667
20130501,-2.5059166666666663
20130502,-2.517416666666667
20130503,-2.518166666666667
20130504,-2.5259583333333326
20130505,-2.5414583333333334
20130506,-2.547708333333333
20130507,-2.556583333333333
20130508,-2.5589999999999997
20130509,-2.564666666666667
20130510,-2.576416666666667
20130511,-2.579500000000001
20130512,-2.579333333333334
20130513,-2.56075
20130514,-2.4898750000000005
20130515,-2.458125
20130516,-2.471791666666667
20130517,-2.420291666666666
20130518,-2.40575
20130519,-2.412625
20130520,-2.427458333333333
20130521,-2.215416666666667
20130522,-2.1693749999999996
20130523,-2.244875
20130524,-2.3183333333333334
20130525,-2.3539999999999996
20130526,-2.304333333333333
20130527,-2.360833333333334
20130528,-2.4110416666666663
20130529,-2.4524166666666667
20130530,-2.4869583333333334
20130531,-2.514125
20130601,-2.5417916666666667
20130602,-2.5650833333333334
20130603,-2.5802916666666667
20130604,-2.5922083333333332
20130605,-2.6102083333333335
20130606,-2.630458333333334
20130607,-2.645541666666667
20130608,-2.6531249999999997
20130609,-2.6644166666666664
20130610,-2.6755
20130611,-2.686608695652174
20130612,-2.6978750000000002
20130613,-2.6513333333333335
20130614,-2.6495416666666665
20130615,-2.6592499999999997
20130616,-2.678291666666667
20130617,-2.7007500000000007
20130618,-2.713625000000001
20130619,-2.7252500000000004
20130620,-2.7302499999999994
20130621,-2.439125
20130622,-2.20525
20130623,-2.1595833333333334
20130624,-2.2072916666666664
20130625,-2.300125
20130626,-2.3526666666666665
20130627,-2.4047916666666667
20130628,-2.3426666666666667
20130629,-2.2772916666666663
20130630,-2.362666666666667
20130701,-2.4256250000000006
20130702,-2.466541666666667
20130703,-2.500208333333333
20130704,-2.5312499999999996
20130705,-2.560291666666667
20130706,-2.5792916666666668
20130707,-2.6041666666666665
20130708,-2.6219583333333336
20130709,-2.635125
20130710,-2.6522083333333333
20130711,-2.666208333333333
20130712,-2.6745000000000005
20130713,-2.689291666666666
20130714,-2.701958333333334
20130715,-2.7172083333333337
20130716,-2.733166666666667
20130717,-2.7509166666666665
20130718,-2.7653750000000006
20130719,-2.777041666666666
20130720,-2.7917916666666662
20130721,-2.803708333333333
20130722,-2.8166249999999997
20130723,-2.832541666666666
20130724,-2.8469583333333333
20130725,-2.855916666666666
20130726,-2.865833333333333
20130727,-2.868375
20130728,-2.875458333333333
20130729,-2.8755
20130730,-2.879291666666667
20130731,-2.8828333333333336
20130801,-2.8737499999999994
20130802,-2.8801249999999996
20130803,-2.89575
20130804,-2.9003333333333337
20130805,-2.904541666666667
20130806,-2.9197500000000005
20130807,-2.927
20130808,-2.9320833333333334
20130809,-2.924083333333334
20130810,-2.927958333333334
20130811,-2.9294999999999995
20130812,-2.935166666666667
20130813,-2.9484166666666662
20130814,-2.9530000000000007
20130815,-2.9494166666666666
20130816,-2.954416666666667
20130817,-2.9579583333333335
20130818,-2.964458333333333
20130819,-2.978916666666667
20130820,-2.9699999999999993
20130821,-2.9600000000000004
20130822,-2.95975
20130823,-2.9629166666666666
20130824,-2.964666666666666
20130825,-2.9768749999999997
20130826,-2.9838333333333327
20130827,-2.9903333333333335
20130828,-2.998958333333333
20130829,-2.999041666666667
20130830,-3.002583333333334
20130831,-3.0140000000000007
20130901,-3.0126666666666675
20130902,-3.0205416666666665
20130903,-3.0275
20130904,-3.0273749999999997
20130905,-3.0262499999999997
20130906,-3.0366249999999995
20130907,-3.0433749999999993
20130908,-3.0237499999999997
20130909,-2.9432499999999995
20130910,-2.9251666666666662
20130911,-2.9131249999999995
20130912,-2.8930833333333332
20130913,-2.868958333333333
20130914,-2.8559583333333336
20130915,-2.7897083333333335
20130916,-2.754125
20130917,-2.6884166666666665
20130918,-2.6034583333333337
20130919,-2.558375
20130920,-2.535833333333333
20130921,-2.5424583333333333
20130922,-2.5727916666666673
20130923,-2.5995833333333334
20130924,-2.6195
20130925,-2.6375416666666665
20130926,-2.663416666666666
20130927,-2.6680833333333323
20130928,-2.6815416666666665
20130929,-2.697791666666667
20130930,-2.7153750000000003
20131001,-2.730625
20131002,-2.744666666666666
20131003,-2.754583333333333
20131004,-2.7647083333333335
20131005,-2.7702499999999994
20131006,-2.7747083333333333
20131007,-2.786958333333333
20131008,-2.7959999999999994
20131009,-2.7964583333333324
20131010,-2.8152500000000007
20131011,-2.831791666666667
20131012,-2.8259166666666666
20131013,-2.8072499999999994
20131014,-2.756
20131015,-2.7006666666666663
20131016,-2.644416666666667
20131017,-2.628666666666667
20131018,-2.629083333333333
20131019,-2.6272083333333334
20131020,-2.6056666666666675
20131021,-2.5813750000000004
20131022,-2.582125
20131023,-2.6003333333333334
20131024,-2.61975
20131025,-2.6245
20131026,-2.635791666666667
20131027,-2.639208333333333
20131028,-2.590875
20131029,-2.484625
20131030,-2.3928333333333334
20131031,-2.372458333333334
20131101,-2.37675
20131102,-2.3129999999999997
20131103,-2.339458333333333
20131104,-2.264583333333334
20131105,-2.184208333333333
20131106,-2.1182083333333335
20131107,-2.0686666666666667
20131108,-2.145541666666666
20131109,-2.076875
20131110,-1.9437083333333336
20131111,-2.03025
20131112,-2.074708333333333
20131113,-2.12775
20131114,-2.186875
20131115,-2.2166666666666663
20131116,-2.266583333333333
20131117,-2.30125
20131118,-2.291083333333334
20131119,-2.296958333333334
20131120,-2.306875
20131121,-2.3650416666666674
20131122,-2.398208333333333
20131123,-2.414791666666666
20131124,-2.4382916666666667
20131125,-2.438708333333333
20131126,-2.4310416666666663
20131127,-2.4399166666666665
20131128,-2.4493750000000007
20131129,-2.4030416666666667
20131130,-2.1527083333333343
20131201,-2.2146250000000003
20131202,-2.291708333333333
20131203,-2.338708333333333
20131204,-2.365416666666667
20131205,-2.2920416666666665
20131206,-2.164625
20131207,-2.1771666666666665
20131208,-2.2371250000000003
20131209,-2.2484166666666665
20131210,-2.304208333333334
20131211,-2.3572916666666663
20131212,-2.390916666666667
20131213,-2.421791666666667
20131214,-2.360833333333333
20131215,-2.2811250000000003
20131216,-2.317375
20131217,-2.2794166666666666
20131218,-2.2478749999999996
20131219,-2.173083333333333
20131220,-2.20525
20131221,-2.1022916666666664
20131222,-1.9102500000000002
20131223,-1.9142499999999998
20131224,-1.816958333333333
20131225,-1.7732083333333335
20131226,-1.8862916666666665
20131227,-1.8176666666666665
20131228,-1.870291666666667
20131229,-1.9750416666666668
20131230,-2.0222916666666664
20131231,-2.0625000000000004
20140101,-2.062125
20140102,-2.0835416666666666
20140103,-2.074458333333333
20140104,-2.010291666666667
20140105,-2.0657083333333337
20140106,-1.9593749999999996
20140107,-1.7345833333333325
20140108,-1.7559166666666666
20140109,-1.7199583333333335
20140110,-1.7317916666666664
20140111,-1.744916666666667
20140112,-1.8223749999999999
20140113,-1.8881249999999996
20140114,-1.9692500000000004
20140115,-1.9680000000000002
20140116,-1.8192083333333333
20140117,-1.8555833333333334
20140118,-1.9142083333333337
20140119,-2.037875
20140120,-2.1112500000000005
20140121,-2.006333333333333
20140122,-2.0551666666666666
20140123,-2.123958333333334
20140124,-2.155041666666667
20140125,-2.163291666666667
20140126,-1.78325
20140127,-1.7087916666666667
20140128,-1.7859999999999998
20140129,-1.960125
20140130,-2.1043333333333325
20140131,-2.163625
20140201,-1.9916666666666663
20140202,-2.123375
20140203,-2.214541666666666
20140204,-2.245791666666667
20140205,-2.2611250000000003
20140206,-2.2644166666666665
20140207,-1.9035
20140208,-1.8574166666666667
20140209,-1.89525
20140210,-1.992708333333334
20140211,-2.091583333333333
20140212,-2.093375
20140213,-2.162666666666667
20140214,-2.176625
20140215,-2.0820416666666666
20140216,-2.201333333333334
20140217,-2.279625
20140218,-2.300333333333333
20140219,-2.313958333333334
20140220,-2.279375
20140221,-2.144041666666667
20140222,-2.2715416666666663
20140223,-2.3428749999999994
20140224,-2.3651249999999995
20140225,-2.3829166666666666
20140226,-2.397041666666666
20140227,-2.3743749999999997
20140228,-2.3660833333333335
20140301,-2.4137499999999994
20140302,-2.4251666666666662
20140303,-2.4419583333333335
20140304,-2.4650833333333333
20140305,-2.4839999999999995
20140306,-2.489916666666667
20140307,-2.500125
20140308,-2.5139583333333335
20140309,-2.5229583333333334
20140310,-2.541
20140311,-2.557375
20140312,-2.563541666666667
20140313,-2.5726666666666667
20140314,-2.5755833333333333
20140315,-2.5857916666666667
20140316,-2.591291666666667
20140317,-2.6005
20140318,-2.60075
20140319,-2.5549166666666663
20140320,-2.55425
20140321,-2.437
20140322,-2.2895
20140323,-2.361833333333333
20140324,-2.4149583333333333
20140325,-2.4557083333333334
20140326,-2.472625
20140327,-2.4865
20140328,-2.518666666666667
20140329,-2.542208333333333
20140330,-2.5635
20140331,-2.582708333333334
20140401,-2.5967499999999992
20140402,-2.6129999999999995
20140403,-2.6242916666666667
20140404,-2.632625
20140405,-2.638458333333334
20140406,-2.642208333333334
20140407,-2.64525
20140408,-2.6085000000000003
20140409,-2.5232083333333337
20140410,-2.521583333333333
20140411,-2.5488749999999993
20140412,-2.5760000000000005
20140413,-2.602583333333333
20140414,-2.6297083333333338
20140415,-2.653916666666667
20140416,-2.659333333333333
20140417,-2.6578749999999993
20140418,-2.6741249999999996
20140419,-2.6835416666666667
20140420,-2.6836249999999997
20140421,-2.6875416666666667
20140422,-2.696666666666667
20140423,-2.707041666666667
20140424,-2.710583333333334
20140425,-2.7112916666666673
20140426,-2.7143750000000004
20140427,-2.7185833333333336
20140428,-2.726458333333333
20140429,-2.7274166666666666
20140430,-2.730583333333333
20140501,-2.7336666666666662
20140502,-2.741291666666667
20140503,-2.7424999999999997
20140504,-2.7446249999999996
20140505,-2.747833333333333
20140506,-2.751416666666667
20140507,-2.760666666666667
20140508,-2.764875
20140509,-2.768291666666667
20140510,-2.7563333333333326
20140511,-2.712666666666667
20140512,-2.6135
20140513,-2.577208333333334
20140514,-2.5938333333333334
20140515,-2.6185833333333335
20140516,-2.639666666666667
20140517,-2.658791666666666
20140518,-2.66925
20140519,-2.6908333333333343
20140520,-2.7136250000000004
20140521,-2.733375
20140522,-2.7475833333333335
20140523,-2.767208333333334
20140524,-2.777583333333333
20140525,-2.7857083333333335
20140526,-2.796041666666666
20140527,-2.4209583333333327
20140528,-2.2231666666666667
20140529,-2.1404583333333336
20140530,-2.2688749999999995
20140531,-2.360791666666667
20140601,-2.4300416666666673
20140602,-2.482041666666667
20140603,-2.518458333333333
20140604,-2.5377916666666667
20140605,-2.314666666666667
20140606,-2.1748749999999997
20140607,-2.306125
20140608,-2.392375
20140609,-2.4533750000000003
20140610,-2.5037916666666673
20140611,-2.536958333333333
20140612,-2.5533333333333323
20140613,-2.572291666666667
20140614,-2.5951250000000003
20140615,-2.6129583333333337
20140616,-2.6255833333333336
20140617,-2.6432083333333334
20140618,-2.6505416666666664
20140619,-2.658541666666667
20140620,-2.6649583333333324
20140621,-2.6728333333333336
20140622,-2.6845000000000003
20140623,-2.6964166666666673
20140624,-2.7102083333333336
20140625,-2.722958333333333
20140626,-2.7332499999999995
20140627,-2.7400416666666665
20140628,-2.7237500000000003
20140629,-2.729083333333333
20140630,-2.741208333333334
20140701,-2.7465416666666673
20140702,-2.754833333333334
20140703,-2.7603333333333335
20140704,-2.770958333333334
20140705,-2.779291666666667
20140706,-2.790666666666666
20140707,-2.8045416666666667
20140708,-2.814166666666667
20140709,-2.817666666666667
20140710,-2.8238333333333334
20140711,-2.83075
20140712,-2.837666666666667
20140713,-2.843541666666667
20140714,-2.853791666666666
20140715,-2.861791666666667
20140716,-2.871375
20140717,-2.8833750000000005
20140718,-2.89575
20140719,-2.8988750000000003
20140720,-2.9103333333333334
20140721,-2.92225
20140722,-2.928041666666667
20140723,-2.934791666666667
20140724,-2.9419166666666663
20140725,-2.947666666666666
20140726,-2.946500000000001
20140727,-2.950583333333334
20140728,-2.942958333333334
20140729,-2.954541666666667
20140730,-2.956208333333333
20140731,-2.9605416666666673
20140801,-2.967625
20140802,-2.9741666666666666
20140803,-2.9834583333333344
20140804,-2.9942499999999996
20140805,-3.0022083333333334
20140806,-3.0031666666666665
20140807,-3.0126666666666666
20140808,-3.0193333333333334
20140809,-3.0149583333333325
20140810,-3.0059166666666663
20140811,-2.9646666666666666
20140812,-2.6991250000000004
20140813,-2.536791666666667
20140814,-2.552916666666667
20140815,-2.5966666666666662
20140816,-2.62675
20140817,-2.6374999999999997
20140818,-2.5330416666666666
20140819,-2.474458333333333
20140820,-2.4114999999999998
20140821,-2.440833333333334
20140822,-2.4445
20140823,-2.3707500000000006
20140824,-2.428833333333334
20140825,-2.4748750000000004
20140826,-2.52175
20140827,-2.5640416666666668
20140828,-2.5942499999999993
20140829,-2.618541666666666
20140830,-2.641
20140831,-2.4769166666666664
20140901,-2.236125
20140902,-2.2800833333333332
20140903,-2.3173750000000006
20140904,-2.3515
20140905,-2.3813750000000002
20140906,-2.402583333333333
20140907,-2.4225
20140908,-2.444791666666667
20140909,-2.467541666666666
20140910,-2.4847499999999996
20140911,-2.500666666666667
20140912,-2.5114583333333336
20140913,-2.521291666666666
20140914,-2.527083333333333
20140915,-2.5337083333333337
20140916,-2.538416666666666
20140917,-2.5422083333333325
20140918,-2.5494999999999997
20140919,-2.557541666666667
20140920,-2.563583333333334
20140921,-2.5664583333333333
20140922,-2.5660833333333337
20140923,-2.5624166666666666
20140924,-2.517541666666667
20140925,-2.4209166666666664
20140926,-2.424958333333333
20140927,-2.44525
20140928,-2.463041666666667
20140929,-2.480666666666666
20140930,-2.493583333333333
20141001,-2.5058750000000005
20141002,-2.504375
20141003,-2.4938333333333333
20141004,-2.4979166666666663
20141005,-2.5212083333333335
20141006,-2.5147083333333335
20141007,-2.4739166666666668
20141008,-2.3882916666666665
20141009,-2.339041666666667
20141010,-2.3695
20141011,-2.392583333333333
20141012,-2.343541666666667
20141013,-2.320625
20141014,-2.319916666666667
20141015,-2.305833333333333
20141016,-2.311083333333333
20141017,-2.266875
20141018,-2.2929166666666663
20141019,-2.319875
20141020,-2.3033749999999995
20141021,-2.229666666666667
20141022,-2.1270000000000002
20141023,-2.154666666666666
20141024,-2.1803333333333335
20141025,-2.153375
20141026,-2.212625
20141027,-2.2589166666666673
20141028,-2.2920833333333333
20141029,-2.3194166666666667
20141030,-2.3285833333333334
20141031,-2.341666666666667
20141101,-2.355625
20141102,-2.364875
20141103,-2.2606666666666664
20141104,-2.1568333333333327
20141105,-2.2130416666666664
20141106,-2.2619583333333333
20141107,-2.2909999999999995
20141108,-2.333708333333333
20141109,-2.3637916666666663
20141110,-2.3751249999999993
20141111,-2.38725
20141112,-2.4
20141113,-2.418416666666667
20141114,-2.424666666666667
20141115,-2.426791666666667
20141116,-2.253833333333333
20141117,-2.050625
20141118,-2.1217916666666663
20141119,-2.183416666666667
20141120,-2.2283333333333335
20141121,-2.2657916666666664
20141122,-2.29375
20141123,-2.319125
20141124,-2.2572916666666667
20141125,-2.2733749999999997
20141126,-2.3110416666666667
20141127,-2.3499166666666667
20141128,-2.3773750000000002
20141129,-2.409708333333333
20141130,-2.435916666666667
20141201,-2.462125000000001
20141202,-2.4807857142857146
20160126,-2.0726
20160127,-1.8749999999999998
20160128,-1.9220000000000002
20160129,-2.03975
20160130,-1.7178749999999998
20160131,-1.773625
20160201,-1.82225
20160202,-1.981625
20160203,-2.1142499999999997
20160204,-2.080125
20160205,-2.0905
20160206,-2.138375
20160207,-2.181375
20160208,-2.0842499999999995
20160209,-1.8755
20160210,-1.7325
20160211,-1.8262500000000002
20160212,-1.950375
20160213,-2.04175
20160214,-1.89375
20160215,-1.8606250000000002
20160216,-2.048375
20160217,-2.118875
20160218,-2.163125
20160219,-2.16125
20160220,-2.05825
20160221,-1.877125
20160222,-1.8283749999999999
20160223,-1.983125
20160224,-2.088
20160225,-2.151125
20160226,-2.200625
20160227,-2.25275
20160228,-2.291625
20160229,-2.319
20160301,-2.2022500000000003
20160302,-1.9036250000000001
20160303,-1.7212499999999997
20160304,-1.73125
20160305,-1.750125
20160306,-1.843375
20160307,-1.920875
20160308,-2.0382499999999997
20160309,-2.120625
20160310,-2.2145
20160311,-2.25575
20160312,-2.2910000000000004
20160313,-2.3267499999999997
20160314,-2.351
20160315,-2.36675
20160316,-2.390125
20160317,-2.405875
20160318,-2.41225
20160319,-2.4295
20160320,-2.412375
20160321,-2.4085000000000005
20160322,-2.4363750000000004
20160323,-2.4372499999999997
20160324,-2.45075
20160325,-2.295875
20160326,-2.301875
20160327,-2.259875
20160328,-2.2635
20160329,-2.3571250000000004
20160330,-2.17225
20160331,-2.27325
20160401,-2.351
20160402,-2.399375
20160403,-2.427125
20160404,-2.2590000000000003
20160405,-2.051
20160406,-2.041375
20160407,-2.0136249999999998
20160408,-1.9928750000000002
20160409,-2.113125
20160410,-2.20925
20160411,-2.276625
20160412,-2.31475
20160413,-2.04325
20160414,-2.176125
20160415,-2.1606249999999996
20160416,-2.098875
20160417,-2.21575
20160418,-2.2883750000000003
20160419,-2.3548750000000003
20160420,-2.398875
20160421,-2.4327500000000004
20160422,-2.46225
20160423,-2.482125
20160424,-2.477875
20160425,-2.3052499999999996
20160426,-2.0101249999999995
20160427,-1.958125
20160428,-1.9886249999999996
20160429,-1.9344999999999999
20160430,-2.038875
20160501,-2.177375
20160502,-2.2491250000000003
20160503,-2.204125
20160504,-2.3205
20160505,-2.373375
20160506,-2.41725
20160507,-2.46225
20160508,-2.50175
20160509,-2.52725
20160510,-2.54875
20160511,-2.56975
20160512,-2.593375
20160513,-2.616875
20160514,-2.63075
20160515,-2.641125
20160516,-2.651625
20160517,-2.6592499999999997
20160518,-2.6654999999999998
20160519,-2.6780000000000004
20160520,-2.683
20160521,-2.69075
20160522,-2.700625
20160523,-2.6997500000000003
20160524,-2.6195
20160525,-2.6105
20160526,-2.627875
20160527,-2.651875
20160528,-2.6750000000000003
20160529,-2.6896250000000004
20160530,-2.7108749999999997
20160531,-2.721375
20160601,-2.7352499999999997
20160602,-2.742625
20160603,-2.745
20160604,-2.750625
20160605,-2.7642499999999997
20160606,-2.773625
20160607,-2.7853749999999997
20160608,-2.79425
20160609,-2.8038749999999997
20160610,-2.81175
20160611,-2.8222500000000004
20160612,-2.826125
20160613,-2.76825
20160614,-2.6235000000000004
20160615,-2.49325
20160616,-2.3806249999999998
20160617,-2.3674999999999997
20160618,-2.362375
20160619,-2.413625
20160620,-2.362875
20160621,-2.194375
20160622,-2.2413749999999997
20160623,-2.237625
20160624,-2.294625
20160625,-2.364125
20160626,-2.3853750000000002
20160627,-2.39325
20160628,-2.3360000000000003
20160629,-2.1091249999999997
20160630,-2.0598750000000003
20160701,-1.97475
20160702,-1.9823750000000002
20160703,-2.10325
20160704,-2.215125
20160705,-2.277
20160706,-2.340125
20160707,-2.393875
20160708,-2.392375
20160709,-2.404375
20160710,-2.4271249999999998
20160711,-2.46725
20160712,-2.495
20160713,-2.518625
20160714,-2.54075
20160715,-2.5564999999999998
20160716,-2.5715000000000003
20160717,-2.5865
20160718,-2.6037500000000002
20160719,-2.620625
20160720,-2.6346249999999998
20160721,-2.65525
20160722,-2.668125
20160723,-2.6805
20160724,-2.687125
20160725,-2.69925
20160726,-2.7074999999999996
20160727,-2.70575
20160728,-2.714125
20160729,-2.707125
20160730,-2.68975
20160731,-2.65
20160801,-2.578875
20160802,-2.52175
20160803,-2.512375
20160804,-2.50425
20160805,-2.531
20160806,-2.553
20160807,-2.58075
20160808,-2.6132500000000003
20160809,-2.640625
20160810,-2.64125
20160811,-2.6005000000000003
20160812,-2.3805
20160813,-2.3897500000000003
20160814,-2.452625
20160815,-2.5065000000000004
20160816,-2.5475000000000003
20160817,-2.5815
20160818,-2.6137499999999996
20160819,-2.637125
20160820,-2.655125
20160821,-2.673
20160822,-2.6805
20160823,-2.6859999999999995
20160824,-2.6892500000000004
20160825,-2.699
20160826,-2.7145
20160827,-2.7287500000000007
20160828,-2.7291250000000002
20160829,-2.7392499999999997
20160830,-2.7461249999999997
20160831,-2.7535
20160901,-2.7652499999999995
20160902,-2.770625
20160903,-2.7797499999999995
20160904,-2.779125
20160905,-2.78875
20160906,-2.7883750000000003
20160907,-2.7928750000000004
20160908,-2.7945
20160909,-2.805125
20160910,-2.8125
20160911,-2.825375
20160912,-2.831875
20160913,-2.8455
20160914,-2.856625
20160915,-2.8640000000000003
20160916,-2.869
20160917,-2.8791249999999997
20160918,-2.889625
20160919,-2.894
20160920,-2.901875
20160921,-2.9069999999999996
20160922,-2.91175
20160923,-2.9221250000000003
20160924,-2.9271249999999998
20160925,-2.9313750000000005
20160926,-2.9425
20160927,-2.945125
20160928,-2.947375
20160929,-2.9457500000000003
20160930,-2.9483749999999995
20161001,-2.9466249999999996
20161002,-2.9442499999999994
20161003,-2.9558750000000003
20161004,-2.963
20161005,-2.9667499999999998
20161006,-2.965625
20161007,-2.96775
20161008,-2.972625
20161009,-2.9755000000000003
20161010,-2.97525
20161011,-2.981875
20161012,-2.9786250000000005
20161013,-2.97825
20161014,-2.97775
20161015,-2.9784999999999995
20161016,-2.985875
20161017,-2.9891249999999996
20161018,-2.98475
20161019,-2.98225
20161020,-2.9665
20161021,-2.942
20161022,-2.9105
20161023,-2.8765
20161024,-2.8645
20161025,-2.8588750000000003
20161026,-2.8565000000000005
20161027,-2.854
20161028,-2.855875
20161029,-2.8564999999999996
20161030,-2.8585
20161031,-2.858625
20161101,-2.85725
20161102,-2.8588750000000007
20161103,-2.8582500000000004
20161104,-2.84325
20161105,-2.8263749999999996
20161106,-2.7981249999999998
20161107,-2.7725000000000004
20161108,-2.733375
20161109,-2.712375
20161110,-2.707125
20161111,-2.7089999999999996
20161112,-2.709
20161113,-2.7171250000000002
20161114,-2.7191250000000005
20161115,-2.708875
20161116,-2.67525
20161117,-2.6420000000000003
20161118,-2.6092500000000003
20161119,-2.589125
20161120,-2.5545000000000004
20161121,-2.5044999999999997
20161122,-2.48875
20161123,-2.5185
20161124,-2.5508749999999996
20161125,-2.578875
20161126,-2.599625
20161127,-2.621375
20161128,-2.6358749999999995
20161129,-2.647
20161130,-2.6576249999999995
20161201,-2.6675
20161202,-2.6735
20161203,-2.6725
20161204,-2.674875
20161205,-2.67925
20161206,-2.6827500000000004
20161207,-2.6856250000000004
20161208,-2.6797500000000003
20161209,-2.665375
20161210,-2.64375
20161211,-2.446625
20161212,-2.360625
20161213,-2.3455
20161214,-2.35775
20161215,-2.391125
20161216,-2.4314999999999998
20161217,-2.468125
20161218,-2.4938750000000005
20161219,-2.5185
20161220,-2.5382500000000006
20161221,-2.552
20161222,-2.5174999999999996
20161223,-2.50925
20161224,-2.504
20161225,-2.5165
20161226,-2.543625
20161227,-2.5669999999999997
20161228,-2.578875
20161229,-2.5882500000000004
20161230,-2.6003749999999997
20161231,-2.606875
20170101,-2.6129999999999995
20170102,-2.6168750000000003
20170103,-2.58775
20170104,-2.56525
20170105,-2.553875
20170106,-2.571625
20170107,-2.591875
20170108,-2.547875
20170109,-2.503
20170110,-2.4015
20170111,-2.3219999999999996
20170112,-2.316125
20170113,-2.176125
20170114,-2.0971249999999997
20170115,-2.1393750000000002
20170116,-2.209
20170117,-2.28125
20170118,-2.3307499999999997
20170119,-2.371625
20170120,-2.41125
20170121,-2.4313749999999996
20170122,-2.45475
20170123,-2.48325
20170124,-2.5044999999999997
20170125,-2.51425
20170126,-2.5254999999999996
20170127,-2.54175
20170128,-2.55675
20170129,-2.564375
20170130,-2.49725
20170131,-2.38575
20170201,-2.403
20170202,-2.416375
20170203,-2.43025
20170204,-2.4485
20170205,-2.3293749999999998
20170206,-2.329375
20170207,-2.3825000000000003
20170208,-2.440625
20170209,-2.473875
20170210,-2.5013749999999995
20170211,-2.531375
20170212,-2.554125
20170213,-2.5681249999999998
20170214,-2.575125
20170215,-2.582125
20170216,-2.5843749999999996
20170217,-2.595125
20170218,-2.5945000000000005
20170219,-2.59275
20170220,-2.5835
20170221,-2.55875
20170222,-2.48775
20170223,-2.19975
20170224,-2.0599999999999996
20170225,-2.090375
20170226,-1.988375
20170227,-2.0092499999999998
20170228,-1.953125
20170301,-2.034625
20170302,-1.92175
20170303,-1.9924999999999997
20170304,-2.08175
20170305,-1.88525
20170306,-2.0452500000000002
20170307,-2.1535
20170308,-2.093375
20170309,-2.122375
20170310,-2.218125
20170311,-2.259125
20170312,-2.3
20170313,-2.341625
20170314,-2.36375
20170315,-2.3896249999999997
20170316,-2.4053750000000003
20170317,-2.415375
20170318,-2.171625
20170319,-2.1412500000000003
20170320,-2.063125
20170321,-2.0848750000000003
20170322,-2.2295000000000003
20170323,-2.31575
20170324,-2.372875
20170325,-2.405125
20170326,-2.4327500000000004
20170327,-2.44975
20170328,-2.463125
20170329,-2.476125
20170330,-2.487125
20170331,-2.5002500000000003
20170401,-2.513375
20170402,-2.528
20170403,-2.537125
20170404,-2.54775
20170405,-2.5593750000000006
20170406,-2.5697499999999995
20170407,-2.579375
20170408,-2.5892500000000003
20170409,-2.596
20170410,-2.6095
20170411,-2.6161250000000003
20170412,-2.61875
20170413,-2.6281250000000003
20170414,-2.631
20170415,-2.636
20170416,-2.642
20170417,-2.649
20170418,-2.65775
20170419,-2.660375
20170420,-2.65975
20170421,-2.663375
20170422,-2.67075
20170423,-2.67425
20170424,-2.6728750000000003
20170425,-2.6788749999999997
20170426,-2.687125
20170427,-2.6858749999999993
20170428,-2.6903750000000004
20170429,-2.6935
20170430,-2.6955
20170501,-2.70325
20170502,-2.71375
20170503,-2.718625
20170504,-2.724375
20170505,-2.726875
20170506,-2.7266250000000003
20170507,-2.732625
20170508,-2.7382500000000003
20170509,-2.7395
20170510,-2.7385
20170511,-2.743
20170512,-2.7405
20170513,-2.691625
20170514,-2.7018750000000002
20170515,-2.7182500000000003
20170516,-2.7307500000000005
20170517,-2.7433750000000003
20170518,-2.7529999999999997
20170519,-2.7555
20170520,-2.76625
20170521,-2.778125
20170522,-2.7834999999999996
20170523,-2.7932500000000005
20170524,-2.8032500000000002
20170525,-2.810375
20170526,-2.8153750000000004
20170527,-2.82
20170528,-2.8318749999999997
20170529,-2.8418750000000004
20170530,-2.8452500000000005
20170531,-2.85875
20170601,-2.8666249999999995
20170602,-2.879125
20170603,-2.88325
20170604,-2.8885
20170605,-2.892125
20170606,-2.8876250000000003
20170607,-2.8695000000000004
20170608,-2.853625
20170609,-2.8435
20170610,-2.7950000000000004
20170611,-2.793
20170612,-2.809625
20170613,-2.8417499999999998
20170614,-2.85625
20170615,-2.8541250000000002
20170616,-2.8705
20170617,-2.8895
20170618,-2.898625
20170619,-2.90925
20170620,-2.9223749999999997
20170621,-2.9283750000000004
20170622,-2.9252499999999997
20170623,-2.9403749999999995
20170624,-2.95825
20170625,-2.96975
20170626,-2.9427499999999998
20170627,-2.8994999999999997
20170628,-2.81675
20170629,-2.443
20170630,-2.329125
20170701,-2.241875
20170702,-2.3512500000000003
20170703,-2.430125
20170704,-2.4909999999999997
20170705,-2.5453750000000004
20170706,-2.591625
20170707,-2.6266249999999998
20170708,-2.650125
20170709,-2.6638750000000004
20170710,-2.675125
20170711,-2.688875
20170712,-2.69775
20170713,-2.7083749999999998
20170714,-2.7035000000000005
20170715,-2.643875
20170716,-2.6351249999999995
20170717,-2.6554999999999995
20170718,-2.680375
20170719,-2.6931249999999998
20170720,-2.70375
20170721,-2.71325
20170722,-2.716875
20170723,-2.7245000000000004
20170724,-2.688625
20170725,-2.6622500000000002
20170726,-2.656625
20170727,-2.6678750000000004
20170728,-2.681875
20170729,-2.699375
20170730,-2.669625
20170731,-2.650125
20170801,-2.67325
20170802,-2.6879999999999997
20170803,-2.693375
20170804,-2.712625
20170805,-2.735875
20170806,-2.749875
20170807,-2.7591249999999996
20170808,-2.75975
20170809,-2.7655
20170810,-2.781625
20170811,-2.7873750000000004
20170812,-2.79575
20170813,-2.806875
20170814,-2.8061249999999998
20170815,-2.8095000000000003
20170816,-2.826125
20170817,-2.83175
20170818,-2.840625
20170819,-2.84275
20170820,-2.8372500000000005
20170821,-2.8406249999999997
20170822,-2.8555
20170823,-2.8623749999999997
20170824,-2.8749999999999996
20170825,-2.88075
20170826,-2.86175
20170827,-2.8705000000000003
20170828,-2.889625
20170829,-2.902375
20170830,-2.911375
20170831,-2.880125
20170901,-2.837625
20170902,-2.826625
20170903,-2.836875
20170904,-2.851625
20170905,-2.867375
20170906,-2.8770000000000002
20170907,-2.8766249999999993
20170908,-2.77175
20170909,-2.3165
20170910,-2.2795
20170911,-2.291125
20170912,-2.12875
20170913,-2.0111250000000003
20170914,-1.960625
20170915,-2.044625
20170916,-1.936375
20170917,-1.9265
20170918,-1.9453749999999999
20170919,-2.054625
20170920,-2.143875
20170921,-2.2183750000000004
20170922,-2.272
20170923,-2.3166249999999997
20170924,-2.35125
20170925,-2.3737500000000002
20170926,-2.3928749999999996
20170927,-2.406875
20170928,-2.4196250000000004
20170929,-2.3745000000000003
20170930,-2.200375
20171001,-2.2445
20171002,-2.2749999999999995
20171003,-2.3093749999999997
20171004,-2.383625
20171005,-2.155625
20171006,-2.078375
20171007,-2.01525
20171008,-2.023
20171009,-2.137625
20171010,-2.17575
20171011,-2.207875
20171012,-2.27325
20171013,-2.316125
20171014,-2.35025
20171015,-2.377
20171016,-2.402125
20171017,-2.427375
20171018,-2.4495000000000005
20171019,-2.4573750000000003
20171020,-2.35875
20171021,-2.047
20171022,-1.9409999999999996
20171023,-1.9400000000000002
20171024,-1.9221249999999999
20171025,-1.9547499999999998
20171026,-2.086375
20171027,-2.157875
20171028,-2.199875
20171029,-2.272125
20171030,-2.328125
20171031,-2.307375
20171101,-2.26675
20171102,-2.3321249999999996
20171103,-2.368125
20171104,-2.3610000000000007
20171105,-2.2226249999999994
20171106,-2.1896250000000004
20171107,-2.2895
20171108,-2.3465
20171109,-2.3568750000000005
20171110,-2.2565
20171111,-1.9425000000000001
20171112,-1.9355
20171113,-1.8275000000000001
20171114,-1.90675
20171115,-1.909125
20171116,-1.9425
20171117,-2.032125
20171118,-1.9547499999999998
20171119,-1.8559999999999999
20171120,-1.8115
20171121,-1.7346249999999999
20171122,-1.7408750000000002
20171123,-1.7620000000000002
20171124,-1.8074999999999999
20171125,-1.9165
20171126,-1.804125
20171127,-1.7435
20171128,-1.7461250000000001
20171129,-1.7716249999999998
20171130,-1.809625
20171201,-1.9356250000000002
20171202,-2.027
20171203,-2.003875
20171204,-1.9607500000000002
20171205,-2.033375
20171206,-2.11
20171207,-2.016125
20171208,-1.759125
20171209,-1.7365000000000002
20171210,-1.75225
20171211,-1.80425
20171212,-1.7302499999999998
20171213,-1.7082499999999998
20171214,-1.7261250000000001
20171215,-1.7643750000000002
20171216,-1.783375
20171217,-1.7953750000000002
20171218,-1.76075
20171219,-1.86375
20171220,-1.9555
20171221,-1.96325
20171222,-2.04225
20171223,-2.0637499999999998
20171224,-2.099625
20171225,-2.138625
20171226,-2.17625
20171227,-1.9680000000000002
20171228,-1.806875
20171229,-1.74475
20171230,-1.7299999999999998
20171231,-1.7195
20180101,-1.731625
20180102,-1.769875
20180103,-1.7053749999999999
20180104,-1.739875
20180105,-1.750375
20180106,-1.7607499999999998
20180107,-1.8715000000000002
20180108,-2.0026249999999997
20180109,-2.05425
20180110,-2.090625
20180111,-2.15
20180112,-2.16975
20180113,-2.2005
20180114,-2.232
20180115,-2.053
20180116,-1.752125
20180117,-1.758
20180118,-1.72775
20180119,-1.7312500000000002
20180120,-1.7423749999999998
20180121,-1.7831249999999998
20180122,-1.8088750000000002
20180123,-1.8489999999999998
20180124,-1.730375
20180125,-1.7440000000000002
20180126,-1.8074999999999999
20180127,-1.8975000000000002
20180128,-1.89675
20180129,-1.8627500000000001
20180130,-1.7891249999999999
20180131,-1.75325
20180201,-1.7708750000000002
20180202,-1.768375
20180203,-1.777
20180204,-1.9064999999999999
20180205,-2.033375
20180206,-2.1135
20180207,-2.1915
20180208,-2.208375
20180209,-2.230625
20180210,-2.257625
20180211,-2.0850000000000004
20180212,-2.1825
20180213,-2.245375
20180214,-2.2938750000000003
20180215,-2.207875
20180216,-2.2558749999999996
20180217,-2.31175
20180218,-2.3248749999999996
20180219,-2.340625
20180220,-2.36125
20180221,-2.37875
20180222,-2.388
20180223,-2.408125
20180224,-2.4294999999999995
20180225,-2.448125
20180226,-2.460875
20180227,-2.47425
20180228,-2.4961249999999997
20180301,-2.5084999999999997
20180302,-2.5232499999999995
20180303,-2.531125
20180304,-2.5255
20180305,-2.4986249999999997
20180306,-2.425875
20180307,-2.36125
20180308,-2.2910000000000004
20180309,-2.2784999999999997
20180310,-2.2185
20180311,-2.2253749999999997
20180312,-2.2911249999999996
20180313,-2.32125
20180314,-2.3440000000000003
20180315,-2.381625
20180316,-2.43025
20180317,-2.4755000000000003
20180318,-2.5067500000000003
20180319,-2.527625
20180320,-2.538375
20180321,-2.5421249999999995
20180322,-2.43825
20180323,-2.44675
20180324,-2.4915000000000003
20180325,-2.5307500000000003
20180326,-2.549625
20180327,-2.547875
20180328,-2.408875
20180329,-2.1831250000000004
20180330,-2.1854999999999998
20180331,-2.226
20180401,-2.295625
20180402,-2.305125
20180403,-2.16725
20180404,-2.011625
20180405,-1.9083750000000004
20180406,-2.0638750000000003
20180407,-2.1782500000000002
20180408,-2.240125
20180409,-2.2651250000000003
20180410,-2.285125
20180411,-2.3237499999999995
20180412,-2.33275
20180413,-2.356
20180414,-2.385625
20180415,-2.351875
20180416,-2.380125
20180417,-2.416
20180418,-2.43325
20180419,-2.4336249999999997
20180420,-2.4444999999999997
20180421,-2.463625
20180422,-2.472
20180423,-2.495375
20180424,-2.496625
20180425,-2.2991249999999996
20180426,-2.355875
20180427,-2.402375
20180428,-2.4435
20180429,-2.461875
20180430,-2.106875
20180501,-2.07075
20180502,-2.147875
20180503,-2.2228749999999997
20180504,-2.2824999999999998
20180505,-2.3280000000000003
20180506,-2.36125
20180507,-2.3911249999999997
20180508,-2.422125
20180509,-2.4598750000000003
20180510,-2.4937500000000004
20180511,-2.5178749999999996
20180512,-2.5321249999999997
20180513,-2.4998750000000003
20180514,-2.251875
20180515,-2.357625
20180516,-2.453625
20180517,-2.519125
20180518,-2.56
20180519,-2.579125
20180520,-2.597875
20180521,-2.618375
20180522,-2.645875
20180523,-2.6686249999999996
20180524,-2.685625
20180525,-2.698875
20180526,-2.712875
20180527,-2.73275
20180528,-2.75775
20180529,-2.775
20180530,-2.7335000000000003
20180531,-2.67525
20180601,-2.504
20180602,-2.451375
20180603,-2.474625
20180604,-2.5277499999999997
20180605,-2.5616250000000003
20180606,-2.587375
20180607,-2.6158750000000004
20180608,-2.6494999999999997
20180609,-2.67975
20180610,-2.701875
20180611,-2.719875
20180612,-2.7421249999999997
20180613,-2.761
20180614,-2.7775
20180615,-2.8055000000000003
20180616,-2.820125
20180617,-2.8298750000000004
20180618,-2.8328750000000005
20180619,-2.836125
20180620,-2.8497500000000002
20180621,-2.8748750000000003
20180622,-2.8917499999999996
20180623,-2.8927500000000004
20180624,-2.8821250000000003
20180625,-2.8785
20180626,-2.898125
20180627,-2.9283749999999995
20180628,-2.943
20180629,-2.9413750000000003
20180630,-2.9278750000000002
20180701,-2.9215
20180702,-2.9453750000000003
20180703,-2.98975
20180704,-3.0083749999999996
20180705,-3.005875
20180706,-2.9917500000000006
20180707,-2.982500000000001
20180708,-3.003
20180709,-3.03825
20180710,-3.0555
20180711,-3.0565
20180712,-3.0443749999999996
20180713,-3.038
20180714,-3.0518750000000003
20180715,-3.08475
20180716,-3.1024999999999996
20180717,-3.105875
20180718,-3.1122500000000004
20180719,-3.1228749999999996
20180720,-3.123375
20180721,-3.1223750000000003
20180722,-3.125
20180723,-3.1319999999999997
20180724,-3.138625
20180725,-3.1488749999999994
20180726,-3.1521250000000003
20180727,-3.156625
20180728,-3.1567499999999997
20180729,-3.1395000000000004
20180730,-3.123
20180731,-3.1261249999999996
20180801,-3.129125
20180802,-3.1456250000000003
20180803,-3.131125
20180804,-3.1479999999999997
20180805,-3.156625
20180806,-3.166375
20180807,-3.175625
20180808,-3.17325
20180809,-3.1385
20180810,-2.9768749999999997
20180811,-2.8868750000000003
20180812,-2.8478749999999997
20180813,-2.8472500000000003
20180814,-2.8291250000000003
20180815,-2.825125
20180816,-2.838125
20180817,-2.8613750000000002
20180818,-2.87275
20180819,-2.882375
20180820,-2.8847500000000004
20180821,-2.8935
20180822,-2.9062500000000004
20180823,-2.91075
20180824,-2.9125
20180825,-2.904
20180826,-2.879
20180827,-2.8649999999999998
20180828,-2.8622500000000004
20180829,-2.8568750000000005
20180830,-2.8772499999999996
20180831,-2.9120000000000004
20180901,-2.905125
20180902,-2.8897500000000003
20180903,-2.9068750000000003
20180904,-2.9347500000000006
20180905,-2.955625
20180906,-2.9688749999999997
20180907,-2.95125
20180908,-2.9182499999999996
20180909,-2.9236250000000004
20180910,-2.9543749999999998
20180911,-2.9721250000000006
20180912,-2.98675
20180913,-2.9753750000000005
20180914,-2.9405
20180915,-2.9445
20180916,-2.975875
20180917,-2.99275
20180918,-2.9955
