5041
2
date,-9999
head_nap,-9999.0
19860114,-1.68
19860128,-1.78
19860214,-2.25
19860228,-2.36
19860314,-2.19
19860328,-1.76
19860414,-2.07
19860428,-2.2
19860514,-2.21
19860528,-2.41
19860614,-2.05
19860628,-2.47
19860714,-2.5
19860728,-2.46
19860814,-2.52
19860828,-2.52
19860914,-2.5
19860928,-2.36
19861014,-2.37
19861028,-2.1
19861114,-1.81
19861128,-1.74
19861214,-1.94
19870128,-1.98
19870226,-1.8
19870312,-1.95
19870326,-1.61
19870428,-2.22
19870514,-1.62
19870615,-2.07
19870629,-2.2
19870728,-2.23
19870828,-2.18
19870914,-2.02
19870928,-1.94
19871014,-1.88
19871028,-1.88
19871214,-1.71
19871228,-1.75
19880114,-1.64
19880328,-1.64
19880414,-2.18
19880428,-2.34
19880514,-2.46
19880528,-2.48
19880614,-2.48
19880628,-2.48
19880714,-2.34
19880728,-2.12
19880815,-2.46
19880829,-2.0
19880914,-2.55
19880928,-2.42
19881014,-1.76
19881028,-2.12
19881114,-2.01
19881128,-2.05
19881214,-1.77
19881228,-1.9
19890114,-1.98
19890128,-2.02
19890214,-2.13
19890228,-1.79
19890314,-1.78
19890328,-2.08
19890414,-2.18
19890428,-2.27
19890515,-2.34
19890529,-2.49
19890614,-2.54
19890628,-2.61
19890714,-2.63
19890728,-2.66
19890814,-2.67
19890828,-2.66
19890914,-2.68
19890928,-2.68
19891014,-2.64
19891028,-2.55
19891114,-2.38
19891128,-2.44
19891214,-2.24
19900115,-2.27
19900129,-1.99
19900314,-2.1
19900328,-2.26
19900414,-2.41
19900428,-2.36
19900528,-2.62
19900614,-2.59
19900628,-2.58
19900714,-2.56
19900728,-2.62
19900814,-2.62
19900828,-2.58
19900914,-2.5
19900928,-2.18
19901015,-2.31
19901029,-2.1
19901114,-1.82
19901214,-1.8
19910114,-1.88
19910128,-2.09
19910214,-2.23
19910228,-1.93
19910314,-2.17
19910328,-2.31
19910414,-2.47
19910428,-2.47
19910514,-2.51
19910528,-2.51
19910614,-2.59
19910628,-2.02
19910814,-2.58
19910828,-2.61
19910914,-2.63
19910928,-2.61
19911014,-2.53
19911028,-2.44
19911114,-1.94
19911128,-2.17
19911214,-2.37
19911228,-2.07
19920114,-1.97
19920128,-2.21
19920214,-1.98
19920228,-2.16
19920314,-1.64
19920328,-2.01
19920414,-2.12
19920428,-2.17
19920514,-2.06
19920528,-2.5
19920615,-2.51
19920629,-2.6
19920914,-2.43
19920928,-2.49
19921014,-2.5
19921028,-1.96
19921114,-1.69
19921128,-1.71
19921214,-1.62
19921228,-2.11
19930114,-1.7
19930228,-2.06
19930315,-2.18
19930329,-2.33
19930414,-2.32
19930428,-2.38
19930514,-2.54
19930528,-2.55
19930614,-2.57
19930628,-2.61
19930714,-2.63
19930728,-2.48
19930814,-2.26
19930828,-2.3
19930914,-2.33
19930928,-1.9
19931014,-1.7
19931028,-2.06
19931111,-1.96
19931129,-2.24
19940214,-2.11
19940228,-2.11
19940414,-1.66
19940429,-2.16
19940517,-2.36
19940527,-2.23
19940613,-2.16
19940627,-2.41
19940714,-2.44
19940727,-2.54
19940816,-2.51
19940830,-2.56
19941014,-2.26
19941027,-2.06
19941129,-1.91
19950117,-1.66
19950227,-1.66
19950315,-1.96
19950412,-2.16
19950427,-2.26
19950517,-2.51
19950530,-1.96
19950615,-1.96
19950629,-2.26
19950712,-2.36
19950731,-2.41
19950815,-2.51
19950830,-2.41
19950914,-2.41
19950926,-2.53
19951016,-2.31
19951031,-2.41
19951113,-2.36
19951128,-2.21
19951214,-2.26
19951228,-2.24
19960115,-2.2
19960130,-2.26
19960215,-2.38
19960228,-2.06
19960313,-2.16
19960327,-2.34
19960416,-2.36
19960502,-2.41
19960627,-2.94
19960722,-2.73
19960815,-2.58
19960830,-3.06
19960917,-2.79
19960930,-2.84
19970114,-2.04
19970128,-2.16
19970228,-1.66
19970313,-2.16
19970327,-2.06
19970414,-2.34
19970428,-2.47
19970516,-2.49
19970526,-2.38
19970611,-2.4
19970623,-2.45
19970714,-2.31
19970728,-2.46
19970814,-2.45
19970830,-2.51
19970903,-2.51
19970917,-2.51
19970930,-2.56
19971013,-2.51
19971028,-2.5
19971112,-2.48
19971201,-2.29
19971216,-2.14
19971230,-1.96
19980114,-2.51
19980128,-2.57
19980213,-2.6
19980227,-2.56
19980316,-2.51
19980331,-2.6
19980415,-2.39
19980427,-2.47
19980513,-2.58
19980528,-2.57
19980615,-2.5
19980629,-2.5
19980714,-2.51
19980728,-2.57
19980814,-2.56
19980828,-2.41
19980915,-1.97
19980929,-2.56
19981015,-2.36
19981029,-2.16
19981117,-2.49
19981130,-2.58
19981215,-2.47
19981229,-2.23
19990115,-2.3
19990129,-2.43
19990216,-2.16
19990302,-2.24
19990316,-2.46
19990330,-2.65
19990414,-2.52
19990427,-2.66
19990517,-2.72
19990527,-2.62
19990616,-2.6
19990629,-2.6
19990715,-2.6
19990729,-2.62
19990816,-2.57
19990830,-2.57
19990915,-2.6
19990928,-2.56
19991013,-2.52
19991026,-2.57
19991116,-2.58
19991130,-2.49
19991215,-2.29
19991227,-2.28
20000114,-2.58
20000126,-2.61
20000214,-2.56
20000229,-2.49
20000313,-2.51
20000413,-2.61
20000427,-2.57
20000515,-2.6
20000530,-2.42
20000615,-2.6
20000626,-2.62
20000713,-2.61
20000725,-2.61
20000815,-2.62
20000829,-2.57
20000913,-2.56
20000927,-2.25
20001013,-2.45
20001027,-2.5
20001113,-2.27
20001129,-2.41
20001214,-2.36
20001229,-2.61
20010116,-2.6
20010131,-2.58
20010215,-2.53
20010627,-2.59
20010711,-2.57
20010814,-2.34
20010828,-2.55
20010913,-2.4
20011029,-2.6
20011114,-2.4
20011128,-2.57
20011214,-2.61
20011228,-2.27
20020115,-2.58
20020128,-2.26
20020215,-2.49
20020301,-2.23
20020426,-2.661
20020427,-2.602
20020428,-2.532
20020429,-2.506
20020430,-2.538
20020501,-2.543
20020502,-2.573
20020503,-2.53
20020504,-2.582
20020505,-2.541
20020506,-2.535
20020507,-2.57
20020508,-2.598
20020509,-2.613
20020510,-2.626
20020511,-2.626
20020512,-2.64
20020513,-2.638
20020514,-2.632
20020515,-2.653
20020516,-2.647
20020517,-2.657
20020518,-2.66
20020519,-2.659
20020520,-2.656
20020521,-2.658
20020522,-2.67
20020523,-2.673
20020524,-2.649
20020525,-2.651
20020526,-2.647
20020527,-2.661
20020528,-2.661
20020529,-2.666
20020530,-2.661
20020531,-2.666
20020601,-2.665
20020602,-2.664
20020603,-2.667
20020604,-2.661
20020605,-2.658
20020606,-2.659
20020607,-2.657
20020608,-2.665
20020609,-2.667
20020610,-2.66
20020611,-2.658
20020612,-2.649
20020613,-2.644
20020614,-2.652
20020615,-2.658
20020616,-2.652
20020617,-2.661
20020618,-2.675
20020619,-2.676
20020620,-2.591
20020621,-2.625
20020622,-2.635
20020623,-2.652
20020624,-2.659
20020625,-2.661
20020626,-2.647
20020627,-2.657
20020628,-2.654
20020629,-2.65
20020630,-2.648
20020701,-2.627
20020702,-2.631
20020703,-2.617
20020704,-2.613
20020705,-2.625
20020706,-2.626
20020707,-2.608
20020708,-2.627
20020709,-2.646
20020710,-2.642
20020711,-2.573
20020712,-2.591
20020713,-2.612
20020714,-2.624
20020715,-2.633
20020716,-2.643
20020717,-2.657
20020718,-2.659
20020719,-2.661
20020720,-2.664
20020721,-2.668
20020722,-2.661
20020723,-2.661
20020724,-2.672
20020725,-2.672
20020726,-2.662
20020727,-2.669
20020728,-2.665
20020729,-2.669
20020730,-2.67
20020731,-2.607
20020801,-2.629
20020802,-2.626
20020803,-2.638
20020804,-2.641
20020805,-2.644
20020806,-2.387
20020807,-2.496
20020808,-2.487
20020809,-2.484
20020810,-2.547
20020811,-2.496
20020812,-2.549
20020813,-2.574
20020814,-2.594
20020815,-2.606
20020816,-2.618
20020817,-2.628
20020818,-2.634
20020819,-2.635
20020820,-2.644
20020821,-2.575
20020822,-2.591
20020823,-2.605
20020824,-2.61
20020825,-2.579
20020826,-2.593
20020827,-2.609
20020828,-2.614
20020829,-2.617
20020830,-2.618
20020831,-2.632
20020901,-2.633
20020902,-2.63
20020903,-2.634
20020904,-2.639
20020905,-2.641
20020906,-2.634
20020907,-2.637
20020908,-2.582
20020909,-2.611
20020910,-2.538
20020911,-2.489
20020912,-2.557
20020913,-2.602
20020914,-2.621
20020915,-2.634
20020916,-2.641
20020917,-2.653
20020918,-2.656
20020919,-2.664
20020920,-2.666
20020921,-2.67
20020922,-2.672
20020923,-2.645
20020924,-2.656
20020925,-2.541
20020926,-2.587
20020927,-2.61
20020928,-2.625
20020929,-2.637
20020930,-2.641
20021001,-2.654
20021002,-2.656
20021003,-2.656
20021004,-2.673
20021005,-2.648
20021006,-2.67
20021007,-2.655
20021008,-2.666
20021009,-2.673
20021010,-2.686
20021011,-2.69
20021012,-2.692
20021013,-2.693
20021014,-2.688
20021015,-2.681
20021016,-2.61
20021017,-2.649
20021018,-2.655
20021019,-2.663
20021020,-2.657
20021021,-2.59
20021022,-2.553
20021023,-2.548
20021024,-2.58
20021025,-2.595
20021026,-2.58
20021027,-2.413
20021028,-2.43
20021029,-2.511
20021030,-2.579
20021031,-2.613
20021101,-2.628
20021102,-2.491
20021103,-2.281
20021104,-2.466
20021105,-2.548
20021106,-2.574
20021107,-2.38
20021108,-2.474
20021109,-2.28
20021110,-2.424
20021111,-2.501
20021112,-2.531
20021113,-2.548
20021114,-2.538
20021115,-2.581
20021116,-2.612
20021117,-2.629
20021118,-2.633
20021119,-2.635
20021120,-2.641
20021121,-2.644
20021122,-2.661
20021123,-2.664
20021124,-2.669
20021125,-2.674
20021126,-2.523
20021127,-2.565
20021128,-2.604
20021129,-2.555
20021130,-2.585
20021201,-2.59
20021202,-2.54
20021203,-2.589
20021204,-2.605
20021205,-2.641
20021206,-2.648
20021207,-2.66
20021208,-2.664
20021209,-2.673
20021210,-2.679
20021211,-2.687
20021212,-2.692
20021213,-2.698
20021214,-2.691
20021215,-2.688
20021216,-2.702
20021217,-2.7
20021218,-2.696
20021219,-2.69
20021220,-2.682
20021221,-2.692
20021222,-2.646
20021223,-2.504
20021224,-2.349
20021225,-2.399
20021226,-2.442
20021227,-2.287
20021228,-2.22
20021229,-2.33
20021230,-2.078
20021231,-2.261
20030101,-2.376
20030102,-2.226
20030103,-2.087
20030104,-2.293
20030105,-2.398
20030106,-2.475
20030107,-2.515
20030108,-2.545
20030109,-2.578
20030110,-2.599
20030111,-2.617
20030112,-2.628
20030113,-2.491
20030114,-2.472
20030115,-2.497
20030116,-2.544
20030117,-2.548
20030118,-2.581
20030119,-2.585
20030120,-2.592
20030121,-2.522
20030122,-2.536
20030123,-2.524
20030124,-2.563
20030125,-2.565
20030126,-2.554
20030127,-2.487
20030128,-2.484
20030129,-2.514
20030130,-2.459
20030131,-2.518
20030201,-2.551
20030202,-2.574
20030203,-2.445
20030204,-2.492
20030205,-2.44
20030206,-2.443
20030207,-2.506
20030208,-2.545
20030209,-2.566
20030210,-2.593
20030211,-2.619
20030212,-2.633
20030213,-2.637
20030214,-2.651
20030215,-2.66
20030216,-2.659
20030217,-2.664
20030218,-2.667
20030219,-2.669
20030220,-2.674
20030221,-2.678
20030222,-2.679
20030223,-2.678
20030224,-2.676
20030225,-2.675
20030226,-2.678
20030227,-2.683
20030228,-2.677
20030301,-2.678
20030302,-2.669
20030303,-2.679
20030304,-2.664
20030305,-2.67
20030306,-2.686
20030307,-2.672
20030308,-2.664
20030309,-2.394
20030310,-2.498
20030311,-2.556
20030312,-2.615
20030313,-2.631
20030314,-2.645
20030315,-2.655
20030316,-2.659
20030317,-2.665
20030318,-2.67
20030319,-2.673
20030320,-2.675
20030321,-2.678
20030322,-2.684
20030323,-2.683
20030324,-2.678
20030325,-2.688
20030326,-2.684
20030327,-2.682
20030328,-2.68
20030329,-2.686
20030330,-2.679
20030331,-2.69
20030401,-2.648
20030402,-2.666
20030403,-2.687
20030404,-2.675
20030405,-2.689
20030406,-2.689
20030407,-2.691
20030408,-2.688
20030409,-2.682
20030410,-2.691
20030411,-2.69
20030412,-2.691
20030413,-2.69
20030414,-2.694
20030415,-2.699
20030416,-2.696
20030417,-2.691
20030418,-2.692
20030419,-2.693
20030420,-2.687
20030421,-2.693
20030422,-2.694
20030423,-2.696
20030424,-2.692
20030425,-2.688
20030426,-2.681
20030427,-2.644
20030428,-2.642
20030429,-2.611
20030430,-2.626
20030501,-2.624
20030502,-2.63
20030503,-2.624
20030504,-2.633
20030505,-2.65
20030506,-2.654
20030507,-2.647
20030508,-2.657
20030509,-2.66
20030510,-2.669
20030511,-2.666
20030512,-2.613
20030513,-2.587
20030514,-2.406
20030515,-2.416
20030516,-2.466
20030517,-2.492
20030518,-2.445
20030519,-2.47
20030520,-2.357
20030521,-2.342
20030522,-2.391
20030523,-2.256
20030524,-2.326
20030525,-2.372
20030526,-2.423
20030527,-2.462
20030528,-2.485
20030529,-2.502
20030530,-2.519
20030531,-2.529
20030601,-2.533
20030602,-2.538
20030603,-2.355
20030604,-2.208
20030605,-2.309
20030606,-2.396
20030607,-2.443
20030608,-2.478
20030609,-2.503
20030610,-2.509
20030611,-2.508
20030612,-2.517
20030613,-2.533
20030614,-2.542
20030615,-2.548
20030616,-2.556
20030617,-2.563
20030618,-2.576
20030619,-2.574
20030620,-2.578
20030621,-2.578
20030622,-2.583
20030623,-2.571
20030624,-2.596
20030625,-2.593
20030626,-2.592
20030627,-2.6
20030628,-2.6
20030629,-2.602
20030630,-2.599
20030701,-2.576
20030702,-2.53
20030703,-2.543
20030704,-2.536
20030705,-2.552
20030706,-2.558
20030707,-2.56
20030708,-2.564
20030709,-2.567
20030710,-2.572
20030711,-2.577
20030712,-2.584
20030713,-2.587
20030714,-2.594
20030715,-2.605
20030716,-2.613
20030717,-2.593
20030718,-2.584
20030719,-2.603
20030720,-2.603
20030721,-2.617
20030722,-2.624
20030723,-2.625
20030724,-2.623
20030725,-2.601
20030726,-2.612
20030727,-2.606
20030728,-2.615
20030729,-2.609
20030730,-2.599
20030731,-2.613
20030801,-2.619
20030802,-2.622
20030803,-2.631
20030804,-2.637
20030805,-2.64
20030806,-2.644
20030807,-2.649
20030808,-2.652
20030809,-2.643
20030810,-2.612
20030811,-2.638
20030812,-2.638
20030813,-2.649
20030814,-2.645
20030815,-2.651
20030816,-2.65
20030817,-2.645
20030818,-2.654
20030819,-2.559
20030820,-2.622
20030821,-2.622
20030822,-2.599
20030823,-2.639
20030824,-2.633
20030825,-2.635
20030826,-2.633
20030827,-2.632
20030828,-2.624
20030829,-2.596
20030830,-2.715
20030831,-2.719
20030901,-2.7
20030902,-2.71
20030903,-2.696
20030904,-2.704
20030905,-2.717
20030906,-2.695
20030907,-2.692
20030908,-2.676
20030909,-2.678
20030910,-2.675
20030911,-2.687
20030912,-2.684
20030913,-2.694
20030914,-2.692
20030915,-2.697
20030916,-2.693
20030917,-2.699
20030918,-2.71
20030919,-2.718
20030920,-2.72
20030921,-2.734
20030922,-2.721
20030923,-2.618
20030924,-2.668
20030925,-2.673
20030926,-2.685
20030927,-2.682
20030928,-2.681
20030929,-2.524
20030930,-2.636
20031001,-2.657
20031002,-2.681
20031003,-2.672
20031004,-2.693
20031005,-2.687
20031006,-2.659
20031007,-2.637
20031008,-2.7
20031009,-2.63
20031010,-2.564
20031011,-2.534
20031012,-2.52
20031013,-2.502
20031014,-2.499
20031015,-2.496
20031016,-2.511
20031017,-2.495
20031018,-2.493
20031019,-2.492
20031020,-2.501
20031021,-2.505
20031022,-2.517
20031023,-2.532
20031024,-2.517
20031025,-2.518
20031026,-2.528
20031027,-2.538
20031028,-2.519
20031029,-2.54
20031030,-2.568
20031031,-2.563
20031101,-2.551
20031102,-2.524
20031103,-2.508
20031104,-2.516
20031105,-2.482
20031106,-2.463
20031107,-2.462
20031108,-2.447
20031109,-2.457
20031110,-2.457
20031111,-2.445
20031112,-2.443
20031113,-2.46
20031114,-2.443
20031117,-2.6538571428571425
20031118,-2.6405
20031119,-2.648625
20031120,-2.655
20031121,-2.6605
20031122,-2.612
20031123,-2.5111250000000003
20031124,-2.32225
20031125,-2.4173750000000003
20031126,-2.50475
20031127,-2.5494999999999997
20031128,-2.5820000000000003
20031129,-2.6016250000000003
20031130,-2.615375
20031201,-2.538125
20031202,-2.5546249999999997
20031203,-2.595125
20031204,-2.617
20031205,-2.623375
20031206,-2.640125
20031207,-2.6462499999999998
20031208,-2.6492500000000003
20031209,-2.655875
20031210,-2.661125
20031211,-2.65925
20031212,-2.6482499999999995
20031213,-2.2037500000000003
20031214,-2.1673750000000003
20031215,-2.291625
20031216,-2.3668750000000003
20031217,-2.4387499999999998
20031218,-2.4928749999999997
20031219,-2.5335
20031220,-2.5345000000000004
20031221,-2.364
20031222,-2.3979999999999997
20031223,-2.44375
20031224,-2.464625
20031225,-2.49325
20031226,-2.517875
20031227,-2.54575
20031228,-2.3221249999999998
20031229,-2.310875
20031230,-2.431125
20031231,-2.503
20040101,-2.534375
20040102,-2.572
20040103,-2.58575
20040104,-2.5814999999999997
20040105,-2.548875
20040106,-2.445625
20040107,-2.407125
20040108,-2.472
20040109,-2.5045
20040110,-2.5336250000000002
20040111,-2.34675
20040112,-2.3246249999999997
20040113,-2.3827500000000006
20040114,-2.41775
20040115,-2.4731249999999996
20040116,-2.3153749999999995
20040117,-2.3327500000000003
20040118,-2.448625
20040119,-2.295625
20040120,-2.251
20040121,-2.392625
20040122,-2.46575
20040123,-2.513875
20040124,-2.5386249999999997
20040125,-2.5466249999999997
20040126,-2.560125
20040127,-2.575875
20040128,-2.581625
20040129,-2.58875
20040130,-2.2397500000000004
20040131,-2.183375
20040201,-2.0246250000000003
20040202,-2.123375
20040203,-2.25325
20040204,-1.7233749999999999
20040205,-1.452375
20040206,-1.427
20040207,-1.3385
20040208,-1.3376249999999998
20040209,-1.3518750000000002
20040210,-1.3727500000000001
20040211,-1.3546250000000002
20040212,-1.429
20040213,-1.489125
20040214,-1.5455
20040215,-1.658375
20040216,-1.7142500000000003
20040217,-1.761375
20040218,-1.77975
20040219,-1.835875
20040220,-1.8896249999999999
20040221,-1.92275
20040222,-1.947
20040223,-1.975625
20040224,-1.8978750000000002
20040225,-1.78175
20040226,-1.8167499999999999
20040227,-1.84975
20040228,-1.938125
20040229,-1.9935
20040301,-2.007125
20040302,-2.020125
20040303,-2.04575
20040304,-2.061
20040305,-2.083875
20040306,-2.1002500000000004
20040307,-2.104375
20040308,-2.1251249999999997
20040309,-2.13975
20040310,-2.152125
20040311,-2.3566000000000003
20040312,-2.158
20040313,-2.097
20040314,-2.139
20040315,-2.132
20040316,-2.167
20040317,-2.176
20040318,-2.193
20040319,-2.12
20040320,-1.894
20040321,-1.924
20040322,-1.852
20040323,-1.975
20040324,-2.01
20040325,-2.062
20040326,-2.107
20040327,-2.138
20040328,-2.168
20040329,-2.198
20040330,-2.222
20040331,-2.233
20040401,-2.253
20040402,-2.272
20040403,-2.28
20040404,-2.263
20040405,-2.205
20040406,-1.971
20040407,-1.975
20040408,-1.84
20040409,-1.918
20040410,-1.964
20040411,-2.037
20040412,-2.09
20040413,-2.128
20040414,-2.163
20040415,-2.196
20040416,-2.226
20040417,-2.257
20040418,-2.286
20040419,-2.319
20040420,-2.338
20040421,-2.359
20040422,-2.38
20040423,-2.397
20040424,-2.41
20040425,-2.427
20040426,-2.44
20040427,-2.459
20040428,-2.483
20040429,-2.48
20040430,-2.506
20040501,-2.512
20040502,-2.52
20040503,-2.53
20040504,-2.532
20040505,-2.544
20040506,-2.568
20040507,-2.567
20040508,-2.574
20040509,-2.585
20040510,-2.58
20040511,-2.597
20040512,-2.604
20040513,-2.607
20040514,-2.606
20040515,-2.618
20040516,-2.618
20040517,-2.614
20040518,-2.624
20040519,-2.623
20040520,-2.632
20040521,-2.641
20040522,-2.642
20040523,-2.652
20040524,-2.646
20040525,-2.66
20040526,-2.66
20040527,-2.68
20040528,-2.686
20040529,-2.689
20040530,-2.696
20040531,-2.69
20040601,-2.696
20040602,-2.712
20040603,-2.712
20040604,-2.703
20040605,-2.712
20040606,-2.715
20040607,-2.719
20040608,-2.725
20040609,-2.728
20040610,-2.745
20040611,-2.747
20040612,-2.76
20040613,-2.766
20040614,-2.773
20040615,-2.775
20040616,-2.786
20040617,-2.79
20040618,-2.798
20040619,-2.798
20040620,-2.807
20040621,-2.818
20040622,-2.81
20040623,-2.798
20040624,-2.728
20040625,-2.634
20040626,-2.551
20040627,-2.524
20040628,-2.525
20040629,-2.527
20040630,-2.544
20040701,-2.556
20040702,-2.562
20040703,-2.571
20040704,-2.583
20040705,-2.604
20040706,-2.617
20040707,-2.624
20040708,-2.638
20040709,-2.654
20040710,-2.654
20040711,-2.661
20040712,-2.668
20040713,-2.681
20040714,-2.673
20040715,-2.683
20040716,-2.681
20040717,-2.659
20040718,-2.61
20040719,-2.523
20040720,-2.478
20040721,-2.464
20040722,-2.469
20040723,-2.472
20040724,-2.493
20040725,-2.509
20040726,-2.517
20040727,-2.536
20040728,-2.547
20040729,-2.556
20040730,-2.57
20040731,-2.587
20040801,-2.606
20040802,-2.612
20040803,-2.622
20040804,-2.637
20040805,-2.645
20040806,-2.665
20040807,-2.679
20040808,-2.671
20040809,-2.706
20040810,-2.718
20040811,-2.716
20040812,-2.702
20040813,-2.661
20040814,-2.257
20040815,-2.246
20040816,-2.294
20040817,-2.256
20040818,-2.295
20040819,-2.322
20040820,-2.35
20040821,-2.227
20040822,-2.232
20040823,-2.278
20040824,-2.321
20040825,-2.135
20040826,-2.092
20040827,-2.088
20040828,-2.03
20040829,-2.117
20040830,-2.067
20040831,-1.963
20040901,-2.01
20040902,-2.098
20040903,-2.158
20040904,-2.205
20040905,-2.245
20040906,-2.289
20040907,-2.322
20040908,-2.349
20040909,-2.369
20040910,-2.39
20040911,-2.412
20040912,-2.433
20040913,-2.443
20040914,-2.455
20040915,-2.485
20040916,-2.483
20040917,-2.48
20040918,-2.487
20040919,-2.507
20040920,-2.499
20040921,-2.525
20040922,-2.515
20040923,-2.497
20040924,-2.437
20040925,-2.243
20040926,-2.225
20040927,-2.265
20040928,-2.296
20040929,-2.204
20040930,-2.21
20041001,-2.181
20041002,-2.155
20041003,-2.08
20041004,-2.113
20041005,-2.143
20041006,-2.184
20041007,-2.643
20041008,-2.66
20041009,-2.676
20041010,-2.693
20041011,-2.696
20041012,-2.707
20041013,-2.379
20041014,-2.639
20041015,-2.684
20041016,-2.722
20041017,-2.726
20041018,-2.765
20041019,-2.727
20041020,-2.605
20041021,-2.81
20041022,-2.707
20041023,-2.659
20041024,-2.561
20041025,-2.372
20041026,-2.558
20041027,-2.565
20041028,-2.619
20041029,-2.676
20041030,-2.746
20041031,-2.591
20041101,-2.621
20041102,-2.635
20041103,-2.674
20041104,-2.659
20041105,-2.716
20041106,-2.665
20041107,-2.698
20041108,-2.656
20041109,-2.687
20041110,-2.678
20041111,-2.658
20041112,-2.543
20041113,-2.748
20041114,-2.537
20041115,-2.473
20041116,-2.623
20041117,-2.571
20041118,-2.553
20041119,-2.505
20041120,-2.34
20041121,-2.398
20041122,-2.409
20041123,-2.611
20041124,-2.556
20041125,-2.542
20041126,-2.591
20041127,-2.679
20041128,-2.55
20041129,-2.705
20041130,-2.638
20041201,-2.627
20041202,-2.708
20041203,-2.744
20041204,-2.713
20041205,-2.672
20041206,-2.698
20041207,-2.712
20041208,-2.726
20041209,-2.677
20041210,-2.701
20041211,-2.756
20041212,-2.741
20041213,-2.716
20041214,-2.694
20041215,-2.669
20041216,-2.588
20041217,-2.67
20041218,-2.804
20041219,-2.468
20041220,-2.544
20041221,-2.623
20041222,-2.491
20041223,-2.577
20041224,-2.601
20041225,-2.651
20041226,-2.679
20041227,-2.67
20041228,-2.494
20041229,-2.823
20041230,-2.586
20041231,-2.398
20050101,-2.482
20050102,-2.642
20050103,-2.636
20050104,-2.566
20050105,-2.662
20050106,-2.745
20050107,-2.546
20050108,-2.394
20050109,-2.603
20050110,-2.595
20050111,-2.669
20050112,-2.636
20050113,-2.661
20050114,-2.692
20050115,-2.661
20050116,-2.636
20050117,-2.632
20050118,-2.578
20050119,-2.665
20050120,-2.481
20050121,-2.682
20050122,-2.657
20050123,-2.623
20050124,-2.676
20050125,-2.609
20050126,-2.626
20050127,-2.563
20050128,-2.622
20050129,-2.724
20050130,-2.695
20050131,-2.637
20050201,-2.694
20050202,-2.617
20050203,-2.685
20050204,-2.636
20050205,-2.61
20050206,-2.722
20050207,-2.691
20050208,-2.717
20050209,-2.684
20050210,-2.648
20050211,-2.565
20050212,-2.315
20050213,-2.218
20050214,-2.334
20050215,-2.408
20050216,-2.462
20050217,-2.529
20050218,-2.499
20050219,-2.599
20050220,-2.645
20050221,-2.618
20050222,-2.621
20050223,-2.644
20050224,-2.684
20050225,-2.674
20050226,-2.63
20050227,-2.733
20050228,-2.626
20050301,-2.586
20050302,-2.686
20050303,-2.774
20050304,-2.62
20050305,-2.71
20050306,-2.761
20050307,-2.696
20050308,-2.526
20050309,-2.276
20050310,-2.209
20050311,-2.209
20050312,-2.444
20050313,-2.568
20050314,-2.581
20050315,-2.608
20050316,-2.623
20050317,-2.662
20050318,-2.659
20050319,-2.694
20050320,-2.671
20050321,-2.661
20050322,-2.656
20050323,-2.788
20050324,-2.675
20050325,-2.751
20050326,-2.679
20050327,-2.738
20050328,-2.765
20050329,-2.755
20050330,-2.753
20050331,-2.794
20050401,-2.744
20050402,-2.726
20050403,-2.749
20050404,-2.727
20050405,-2.781
20050406,-2.644
20050407,-2.634
20050408,-2.771
20050409,-2.839
20050410,-2.783
20050411,-2.767
20050412,-2.695
20050413,-2.674
20050414,-2.729
20050415,-2.722
20050416,-2.756
20050417,-2.739
20050418,-2.74
20050419,-2.786
20050420,-2.823
20050421,-2.772
20050422,-2.721
20050423,-2.712
20050424,-2.744
20050425,-2.733
20050426,-2.766
20050427,-2.751
20050428,-2.76
20050429,-2.738
20050430,-2.682
20050501,-2.723
20050502,-2.748
20050503,-2.715
20050504,-2.741
20050505,-2.741
20050506,-2.718
20050507,-2.64
20050508,-2.69
20050509,-2.701
20050510,-2.719
20050511,-2.742
20050512,-2.695
20050513,-2.687
20050514,-2.665
20050515,-2.721
20050516,-2.593
20050517,-2.658
20050518,-2.695
20050519,-2.64
20050520,-2.646
20050521,-2.68
20050522,-2.693
20050523,-2.748
20050524,-2.711
20050525,-2.747
20050526,-2.66
20050527,-2.717
20050528,-2.745
20050529,-2.776
20050530,-2.746
20050531,-2.753
20050601,-2.734
20050602,-2.703
20050603,-2.694
20050604,-2.67
20050605,-2.707
20050606,-2.746
20050607,-2.78
20050608,-2.741
20050609,-2.692
20050610,-2.689
20050611,-2.683
20050612,-2.71
20050613,-2.747
20050614,-2.762
20050615,-2.765
20050616,-2.788
20050617,-2.785
20050618,-2.76
20050619,-2.717
20050620,-2.74
20050621,-2.802
20050622,-2.804
20050623,-2.751
20050624,-2.74
20050625,-2.827
20050626,-2.795
20050627,-2.734
20050628,-2.744
20050629,-2.715
20050630,-2.759
20050701,-2.358
20050702,-2.627
20050703,-2.644
20050704,-2.538
20050705,-2.713
20050706,-2.605
20050707,-2.711
20050708,-2.709
20050709,-2.693
20050710,-2.704
20050711,-2.708
20050712,-2.679
20050713,-2.682
20050714,-2.687
20050715,-2.672
20050716,-2.732
20050717,-2.724
20050718,-2.671
20050719,-2.773
20050720,-2.659
20050721,-2.656
20050722,-2.684
20050723,-2.669
20050724,-2.679
20050725,-2.703
20050726,-2.748
20050727,-2.689
20050728,-2.717
20050729,-2.72
20050730,-2.699
20050731,-2.556
20050801,-2.451
20050802,-2.557
20050803,-2.571
20050804,-2.64
20050805,-2.567
20050806,-2.642
20050807,-2.572
20050808,-2.538
20050809,-2.44
20050810,-2.547
20050811,-2.544
20050812,-2.566
20050813,-2.624
20050814,-2.574
20050815,-2.671
20050816,-2.588
20050817,-2.614
20050818,-2.6
20050819,-2.624
20050820,-2.703
20050821,-2.679
20050822,-2.64
20050823,-2.683
20050824,-2.616
20050825,-2.63
20050826,-2.73
20050827,-2.615
20050828,-2.649
20050829,-2.65
20050830,-2.682
20050831,-2.595
20050901,-2.668
20050902,-2.746
20050903,-2.71
20050904,-2.655
20050905,-2.643
20050906,-2.677
20050907,-2.726
20050908,-2.715
20050909,-2.7
20050910,-2.709
20050911,-2.723
20050912,-2.775
20050913,-2.738
20050914,-2.672
20050915,-2.681
20050916,-2.698
20050917,-2.725
20050918,-2.714
20050919,-2.684
20050920,-2.699
20050921,-2.701
20050922,-2.697
20050923,-2.66
20050924,-2.765
20050925,-2.654
20050926,-2.741
20050927,-2.673
20050928,-2.733
20050929,-2.673
20050930,-2.62
20051001,-2.583
20051002,-2.592
20051003,-2.643
20051004,-2.62
20051005,-2.626
20051006,-2.671
20051007,-2.664
20051008,-2.698
20051009,-2.769
20051010,-2.706
20051011,-2.698
20051012,-2.73
20051013,-2.764
20051014,-2.804
20051015,-2.758
20051016,-2.737
20051017,-2.758
20051018,-2.726
20051019,-2.694
20051020,-2.703
20051021,-2.671
20051022,-2.761
20051023,-2.85
20051024,-2.718
20051025,-2.612
20051026,-2.535
20051027,-2.558
20051028,-2.617
20051029,-2.679
20051030,-2.696
20051031,-2.689
20051101,-2.774
20051102,-2.681
20051103,-2.728
20051104,-2.758
20051105,-2.786
20051106,-2.723
20051107,-2.753
20051108,-2.723
20051109,-2.782
20051110,-2.751
20051111,-2.681
20051112,-2.691
20051113,-2.782
20051114,-2.703
20051115,-2.631
20051116,-2.642
20051117,-2.66
20051118,-2.289
20051119,-2.371
20051120,-2.509
20051121,-2.608
20051122,-2.652
20051123,-2.623
20051124,-2.455
20051125,-2.449
20051126,-2.584
20051127,-2.609
20051128,-2.634
20051129,-2.677
20051130,-2.709
20051201,-2.661
20051202,-2.609
20051203,-2.7
20051204,-2.724
20051205,-2.739
20051206,-2.582
20051207,-2.629
20051208,-2.674
20051209,-2.768
20051210,-2.674
20051211,-2.654
20051212,-2.714
20051213,-2.697
20051214,-2.681
20051215,-2.623
20051216,-2.609
20051217,-2.665
20051218,-2.625
20051219,-2.529
20051220,-2.563
20051221,-2.603
20051222,-2.639
20051223,-2.62
20051224,-2.58
20051225,-2.655
20051226,-2.592
20051227,-2.622
20051228,-2.65
20051229,-2.655
20051230,-2.677
20051231,-2.625
20060101,-2.48
20060102,-2.59
20060103,-2.604
20060104,-2.683
20060105,-2.609
20060106,-2.724
20060107,-2.723
20060108,-2.719
20060109,-2.712
20060110,-2.709
20060111,-2.682
20060112,-2.785
20060113,-2.684
20060114,-2.728
20060115,-2.701
20060116,-2.7
20060117,-2.625
20060118,-2.823
20060119,-2.738
20060120,-2.617
20060121,-2.689
20060122,-2.723
20060123,-2.656
20060124,-2.637
20060125,-2.601
20060126,-2.765
20060127,-2.723
20060128,-2.771
20060129,-2.771
20060130,-2.751
20060131,-2.733
20060201,-2.718
20060202,-2.747
20060203,-2.744
20060204,-2.802
20060205,-2.723
20060206,-2.719
20060207,-2.69
20060208,-2.632
20060209,-2.713
20060210,-2.806
20060211,-2.713
20060212,-2.642
20060213,-2.69
20060214,-2.662
20060215,-2.511
20060216,-2.562
20060217,-2.57
20060218,-2.615
20060219,-2.683
20060220,-2.723
20060221,-2.754
20060222,-2.775
20060223,-2.676
20060224,-2.763
20060225,-2.72
20060226,-2.776
20060227,-2.695
20060228,-2.643
20060301,-2.733
20060302,-2.728
20060303,-2.719
20060304,-2.701
20060305,-2.721
20060306,-2.702
20060307,-2.638
20060308,-2.503
20060309,-2.666
20060310,-2.567
20060311,-2.692
20060312,-2.707
20060313,-2.641
20060314,-2.631
20060315,-2.707
20060316,-2.727
20060317,-2.725
20060318,-2.702
20060319,-2.681
20060320,-2.725
20060321,-2.73
20060322,-2.761
20060323,-2.754
20060324,-2.64
20060325,-2.792
20060326,-2.744
20060327,-2.643
20060328,-2.615
20060329,-2.711
20060330,-2.565
20060331,-2.663
20060401,-2.558
20060402,-2.576
20060403,-2.624
20060404,-2.56
20060405,-2.588
20060406,-2.627
20060407,-2.683
20060408,-2.633
20060409,-2.656
20060410,-2.685
20060411,-2.626
20060412,-2.682
20060413,-2.615
20060414,-2.719
20060415,-2.67
20060416,-2.719
20060417,-2.68
20060418,-2.714
20060419,-2.692
20060420,-2.727
20060421,-2.729
20060422,-2.732
20060423,-2.714
20060424,-2.747
20060425,-2.711
20060426,-2.736
20060427,-2.746
20060428,-2.691
20060429,-2.695
20060430,-2.693
20060501,-2.674
20060502,-2.788
20060503,-2.737
20060504,-2.727
20060505,-2.748
20060506,-2.742
20060507,-2.738
20060508,-2.722
20060509,-2.782
20060510,-2.772
20060511,-2.772
20060512,-2.753
20060513,-2.779
20060514,-2.845
20060515,-2.71
20060516,-2.803
20060517,-2.802
20060518,-2.718
20060519,-2.683
20060520,-2.55
20060521,-2.8
20060522,-2.668
20060523,-2.877
20060524,-2.701
20060525,-2.728
20060526,-2.676
20060527,-2.729
20060528,-2.73
20060529,-2.649
20060530,-2.725
20060531,-2.749
20060601,-2.727
20060602,-2.767
20060603,-2.689
20060604,-2.736
20060605,-2.749
20060606,-2.778
20060607,-2.734
20060608,-2.761
20060609,-2.739
20060610,-2.749
20060611,-2.778
20060612,-2.76
20060613,-2.764
20060614,-2.802
20060615,-2.75
20060616,-2.759
20060617,-2.773
20060618,-2.733
20060619,-2.765
20060620,-2.796
20060621,-2.752
20060622,-2.746
20060623,-2.808
20060624,-2.741
20060625,-2.763
20060626,-2.653
20060627,-2.735
20060628,-2.722
20060629,-2.74
20060630,-2.745
20060701,-2.757
20060702,-2.744
20060703,-2.759
20060704,-2.777
20060705,-2.789
20060706,-2.811
20060707,-2.797
20060708,-2.809
20060709,-2.764
20060710,-2.901
20060711,-2.815
20060712,-2.695
20060713,-2.752
20060714,-2.821
20060715,-2.785
20060716,-2.778
20060717,-2.787
20060718,-2.794
20060719,-2.801
20060720,-2.808
20060721,-2.831
20060722,-2.775
20060723,-2.757
20060724,-2.772
20060725,-2.75
20060726,-2.765
20060727,-2.788
20060728,-2.763
20060729,-2.756
20060730,-2.782
20060731,-2.698
20060801,-2.636
20060802,-2.709
20060803,-2.734
20060804,-2.737
20060805,-2.752
20060806,-2.737
20060807,-2.739
20060808,-2.762
20060809,-2.737
20060810,-2.758
20060811,-2.712
20060812,-2.646
20060813,-2.698
20060814,-2.636
20060815,-2.652
20060816,-2.642
20060817,-2.687
20060818,-2.704
20060819,-2.73
20060820,-2.702
20060821,-2.702
20060822,-2.557
20060823,-2.592
20060824,-2.582
20060825,-2.661
20060826,-2.677
20060827,-2.681
20060828,-2.579
20060829,-2.394
20060830,-2.536
20060831,-2.517
20060901,-2.53
20060902,-2.572
20060903,-2.599
20060904,-2.704
20060905,-2.622
20060906,-2.602
20060907,-2.676
20060908,-2.743
20060909,-2.675
20060910,-2.665
20060911,-2.684
20060912,-2.693
20060913,-2.683
20060914,-2.692
20060915,-2.731
20060916,-2.718
20060917,-2.733
20060918,-2.735
20060919,-2.732
20060920,-2.756
20060921,-2.727
20060922,-2.75
20060923,-2.772
20060924,-2.747
20060925,-2.734
20060926,-2.789
20060927,-2.739
20060928,-2.717
20060929,-2.725
20060930,-2.778
20061001,-2.722
20061002,-2.698
20061003,-2.66
20061004,-2.759
20061005,-2.721
20061006,-2.655
20061007,-2.666
20061008,-2.624
20061009,-2.607
20061010,-2.689
20061011,-2.63
20061012,-2.763
20061013,-2.761
20061014,-2.712
20061015,-2.717
20061016,-2.681
20061017,-2.675
20061018,-2.683
20061019,-2.672
20061020,-2.706
20061021,-2.76
20061022,-2.738
20061023,-2.708
20061024,-2.333
20061025,-2.435
20061026,-2.468
20061027,-2.714
20061028,-2.601
20061029,-2.689
20061030,-2.619
20061031,-2.557
20061101,-2.808
20061102,-2.693
20061103,-2.662
20061104,-2.582
20061105,-2.589
20061106,-2.652
20061107,-2.635
20061108,-2.655
20061109,-2.791
20061110,-2.727
20061111,-2.567
20061112,-2.698
20061113,-2.451
20061114,-2.622
20061115,-2.651
20061116,-2.52
20061117,-2.644
20061118,-2.572
20061119,-2.567
20061120,-2.535
20061121,-2.56
20061122,-2.523
20061123,-2.431
20061124,-2.446
20061125,-2.483
20061126,-2.628
20061127,-2.591
20061128,-2.609
20061129,-2.771
20061130,-2.69
20061201,-2.621
20061202,-2.641
20061203,-2.486
20061204,-2.556
20061205,-2.543
20061206,-2.59
20061207,-2.435
20061208,-2.237
20061209,-2.58
20061210,-2.551
20061211,-2.415
20061212,-2.578
20061213,-2.609
20061214,-2.594
20061215,-2.592
20061216,-2.615
20061217,-2.636
20061218,-2.654
20061219,-2.651
20061220,-2.649
20061221,-2.697
20061222,-2.689
20061223,-2.693
20061224,-2.679
20061225,-2.695
20061226,-2.701
20061227,-2.687
20061228,-2.648
20061229,-2.69
20061230,-2.659
20061231,-2.87
20070101,-2.653
20070102,-2.642
20070103,-2.461
20070104,-2.412
20070105,-2.558
20070106,-2.568
20070107,-2.494
20070108,-2.367
20070109,-2.469
20070110,-2.436
20070111,-2.372
20070112,-2.305
20070113,-2.421
20070114,-2.641
20070115,-2.534
20070116,-2.581
20070117,-2.545
20070118,-2.122
20070119,-2.181
20070120,-2.12
20070121,-2.26
20070122,-2.406
20070123,-2.324
20070124,-2.424
20070125,-2.606
20070126,-2.461
20070127,-2.666
20070128,-2.468
20070129,-2.629
20070130,-2.613
20070131,-2.568
20070201,-2.716
20070202,-2.643
20070203,-2.692
20070204,-2.641
20070205,-2.573
20070206,-2.632
20070207,-2.674
20070208,-2.645
20070209,-2.842
20070210,-2.69
20070211,-2.58
20070212,-2.38
20070213,-2.512
20070214,-2.341
20070215,-2.572
20070216,-2.431
20070217,-2.524
20070218,-2.644
20070219,-2.625
20070220,-2.657
20070221,-2.641
20070222,-2.696
20070223,-2.627
20070224,-2.582
20070225,-2.618
20070226,-2.459
20070227,-2.454
20070228,-2.389
20070301,-2.29
20070302,-2.414
20070303,-2.321
20070304,-2.458
20070305,-2.483
20070306,-2.31
20070307,-2.266
20070308,-2.357
20070309,-2.336
20070310,-2.53
20070311,-2.504
20070312,-2.539
20070313,-2.635
20070314,-2.673
20070315,-2.602
20070316,-2.666
20070317,-2.655
20070318,-2.515
20070319,-2.631
20070320,-2.635
20070321,-2.637
20070322,-2.632
20070323,-2.687
20070324,-2.652
20070325,-2.752
20070326,-2.699
20070327,-2.697
20070328,-2.698
20070329,-2.68
20070330,-2.742
20070331,-2.793
20070401,-2.79
20070402,-2.723
20070403,-2.687
20070404,-2.775
20070405,-2.731
20070406,-2.742
20070407,-2.746
20070408,-2.698
20070409,-2.702
20070410,-2.755
20070411,-2.745
20070412,-2.727
20070413,-2.734
20070414,-2.758
20070415,-2.744
20070416,-2.746
20070417,-2.761
20070418,-2.776
20070419,-2.69
20070420,-2.818
20070421,-2.756
20070422,-2.743
20070423,-2.747
20070424,-2.76
20070425,-2.737
20070426,-2.792
20070427,-2.796
20070428,-2.771
20070429,-2.775
20070430,-2.773
20070501,-2.782
20070502,-2.78
20070503,-2.77
20070504,-2.771
20070505,-2.806
20070506,-2.747
20070507,-2.683
20070508,-2.749
20070509,-2.795
20070510,-2.7
20070511,-2.721
20070512,-2.665
20070513,-2.668
20070514,-2.727
20070515,-2.753
20070516,-2.647
20070517,-2.699
20070518,-2.662
20070519,-2.753
20070520,-2.755
20070521,-2.742
20070522,-2.78
20070523,-2.751
20070524,-2.702
20070525,-2.688
20070526,-2.743
20070527,-2.674
20070528,-2.754
20070529,-2.714
20070530,-2.749
20070531,-2.75
20070601,-2.771
20070602,-2.781
20070603,-2.731
20070604,-2.761
20070605,-2.742
20070606,-2.735
20070607,-2.739
20070608,-2.738
20070609,-2.772
20070610,-2.778
20070611,-2.755
20070612,-2.77
20070613,-2.759
20070614,-2.755
20070615,-2.713
20070616,-2.685
20070617,-2.664
20070618,-2.486
20070619,-2.439
20070620,-2.514
20070621,-2.575
20070622,-2.591
20070623,-2.656
20070624,-2.66
20070625,-2.542
20070626,-2.38
20070627,-2.389
20070628,-2.456
20070629,-2.453
20070630,-2.452
20070701,-2.392
20070702,-2.173
20070703,-2.24
20070704,-2.315
20070705,-2.136
20070706,-2.101
20070707,-2.156
20070708,-2.245
20070709,-2.321
20070710,-2.397
20070711,-2.447
20070712,-2.501
20070713,-2.5
20070714,-2.502
20070715,-2.531
20070716,-2.502
20070717,-2.102
20070718,-2.186
20070719,-2.289
20070720,-2.328
20070721,-2.422
20070722,-2.407
20070723,-2.396
20070724,-2.486
20070725,-2.291
20070726,-2.317
20070727,-2.483
20070728,-2.47
20070729,-2.46
20070730,-2.556
20070731,-2.562
20070801,-2.544
20070802,-2.538
20070803,-2.668
20070804,-2.596
20070805,-2.569
20070806,-2.598
20070807,-2.673
20070808,-2.643
20070809,-2.639
20070810,-2.654
20070811,-2.643
20070812,-2.62
20070813,-2.674
20070814,-2.625
20070815,-2.614
20070816,-2.68
20070817,-2.635
20070818,-2.594
20070819,-2.578
20070820,-2.607
20070821,-2.664
20070822,-2.676
20070823,-2.672
20070824,-2.701
20070825,-2.667
20070826,-2.659
20070827,-2.627
20070828,-2.671
20070829,-2.66
20070830,-2.641
20070831,-2.65
20070901,-2.691
20070902,-2.631
20070903,-2.705
20070904,-2.715
20070905,-2.677
20070906,-2.668
20070907,-2.662
20070908,-2.635
20070909,-2.658
20070910,-2.578
20070911,-2.745
20070912,-2.675
20070913,-2.652
20070914,-2.587
20070915,-2.736
20070916,-2.579
20070917,-2.674
20070918,-2.757
20070919,-2.65
20070920,-2.658
20070921,-2.674
20070922,-2.716
20070923,-2.661
20070924,-2.572
20070925,-2.677
20070926,-2.672
20070927,-2.673
20070928,-2.633
20070929,-2.581
20070930,-2.366
20071001,-2.174
20071002,-2.286
20071003,-2.373
20071004,-2.475
20071005,-2.559
20071006,-2.572
20071007,-2.57
20071008,-2.639
20071009,-2.616
20071010,-2.678
20071011,-2.636
20071012,-2.656
20071013,-2.681
20071014,-2.626
20071015,-2.609
20071016,-2.674
20071017,-2.659
20071018,-2.651
20071019,-2.563
20071020,-2.607
20071021,-2.564
20071022,-2.632
20071023,-2.644
20071024,-2.641
20071025,-2.645
20071026,-2.658
20071027,-2.696
20071028,-2.607
20071029,-2.652
20071030,-2.729
20071031,-2.706
20071101,-2.681
20071102,-2.694
20071103,-2.651
20071104,-2.704
20071105,-2.641
20071106,-2.752
20071107,-2.544
20071108,-2.566
20071109,-2.675
20071110,-2.514
20071111,-2.317
20071112,-2.415
20071113,-2.362
20071114,-2.537
20071115,-2.547
20071116,-2.53
20071117,-2.546
20071118,-2.525
20071119,-2.61
20071120,-2.619
20071121,-2.599
20071122,-2.62
20071123,-2.766
20071124,-2.67
20071125,-2.67
20071126,-2.706
20071127,-2.644
20071128,-2.514
20071129,-2.5
20071130,-2.62
20071201,-2.596
20071202,-2.497
20071203,-2.366
20071204,-2.39
20071205,-2.31
20071206,-2.452
20071207,-2.343
20071208,-2.22
20071209,-2.225
20071210,-2.391
20071211,-2.496
20071212,-2.523
20071213,-2.525
20071214,-2.532
20071215,-2.577
20071216,-2.609
20071217,-2.604
20071218,-2.643
20071219,-2.656
20071220,-2.614
20071221,-2.606
20071222,-2.634
20071223,-2.701
20071224,-2.645
20071225,-2.597
20071226,-2.76
20071227,-2.653
20071228,-2.624
20071229,-2.575
20071230,-2.774
20071231,-2.696
20080101,-2.659
20080102,-2.65
20080103,-2.596
20080104,-2.683
20080105,-2.619
20080106,-2.753
20080107,-2.57
20080108,-2.723
20080109,-2.592
20080110,-2.607
20080111,-2.618
20080112,-2.451
20080113,-2.475
20080114,-2.469
20080115,-2.509
20080116,-2.61
20080117,-2.543
20080118,-2.46
20080119,-2.272
20080120,-2.12
20080121,-2.12
20080122,-1.981
20080123,-2.144
20080124,-2.236
20080125,-2.291
20080126,-2.346
20080127,-2.365
20080128,-2.41
20080129,-2.456
20080130,-2.504
20080131,-2.493
20080201,-2.504
20080202,-2.543
20080203,-2.55
20080204,-2.573
20080205,-2.58
20080206,-2.582
20080207,-2.558
20080208,-2.583
20080209,-2.603
20080210,-2.618
20080211,-2.629
20080212,-2.639
20080213,-2.647
20080214,-2.652
20080215,-2.672
20080216,-2.664
20080217,-2.665
20080218,-2.675
20080219,-2.672
20080220,-2.677
20080221,-2.666
20080222,-2.657
20080223,-2.661
20080224,-2.656
20080225,-2.648
20080226,-2.601
20080227,-2.574
20080228,-2.605
20080229,-2.623
20080301,-2.482
20080302,-2.522
20080303,-2.569
20080304,-2.616
20080305,-2.633
20080306,-2.63
20080307,-2.628
20080308,-2.638
20080309,-2.637
20080310,-2.555
20080311,-2.596
20080312,-2.475
20080313,-2.485
20080314,-2.558
20080315,-2.596
20080316,-2.637
20080317,-2.654
20080318,-2.66
20080319,-2.667
20080320,-2.652
20080321,-2.286
20080322,-2.427
20080323,-2.497
20080324,-2.553
20080325,-2.571
20080326,-2.571
20080327,-2.591
20080328,-2.602
20080329,-2.509
20080330,-2.517
20080331,-2.562
20080401,-2.564
20080402,-2.562
20080403,-2.589
20080404,-2.597
20080405,-2.619
20080406,-2.631
20080407,-2.645
20080408,-2.652
20080409,-2.656
20080410,-2.668
20080411,-2.672
20080412,-2.671
20080413,-2.679
20080414,-2.694
20080415,-2.684
20080416,-2.682
20080417,-2.681
20080418,-2.693
20080419,-2.705
20080420,-2.703
20080421,-2.71
20080422,-2.706
20080423,-2.693
20080424,-2.684
20080425,-2.687
20080426,-2.683
20080427,-2.686
20080428,-2.693
20080429,-2.688
20080430,-2.686
20080501,-2.698
20080502,-2.701
20080503,-2.704
20080504,-2.704
20080505,-2.711
20080506,-2.715
20080507,-2.718
20080508,-2.72
20080509,-2.728
20080510,-2.732
20080511,-2.73
20080512,-2.733
20080513,-2.74
20080514,-2.733
20080515,-2.741
20080516,-2.742
20080517,-2.733
20080518,-2.734
20080519,-2.738
20080520,-2.738
20080521,-2.735
20080522,-2.732
20080523,-2.738
20080524,-2.718
20080525,-2.711
20080526,-2.702
20080527,-2.69
20080528,-2.698
20080529,-2.704
20080530,-2.701
20080531,-2.704
20080601,-2.689
20080602,-2.708
20080603,-2.689
20080604,-2.682
20080605,-2.686
20080606,-2.691
20080607,-2.707
20080608,-2.709
20080609,-2.726
20080610,-2.727
20080611,-2.721
20080612,-2.699
20080613,-2.697
20080614,-2.709
20080615,-2.706
20080616,-2.704
20080617,-2.717
20080618,-2.72
20080619,-2.702
20080620,-2.713
20080621,-2.718
20080622,-2.722
20080623,-2.721
20080624,-2.732
20080625,-2.728
20080626,-2.743
20080627,-2.69
20080628,-2.696
20080629,-2.714
20080630,-2.734
20080701,-2.741
20080702,-2.755
20080703,-2.738
20080704,-2.726
20080705,-2.742
20080706,-2.736
20080707,-2.711
20080708,-2.506
20080709,-2.635
20080710,-2.637
20080711,-2.656
20080712,-2.588
20080713,-2.652
20080714,-2.673
20080715,-2.682
20080716,-2.688
20080717,-2.683
20080718,-2.625
20080719,-2.455
20080720,-2.436
20080721,-2.529
20080722,-2.562
20080723,-2.588
20080724,-2.612
20080725,-2.629
20080726,-2.644
20080727,-2.158
20080728,-2.348
20080729,-2.452
20080730,-2.505
20080731,-2.545
20080801,-2.561
20080802,-2.58
20080803,-2.59
20080804,-2.445
20080805,-2.514
20080806,-2.551
20080807,-2.573
20080808,-2.597
20080809,-2.592
20080810,-2.549
20080811,-2.541
20080812,-2.555
20080813,-2.568
20080814,-2.459
20080815,-2.522
20080816,-2.566
20080817,-2.589
20080818,-2.593
20080819,-2.593
20080820,-2.528
20080821,-2.397
20080822,-2.434
20080823,-2.478
20080824,-2.513
20080825,-2.542
20080826,-2.57
20080827,-2.576
20080828,-2.585
20080829,-2.603
20080830,-2.61
20080831,-2.615
20080901,-2.614
20080902,-2.606
20080903,-2.597
20080904,-2.597
20080905,-2.609
20080906,-2.603
20080907,-2.611
20080908,-2.623
20080909,-2.627
20080910,-2.632
20080911,-2.639
20080912,-2.648
20080913,-2.647
20080914,-2.648
20080915,-2.653
20080916,-2.65
20080917,-2.652
20080918,-2.655
20080919,-2.667
20080920,-2.663
20080921,-2.662
20080922,-2.67
20080923,-2.665
20080924,-2.665
20080925,-2.669
20080926,-2.661
20080927,-2.654
20080928,-2.654
20080929,-2.647
20080930,-2.626
20081001,-2.544
20081002,-2.485
20081003,-2.349
20081004,-2.385
20081005,-2.445
20081006,-2.154
20081007,-2.288
20081008,-2.372
20081009,-2.418
20081010,-2.458
20081011,-2.498
20081012,-2.53
20081013,-2.544
20081014,-2.567
20081015,-2.575
20081016,-2.513
20081017,-2.436
20081018,-2.48
20081019,-2.525
20081020,-2.545
20081021,-2.572
20081022,-2.579
20081023,-2.581
20081024,-2.589
20081025,-2.59
20081026,-2.586
20081027,-2.423
20081028,-2.43
20081029,-2.387
20081030,-2.511
20081031,-2.564
20081101,-2.597
20081102,-2.604
20081103,-2.61
20081104,-2.619
20081105,-2.626
20081106,-2.624
20081107,-2.625
20081108,-2.63
20081109,-2.632
20081110,-2.618
20081111,-2.004
20081112,-2.203
20081113,-2.261
20081114,-2.355
20081115,-2.408
20081116,-2.467
20081117,-2.513
20081118,-2.534
20081119,-2.557
20081120,-2.568
20081121,-2.516
20081122,-2.395
20081123,-2.345
20081124,-2.449
20081125,-2.451
20081126,-2.489
20081127,-2.5
20081128,-2.531
20081129,-2.566
20081130,-2.564
20081201,-2.56
20081202,-2.568
20081203,-2.538
20081204,-2.512
20081205,-2.503
20081206,-2.543
20081207,-2.56
20081208,-2.558
20081209,-2.577
20081210,-2.394
20081211,-2.473
20081212,-2.521
20081213,-2.543
20081214,-2.58
20081215,-2.606
20081216,-2.605
20081217,-2.612
20081218,-2.612
20081219,-2.62
20081220,-2.573
20081221,-2.567
20081222,-2.585
20081223,-2.603
20081224,-2.609
20081225,-2.623
20081226,-2.626
20081227,-2.633
20081228,-2.637
20081229,-2.637
20081230,-2.642
20081231,-2.649
20090101,-2.653
20090102,-2.658
20090103,-2.648
20090104,-2.641
20090105,-2.582
20090106,-2.587
20090107,-2.617
20090108,-2.626
20090109,-2.645
20090110,-2.641
20090111,-2.647
20090112,-2.639
20090113,-2.637
20090114,-2.628
20090115,-2.605
20090116,-2.611
20090117,-2.599
20090118,-2.577
20090119,-2.514
20090120,-2.405
20090121,-2.497
20090122,-2.523
20090123,-2.35
20090124,-2.228
20090125,-2.38
20090126,-2.481
20090127,-2.541
20090128,-2.576
20090129,-2.6
20090130,-2.617
20090131,-2.63
20090201,-2.64
20090202,-2.643
20090203,-2.655
20090204,-2.652
20090205,-2.648
20090206,-2.639
20090207,-2.642
20090208,-2.64
20090209,-2.63
20090210,-2.541
20090211,-2.399
20090212,-2.506
20090213,-2.546
20090214,-2.578
20090215,-2.58
20090216,-2.515
20090217,-2.303
20090218,-2.425
20090219,-2.496
20090220,-2.53
20090221,-2.55
20090222,-2.57
20090223,-2.592
20090224,-2.605
20090225,-2.604
20090226,-2.615
20090227,-2.614
20090228,-2.596
20090301,-2.596
20090302,-2.576
20090303,-2.557
20090304,-2.579
20090305,-2.615
20090306,-2.586
20090307,-2.574
20090308,-2.553
20090309,-2.503
20090310,-2.537
20090311,-2.553
20090312,-2.559
20090313,-2.577
20090314,-2.584
20090315,-2.614
20090316,-2.619
20090317,-2.638
20090318,-2.632
20090319,-2.653
20090320,-2.653
20090321,-2.655
20090322,-2.658
20090323,-2.624
20090324,-2.673
20090325,-2.555
20090326,-2.531
20090327,-2.462
20090328,-2.452
20090329,-2.375
20090330,-2.452
20090331,-2.525
20090401,-2.571
20090402,-2.595
20090403,-2.613
20090404,-2.631
20090405,-2.634
20090406,-2.637
20090407,-2.652
20090408,-2.643
20090409,-2.647
20090410,-2.648
20090411,-2.664
20090412,-2.671
20090413,-2.668
20090414,-2.669
20090415,-2.671
20090416,-2.677
20090417,-2.684
20090418,-2.685
20090419,-2.679
20090420,-2.678
20090421,-2.672
20090422,-2.682
20090423,-2.685
20090424,-2.686
20090425,-2.69
20090426,-2.691
20090427,-2.662
20090428,-2.685
20090429,-2.688
20090430,-2.692
20090501,-2.689
20090502,-2.697
20090503,-2.684
20090504,-2.687
20090505,-2.685
20090506,-2.669
20090507,-2.671
20090508,-2.674
20090509,-2.678
20090510,-2.693
20090511,-2.701
20090512,-2.699
20090513,-2.699
20090514,-2.697
20090515,-2.698
20090516,-2.674
20090517,-2.643
20090518,-2.643
20090519,-2.653
20090520,-2.664
20090521,-2.67
20090522,-2.673
20090523,-2.68
20090524,-2.693
20090525,-2.674
20090526,-2.579
20090527,-2.623
20090528,-2.637
20090529,-2.651
20090530,-2.655
20090531,-2.674
20090601,-2.682
20090602,-2.689
20090603,-2.689
20090604,-2.692
20090605,-2.699
20090606,-2.7
20090607,-2.71
20090608,-2.702
20090609,-2.683
20090610,-2.71
20090611,-2.643
20090612,-2.669
20090613,-2.685
20090614,-2.69
20090615,-2.701
20090616,-2.705
20090617,-2.693
20090618,-2.708
20090619,-2.714
20090620,-2.712
20090621,-2.705
20090622,-2.71
20090623,-2.716
20090624,-2.709
20090625,-2.71
20090626,-2.708
20090627,-2.706
20090628,-2.712
20090629,-2.714
20090630,-2.719
20090701,-2.723
20090702,-2.724
20090703,-2.731
20090704,-2.698
20090705,-2.711
20090706,-2.704
20090707,-2.483
20090708,-2.525
20090709,-2.616
20090710,-2.278
20090711,-2.412
20090712,-2.493
20090713,-2.517
20090714,-2.565
20090715,-2.599
20090716,-2.629
20090717,-2.636
20090718,-2.646
20090719,-2.654
20090720,-2.661
20090721,-2.663
20090722,-2.669
20090723,-2.667
20090724,-2.653
20090725,-2.668
20090726,-2.66
20090727,-2.665
20090728,-2.67
20090729,-2.668
20090730,-2.667
20090731,-2.665
20090801,-2.66
20090802,-2.675
20090803,-2.663
20090804,-2.671
20090805,-2.677
20090806,-2.684
20090807,-2.685
20090808,-2.685
20090809,-2.685
20090810,-2.691
20090811,-2.695
20090812,-2.681
20090813,-2.701
20090814,-2.699
20090815,-2.702
20090816,-2.706
20090817,-2.707
20090818,-2.717
20090819,-2.717
20090820,-2.721
20090821,-2.692
20090822,-2.697
20090823,-2.691
20090824,-2.703
20090825,-2.698
20090826,-2.659
20090827,-2.675
20090828,-2.667
20090829,-2.654
20090830,-2.614
20090831,-2.635
20090901,-2.659
20090902,-2.654
20090903,-2.635
20090904,-2.547
20090905,-2.529
20090906,-2.579
20090907,-2.602
20090908,-2.626
20090909,-2.646
20090910,-2.655
20090911,-2.654
20090912,-2.654
20090913,-2.653
20090914,-2.662
20090915,-2.668
20090916,-2.675
20090917,-2.671
20090918,-2.67
20090919,-2.673
20090920,-2.681
20090921,-2.676
20090922,-2.677
20090923,-2.683
20090924,-2.684
20090925,-2.675
20090926,-2.68
20090927,-2.694
20090928,-2.684
20090929,-2.689
20090930,-2.67
20091001,-2.691
20091002,-2.683
20091003,-2.656
20091004,-2.695
20091005,-2.681
20091006,-2.673
20091007,-2.687
20091008,-2.685
20091009,-2.682
20091010,-2.642
20091011,-2.646
20091012,-2.672
20091013,-2.668
20091014,-2.67
20091015,-2.67
20091016,-2.673
20091017,-2.659
20091018,-2.643
20091019,-2.634
20091020,-2.654
20091021,-2.671
20091022,-2.672
20091023,-2.7
20091024,-2.691
20091025,-2.691
20091026,-2.68
20091027,-2.681
20091028,-2.68
20091029,-2.696
20091030,-2.695
20091031,-2.683
20091101,-2.667
20091102,-2.581
20091103,-2.601
20091104,-2.635
20091105,-2.646
20091106,-2.602
20091107,-2.614
20091108,-2.631
20091109,-2.64
20091110,-2.635
20091111,-2.522
20091112,-2.521
20091113,-2.535
20091114,-2.483
20091115,-2.492
20091116,-2.462
20091117,-2.48
20091118,-2.514
20091119,-2.404
20091120,-2.501
20091121,-2.533
20091122,-2.54
20091123,-2.492
20091124,-2.372
20091125,-2.444
20091126,-2.488
20091127,-2.451
20091128,-2.305
20091129,-2.404
20091130,-2.481
20091201,-2.552
20091202,-2.57
20091203,-2.578
20091204,-2.58
20091205,-2.514
20091206,-2.408
20091207,-2.391
20091208,-2.458
20091209,-2.477
20091210,-2.484
20091211,-2.451
20091212,-2.497
20091213,-2.542
20091214,-2.57
20091215,-2.595
20091216,-2.599
20091217,-2.622
20091218,-2.622
20091219,-2.622
20091220,-2.592
20091221,-2.53
20091222,-2.521
20091223,-2.514
20091224,-2.501
20091225,-2.273
20091226,-2.023
20091227,-1.942
20091228,-2.056
20091229,-2.249
20091230,-2.37
20091231,-2.435
20100101,-2.485
20100102,-2.522
20100103,-2.555
20100104,-2.555
20100105,-2.572
20100106,-2.598
20100107,-2.615
20100108,-2.621
20100109,-2.637
20100110,-2.626
20100111,-2.618
20100112,-2.607
20100113,-2.603
20100114,-2.612
20100115,-2.611
20100116,-2.586
20100117,-2.589
20100118,-2.485
20100119,-2.394
20100120,-2.429
20100121,-2.473
20100122,-2.501
20100123,-2.523
20100124,-2.547
20100125,-2.579
20100126,-2.602
20100127,-2.583
20100128,-2.591
20100129,-2.571
20100130,-2.542
20100131,-2.553
20100201,-2.539
20100202,-2.445
20100203,-2.156
20100204,-2.265
20100205,-2.326
20100206,-2.39
20100207,-2.435
20100208,-2.482
20100209,-2.532
20100210,-2.579
20100211,-2.594
20100212,-2.613
20100213,-2.623
20100214,-2.635
20100215,-2.634
20100216,-2.642
20100217,-2.653
20100218,-2.656
20100219,-2.639
20100220,-2.649
20100221,-2.636
20100222,-2.603
20100223,-2.332
20100224,-2.439
20100225,-2.461
20100226,-2.458
20100227,-2.459
20100228,-2.461
20100301,-2.241
20100302,-2.39
20100303,-2.47
20100304,-2.533
20100305,-2.557
20100306,-2.523
20100307,-2.544
20100308,-2.569
20100309,-2.586
20100310,-2.595
20100311,-2.609
20100312,-2.617
20100313,-2.633
20100314,-2.621
20100315,-2.621
20100316,-2.622
20100317,-2.611
20100318,-2.625
20100319,-2.63
20100320,-2.613
20100321,-2.57
20100322,-2.543
20100323,-2.579
20100324,-2.594
20100325,-2.612
20100326,-2.626
20100327,-2.633
20100328,-2.628
20100329,-2.635
20100330,-2.631
20100331,-2.626
20100401,-2.645
20100402,-2.621
20100403,-2.635
20100404,-2.512
20100405,-2.499
20100406,-2.539
20100407,-2.578
20100408,-2.613
20100409,-2.617
20100410,-2.627
20100411,-2.638
20100412,-2.646
20100413,-2.649
20100414,-2.653
20100415,-2.664
20100416,-2.668
20100417,-2.662
20100418,-2.663
20100419,-2.676
20100420,-2.673
20100421,-2.68
20100422,-2.666
20100423,-2.667
20100424,-2.677
20100425,-2.667
20100426,-2.669
20100427,-2.672
20100428,-2.669
20100429,-2.666
20100430,-2.65
20100501,-2.659
20100502,-2.671
20100503,-2.583
20100504,-2.617
20100505,-2.628
20100506,-2.647
20100507,-2.651
20100508,-2.644
20100509,-2.638
20100510,-2.648
20100511,-2.659
20100512,-2.554
20100513,-2.487
20100514,-2.54
20100515,-2.576
20100516,-2.605
20100517,-2.618
20100518,-2.627
20100519,-2.644
20100520,-2.647
20100521,-2.652
20100522,-2.65
20100523,-2.649
20100524,-2.657
20100525,-2.662
20100526,-2.657
20100527,-2.666
20100528,-2.674
20100529,-2.662
20100530,-2.667
20100531,-2.681
20100601,-2.675
20100602,-2.684
20100603,-2.682
20100604,-2.685
20100605,-2.681
20100606,-2.673
20100607,-2.664
20100608,-2.653
20100609,-2.647
20100610,-2.637
20100611,-2.642
20100612,-2.661
20100613,-2.662
20100614,-2.678
20100615,-2.687
20100616,-2.693
20100617,-2.697
20100618,-2.681
20100619,-2.688
20100620,-2.696
20100621,-2.7
20100622,-2.694
20100623,-2.698
20100624,-2.701
20100625,-2.716
20100626,-2.72
20100627,-2.724
20100628,-2.735
20100629,-2.739
20100630,-2.723
20100701,-2.288
20100702,-2.296
20100703,-2.312
20100704,-2.315
20100705,-2.325
20100706,-2.332
20100707,-2.337
20100708,-2.356
20100709,-2.362
20100710,-2.371
20100711,-2.289
20100712,-2.304
20100713,-2.276
20100714,-2.28
20100715,-2.265
20100716,-2.279
20100717,-2.302
20100718,-2.284
20100719,-2.304
20100720,-2.324
20100721,-2.342
20100722,-2.364
20100723,-2.384
20100724,-2.4
20100725,-2.402
20100726,-2.413
20100727,-2.426
20100728,-2.434
20100729,-2.44
20100730,-2.436
20100731,-2.44
20100801,-2.448
20100802,-2.452
20100803,-2.457
20100804,-2.461
20100805,-2.471
20100806,-2.47
20100807,-2.474
20100808,-2.484
20100809,-2.484
20100810,-2.486
20100811,-2.478
20100812,-2.434
20100813,-2.437
20100814,-2.453
20100815,-2.476
20100816,-2.49
20100817,-2.492
20100818,-2.468
20100819,-2.455
20100820,-2.46
20100821,-2.476
20100822,-2.49
20100823,-2.496
20100824,-2.505
20100825,-2.511
20100826,-2.514
20100827,-2.258
20100828,-2.08
20100829,-1.949
20100830,-1.486
20100831,-1.608
20100901,-1.707
20100902,-1.795
20100903,-1.788
20100904,-1.852
20100905,-1.88
20100906,-1.92
20100907,-1.958
20100908,-1.986
20100909,-2.001
20100910,-2.021
20100911,-2.036
20100912,-2.059
20100913,-2.07
20100914,-1.866
20100915,-1.581
20100916,-1.473
20100917,-1.545
20100918,-1.524
20100919,-1.613
20100920,-1.504
20100921,-1.561
20100922,-1.646
20100923,-1.697
20100924,-1.486
20100925,-1.474
20100926,-1.536
20100927,-1.469
20100928,-1.533
20100929,-1.61
20100930,-1.664
20101001,-1.665
20101002,-1.942
20101003,-1.92
20101004,-2.011
20101005,-2.056
20101006,-2.087
20101007,-2.112
20101008,-2.137
20101009,-2.158
20101010,-2.189
20101011,-2.213
20101012,-2.232
20101013,-2.249
20101014,-2.27
20101015,-2.284
20101016,-2.194
20101017,-2.202
20101018,-2.218
20101019,-2.15
20101020,-1.915
20101021,-1.713
20101022,-1.842
20101023,-1.924
20101024,-1.738
20101025,-1.865
20101026,-1.967
20101027,-1.818
20101028,-1.855
20101029,-1.859
20101030,-1.969
20101031,-2.011
20101101,-2.04
20101102,-2.043
20101103,-1.886
20101104,-1.761
20101105,-1.686
20101106,-1.534
20101107,-1.679
20101108,-1.727
20101109,-1.839
20101110,-1.904
20101111,-1.939
20101112,-1.549
20101113,-1.7
20101114,-1.443
20101115,-1.526
20101116,-1.706
20101117,-1.795
20101118,-1.867
20101119,-1.865
20101120,-1.916
20101121,-1.974
20101122,-2.015
20101123,-1.768
20101124,-1.829
20101125,-1.859
20101126,-2.019
20101127,-2.094
20101128,-2.139
20101129,-2.177
20101130,-2.196
20101201,-2.223
20101202,-2.255
20101203,-2.27
20101204,-2.28
20101205,-2.287
20101206,-2.281
20101207,-2.285
20101208,-2.306
20101209,-2.331
20101210,-2.335
20101211,-2.214
20101212,-2.039
20101213,-2.015
20101214,-2.04
20101215,-2.091
20101216,-2.086
20101217,-2.075
20101218,-2.128
20101219,-2.186
20101220,-2.241
20101221,-2.293
20101222,-2.338
20101223,-2.365
20101224,-2.38
20101225,-2.391
20101226,-2.412
20101227,-2.422
20101228,-2.434
20101229,-2.439
20101230,-2.455
20101231,-2.47
20110101,-2.465
20110102,-2.455
20110103,-2.441
20110104,-2.421
20110105,-2.411
20110106,-2.412
20110107,-2.407
20110108,-2.329
20110109,-2.203
20110110,-2.174
20110111,-2.163
20110112,-2.14
20110113,-2.008
20110114,-1.863
20110115,-1.703
20110116,-1.725
20110117,-1.814
20110118,-1.762
20110119,-1.825
20110120,-1.91
20110121,-2.017
20110122,-1.868
20110123,-1.928
20110124,-1.971
20110125,-1.853
20110126,-1.912
20110127,-2.061
20110128,-2.135
20110129,-2.168
20110130,-2.187
20110131,-2.191
20110201,-2.183
20110202,-2.195
20110203,-2.022
20110204,-1.953
20110205,-1.993
20110206,-2.052
20110207,-2.107
20110208,-2.162
20110209,-2.187
20110210,-2.197
20110211,-2.112
20110212,-2.154
20110213,-1.99
20110214,-2.055
20110215,-1.94
20110216,-1.924
20110217,-2.025
20110218,-2.132
20110219,-2.147
20110220,-2.204
20110221,-2.235
20110222,-2.254
20110223,-2.277
20110224,-2.29
20110225,-2.218
20110226,-2.11
20110227,-2.057
20110228,-1.976
20110301,-2.036
20110302,-2.075
20110303,-2.122
20110304,-2.145
20110305,-2.151
20110306,-2.184
20110307,-2.212
20110308,-2.223
20110309,-2.207
20110310,-2.21
20110311,-2.229
20110312,-2.241
20110313,-2.255
20110314,-2.274
20110315,-2.287
20110316,-2.295
20110317,-2.308
20110318,-2.321
20110319,-2.339
20110320,-2.346
20110321,-2.356
20110322,-2.371
20110323,-2.375
20110324,-2.38
20110325,-2.384
20110326,-2.395
20110327,-2.399
20110328,-2.41
20110329,-2.417
20110330,-2.42
20110331,-2.417
20110401,-2.421
20110402,-2.424
20110403,-2.432
20110404,-2.439
20110405,-2.427
20110406,-2.447
20110407,-2.456
20110408,-2.46
20110409,-2.468
20110410,-2.473
20110411,-2.477
20110412,-2.484
20110413,-2.493
20110414,-2.498
20110415,-2.507
20110416,-2.513
20110417,-2.522
20110418,-2.521
20110419,-2.518
20110420,-2.524
20110421,-2.526
20110422,-2.528
20110423,-2.532
20110424,-2.538
20110425,-2.546
20110426,-2.554
20110427,-2.559
20110428,-2.567
20110429,-2.567
20110430,-2.574
20110501,-2.579
20110502,-2.588
20110503,-2.592
20110504,-2.596
20110505,-2.593
20110506,-2.592
20110507,-2.597
20110508,-2.594
20110509,-2.6
20110510,-2.598
20110511,-2.599
20110512,-2.603
20110513,-2.609
20110514,-2.61
20110515,-2.615
20110516,-2.619
20110517,-2.619
20110518,-2.605
20110519,-2.612
20110520,-2.608
20110521,-2.611
20110522,-2.61
20110523,-2.613
20110524,-2.622
20110525,-2.623
20110526,-2.62
20110527,-2.63
20110528,-2.631
20110529,-2.632
20110530,-2.63
20110531,-2.627
20110601,-2.629
20110602,-2.626
20110603,-2.629
20110604,-2.627
20110605,-2.631
20110606,-2.628
20110607,-2.63
20110608,-2.62
20110609,-2.611
20110610,-2.603
20110611,-2.598
20110612,-2.604
20110613,-2.602
20110614,-2.614
20110615,-2.608
20110616,-2.612
20110617,-2.593
20110618,-2.541
20110619,-2.502
20110620,-2.378
20110621,-2.344
20110622,-2.351
20110623,-2.367
20110624,-2.301
20110625,-2.265
20110626,-2.269
20110627,-2.279
20110628,-2.305
20110629,-2.33
20110630,-2.326
20110701,-2.351
20110702,-2.371
20110703,-2.394
20110704,-2.412
20110705,-2.431
20110706,-2.445
20110707,-2.467
20110708,-2.488
20110709,-2.509
20110710,-2.524
20110711,-2.542
20110712,-2.562
20110713,-2.517
20110714,-2.29
20110715,-2.237
20110716,-2.246
20110717,-2.121
20110718,-2.089
20110719,-2.105
20110720,-2.178
20110721,-2.236
20110722,-2.284
20110723,-2.323
20110724,-2.078
20110725,-1.962
20110726,-1.968
20110727,-2.041
20110728,-2.101
20110729,-2.16
20110730,-2.204
20110731,-2.242
20110801,-2.28
20110802,-2.325
20110803,-2.36
20110804,-2.38
20110805,-2.254
20110806,-2.26
20110807,-2.263
20110808,-2.246
20110809,-2.229
20110810,-2.258
20110811,-2.128
20110812,-2.038
20110813,-2.085
20110814,-2.118
20110815,-2.173
20110816,-2.223
20110817,-2.273
20110818,-2.31
20110819,-2.336
20110820,-2.366
20110821,-2.389
20110822,-2.421
20110823,-2.436
20110824,-2.451
20110825,-2.453
20110826,-2.462
20110827,-2.442
20110828,-2.427
20110829,-2.343
20110830,-2.298
20110831,-2.319
20110901,-2.342
20110902,-2.374
20110903,-2.408
20110904,-2.44
20110905,-2.454
20110906,-2.466
20110907,-2.297
20110908,-1.999
20110909,-1.897
20110910,-1.941
20110911,-1.915
20110912,-1.968
20110913,-2.038
20110914,-2.091
20110915,-2.081
20110916,-2.135
20110917,-2.167
20110918,-2.065
20110919,-2.087
20110920,-2.145
20110921,-2.183
20110922,-2.213
20110923,-2.246
20110924,-2.269
20110925,-2.299
20110926,-2.318
20110927,-2.342
20110928,-2.359
20110929,-2.376
20110930,-2.396
20111001,-2.414
20111002,-2.433
20111003,-2.446
20111004,-2.466
20111005,-2.474
20111006,-2.464
20111007,-2.252
20111008,-1.962
20111009,-1.959
20111010,-1.805
20111011,-1.74
20111012,-1.806
20111013,-1.855
20111014,-1.943
20111015,-2.002
20111016,-2.045
20111017,-2.076
20111018,-1.847
20111019,-1.81
20111020,-1.768
20111021,-1.826
20111022,-1.927
20111023,-2.001
20111024,-2.047
20111025,-2.091
20111026,-2.046
20111027,-2.105
20111028,-2.12
20111029,-2.122
20111030,-2.136
20111031,-2.148
20111101,-2.142
20111102,-2.14
20111103,-2.134
20111104,-2.161
20111105,-2.189
20111106,-2.218
20111107,-2.23
20111108,-2.239
20111109,-2.253
20111110,-2.268
20111111,-2.284
20111112,-2.3
20111113,-2.321
20111114,-2.328
20111115,-2.34
20111116,-2.352
20111117,-2.362
20111118,-2.371
20111119,-2.385
20111120,-2.392
20111121,-2.401
20111122,-2.409
20111123,-2.417
20111124,-2.419
20111125,-2.422
20111126,-2.424
20111127,-2.427
20111128,-2.441
20111129,-2.441
20111130,-2.455
20111201,-2.455
20111202,-2.201
20111203,-2.077
20111204,-1.982
20111205,-1.848
20111206,-1.679
20111207,-1.533
20111208,-1.56
20111209,-1.5
20111210,-1.534
20111211,-1.635
20111212,-1.589
20111213,-1.411
20111214,-1.519
20111215,-1.548
20111216,-1.421
20111217,-1.464
20111218,-1.427
20111219,-1.481
20111220,-1.411
20111221,-1.471
20111222,-1.459
20111223,-1.53
20111224,-1.437
20111225,-1.504
20111226,-1.617
20111227,-1.718
20111228,-1.766
20111229,-1.853
20111230,-1.497
20111231,-1.466
20120101,-1.504
20120102,-1.431
20120103,-1.398
20120104,-1.473
20120105,-1.409
20120106,-1.546
20120107,-1.446
20120108,-1.525
20120109,-1.594
20120110,-1.715
20120111,-1.777
20120112,-1.783
20120113,-1.82
20120114,-1.911
20120115,-1.954
20120116,-2.017
20120117,-2.044
20120118,-2.075
20120119,-1.803
20120120,-1.728
20120121,-1.483
20120122,-1.57
20120123,-1.586
20120124,-1.6
20120125,-1.705
20120126,-1.745
20120127,-1.619
20120128,-1.784
20120129,-1.92
20120130,-2.008
20120131,-2.103
20120201,-2.155
20120202,-2.184
20120203,-2.2
20120204,-2.225
20120205,-2.246
20120206,-2.268
20120207,-2.296
20120208,-2.315
20120209,-2.326
20120210,-2.338
20120211,-2.355
20120212,-2.364
20120213,-2.375
20120214,-2.369
20120215,-2.352
20120216,-2.326
20120217,-2.253
20120218,-2.159
20120219,-1.92
20120220,-1.979
20120221,-1.835
20120222,-1.89
20120223,-1.795
20120224,-1.881
20120225,-1.964
20120226,-2.024
20120227,-2.028
20120228,-2.001
20120229,-2.052
20120301,-2.078
20120302,-2.105
20120303,-2.12
20120304,-2.118
20120305,-2.012
20120306,-2.123
20120307,-2.141
20120308,-1.881
20120309,-1.982
20120310,-1.977
20120311,-2.074
20120312,-2.129
20120313,-2.159
20120314,-2.182
20120315,-2.195
20120316,-2.213
20120317,-2.227
20120318,-2.239
20120319,-2.264
20120320,-2.267
20120321,-2.279
20120322,-2.291
20120323,-2.291
20120324,-2.303
20120325,-2.312
20120326,-2.324
20120327,-2.322
20120328,-2.325
20120329,-2.331
20120330,-2.344
20120331,-2.354
20120401,-2.365
20120402,-2.377
20120403,-2.381
20120404,-2.401
20120405,-2.406
20120406,-2.414
20120407,-2.429
20120408,-2.43
20120409,-2.429
20120410,-2.424
20120411,-2.408
20120412,-2.404
20120413,-2.408
20120414,-2.419
20120415,-2.436
20120416,-2.44
20120417,-2.432
20120418,-2.448
20120419,-2.452
20120420,-2.46
20120421,-2.459
20120422,-2.465
20120423,-2.455
20120424,-2.421
20120425,-2.232
20120426,-2.209
20120427,-2.234
20120428,-2.26
20120429,-2.221
20120430,-2.229
20120501,-2.246
20120502,-2.278
20120503,-2.295
20120504,-2.321
20120505,-2.353
20120506,-2.372
20120507,-2.387
20120508,-2.396
20120509,-2.386
20120510,-2.278
20120511,-2.193
20120512,-2.229
20120513,-2.25
20120514,-2.277
20120515,-2.307
20120516,-2.32
20120517,-2.315
20120518,-2.33
20120519,-2.355
20120520,-2.375
20120521,-2.401
20120522,-2.421
20120523,-2.442
20120524,-2.46
20120525,-2.478
20120526,-2.492
20120527,-2.51
20120528,-2.533
20120529,-2.545
20120530,-2.555
20120531,-2.565
20120601,-2.582
20120602,-2.586
20120603,-2.602
20120604,-2.608
20120605,-2.616
20120606,-2.62
20120607,-2.629
20120608,-2.633
20120609,-2.634
20120610,-2.647
20120611,-2.655
20120612,-2.652
20120613,-2.639
20120614,-2.64
20120615,-2.635
20120616,-2.639
20120617,-2.643
20120618,-2.652
20120619,-2.649
20120620,-2.656
20120621,-2.653
20120622,-2.656
20120623,-2.647
20120624,-2.633
20120625,-2.508
20120626,-2.476
20120627,-2.479
20120628,-2.489
20120629,-2.502
20120630,-2.518
20120701,-2.529
20120702,-2.548
20120703,-2.564
20120704,-2.576
20120705,-2.592
20120706,-2.595
20120707,-2.604
20120708,-2.615
20120709,-2.624
20120710,-2.625
20120711,-2.485
20120712,-2.278
20120713,-2.254
20120714,-2.192
20120715,-2.199
20120716,-2.175
20120717,-2.053
20120718,-2.002
20120719,-1.913
20120720,-1.974
20120721,-2.047
20120722,-2.098
20120723,-2.14
20120724,-2.178
20120725,-2.207
20120726,-2.241
20120727,-2.259
20120728,-2.284
20120729,-2.308
20120730,-2.246
20120731,-2.174
20120801,-2.124
20120802,-2.045
20120803,-2.073
20120804,-2.13
20120805,-2.165
20120806,-1.962
20120807,-1.899
20120808,-1.982
20120809,-2.047
20120810,-2.099
20120811,-2.14
20120812,-2.172
20120813,-2.209
20120814,-2.243
20120815,-2.268
20120816,-2.303
20120817,-2.325
20120818,-2.345
20120819,-2.368
20120820,-2.393
20120821,-2.403
20120822,-2.42
20120823,-2.437
20120824,-2.45
20120825,-2.455
20120826,-2.433
20120827,-2.388
20120828,-2.392
20120829,-2.404
20120830,-2.424
20120831,-2.286
20120901,-2.217
20120902,-2.245
20120903,-2.286
20120904,-2.313
20120905,-2.342
20120906,-2.37
20120907,-2.386
20120908,-2.405
20120909,-2.42
20120910,-2.435
20120911,-2.456
20120912,-2.472
20120913,-2.495
20120914,-2.495
20120915,-2.515
20120916,-2.519
20120917,-2.533
20120918,-2.542
20120919,-2.553
20120920,-2.558
20120921,-2.57
20120922,-2.58
20120923,-2.582
20120924,-2.58
20120925,-2.389
20120926,-2.335
20120927,-2.355
20120928,-2.372
20120929,-2.395
20120930,-2.41
20121001,-2.429
20121002,-2.445
20121003,-2.404
20121004,-2.185
20121005,-2.048
20121006,-1.945
20121007,-1.979
20121008,-2.04
20121009,-2.094
20121010,-2.139
20121011,-2.17
20121012,-2.166
20121013,-1.964
20121014,-1.899
20121015,-1.844
20121016,-1.843
20121017,-1.906
20121018,-1.922
20121019,-1.779
20121020,-1.825
20121021,-1.883
20121022,-1.933
20121023,-1.983
20121024,-2.01
20121025,-2.028
20121026,-2.065
20121027,-2.114
20121028,-2.114
20121029,-2.103
20121030,-1.869
20121031,-1.854
20121101,-1.895
20121102,-1.898
20121103,-1.848
20121104,-1.809
20121105,-1.734
20121106,-1.68
20121107,-1.611
20121108,-1.66
20121109,-1.73
20121110,-1.755
20121111,-1.789
20121112,-1.824
20121113,-1.916
20121114,-1.965
20121115,-2.012
20121116,-2.046
20121117,-2.068
20121118,-2.055
20121119,-2.079
20121120,-2.092
20121121,-2.109
20121122,-2.135
20121123,-2.15
20121124,-2.077
20121125,-1.951
20121126,-1.968
20121127,-2.029
20121128,-2.067
20121129,-2.099
20121130,-2.11
20121201,-1.994
20121202,-1.72
20121203,-1.693
20121204,-1.588
20121205,-1.576
20121206,-1.63
20121207,-1.687
20121208,-1.886
20121209,-1.506
20121210,-1.482
20121211,-1.563
20121212,-1.513
20121213,-1.494
20121214,-1.596
20121215,-1.46
20121216,-1.442
20121217,-1.47
20121218,-1.489
20121219,-1.594
20121220,-1.683
20121221,-1.569
20121222,-1.472
20121223,-1.421
20121224,-1.441
20121225,-1.418
20121226,-1.46
20121227,-1.445
20121228,-1.6
20121229,-1.581
20121230,-1.717
20121231,-1.791
20130101,-1.475
20130102,-1.518
20130103,-1.603
20130104,-1.718
20130105,-1.828
20130106,-1.878
20130107,-1.936
20130108,-1.905
20130109,-1.633
20130110,-1.541
20130111,-1.628
20130112,-1.767
20130113,-1.927
20130114,-1.991
20130115,-2.063
20130116,-2.111
20130117,-2.142
20130118,-2.151
20130119,-2.166
20130120,-2.186
20130121,-2.209
20130122,-2.224
20130123,-2.235
20130124,-2.248
20130125,-2.257
20130126,-2.259
20130127,-2.223
20130128,-2.163
20130129,-1.958
20130130,-1.474
20130131,-1.451
20130201,-1.505
20130202,-1.497
20130203,-1.625
20130204,-1.429
20130205,-1.441
20130206,-1.587
20130207,-1.696
20130208,-1.75
20130209,-1.838
20130210,-1.824
20130211,-1.931
20130212,-2.041
20130213,-2.084
20130214,-2.083
20130215,-2.126
20130216,-2.033
20130217,-2.038
20130218,-2.075
20130219,-2.094
20130220,-2.126
20130221,-2.155
20130222,-2.173
20130223,-2.195
20130224,-2.213
20130226,-2.2164117647058825
20130227,-2.220833333333333
20130228,-2.2282500000000005
20130301,-2.241
20130302,-2.2545
20130303,-2.2687083333333335
20130304,-2.273416666666667
20130305,-2.278916666666666
20130306,-2.289916666666666
20130307,-2.3008333333333333
20130308,-2.314416666666667
20130309,-2.299125
20130310,-2.17625
20130311,-2.1878333333333333
20130312,-2.2150833333333337
20130313,-2.2447500000000002
20130314,-2.2770833333333336
20130315,-2.287124999999999
20130316,-2.2912916666666665
20130317,-2.283291666666667
20130318,-2.230208333333333
20130319,-2.196541666666667
20130320,-2.2371666666666665
20130321,-2.277083333333333
20130322,-2.3009166666666667
20130323,-2.3219166666666666
20130324,-2.3394583333333334
20130325,-2.353166666666667
20130326,-2.3635416666666664
20130327,-2.3723333333333336
20130328,-2.382166666666667
20130329,-2.3889166666666664
20130330,-2.3984583333333322
20130331,-2.4075416666666665
20130401,-2.4142916666666663
20130402,-2.4235416666666665
20130403,-2.4297916666666666
20130404,-2.437125
20130405,-2.4440000000000004
20130406,-2.4510833333333335
20130407,-2.451333333333334
20130408,-2.4565000000000006
20130409,-2.4595000000000007
20130410,-2.46475
20130411,-2.465875
20130412,-2.4585833333333333
20130413,-2.405083333333334
20130414,-2.3702083333333333
20130415,-2.3665833333333333
20130416,-2.3707916666666673
20130417,-2.383291666666666
20130418,-2.3905000000000007
20130419,-2.4187916666666665
20130420,-2.4364999999999997
20130421,-2.440916666666667
20130422,-2.445041666666667
20130423,-2.4560000000000004
20130424,-2.4631249999999993
20130425,-2.4667916666666674
20130426,-2.4725
20130427,-2.4822916666666663
20130428,-2.4827083333333335
20130429,-2.4878749999999994
20130430,-2.5015000000000005
20130501,-2.5087083333333333
20130502,-2.515416666666667
20130503,-2.514125
20130504,-2.5162916666666675
20130505,-2.525208333333333
20130506,-2.5339583333333326
20130507,-2.540041666666666
20130508,-2.540333333333333
20130509,-2.547166666666666
20130510,-2.552166666666667
20130511,-2.5577916666666662
20130512,-2.5665000000000004
20130513,-2.5683750000000005
20130514,-2.57225
20130515,-2.572375
20130516,-2.582291666666667
20130517,-2.5825833333333343
20130518,-2.581083333333333
20130519,-2.5838750000000004
20130520,-2.581833333333334
20130521,-2.5476666666666667
20130522,-2.476125
20130523,-2.4605416666666664
20130524,-2.47425
20130525,-2.485583333333333
20130526,-2.493
20130527,-2.491458333333333
20130528,-2.4943750000000007
20130529,-2.503041666666667
20130530,-2.513625
20130531,-2.525166666666667
20130601,-2.5314583333333336
20130602,-2.542375
20130603,-2.5509999999999993
20130604,-2.5592083333333338
20130605,-2.5669999999999997
20130606,-2.5801250000000007
20130607,-2.592333333333334
20130608,-2.5975000000000006
20130609,-2.605583333333333
20130610,-2.613541666666667
20130611,-2.6186249999999998
20130612,-2.6227916666666666
20130613,-2.6249583333333333
20130614,-2.6322916666666663
20130615,-2.6319166666666667
20130616,-2.6409583333333333
20130617,-2.648666666666666
20130618,-2.6520833333333336
20130619,-2.6576249999999995
20130620,-2.659708333333333
20130621,-2.5282499999999994
20130622,-2.3582083333333332
20130623,-2.294291666666667
20130624,-2.255375
20130625,-2.2839583333333335
20130626,-2.3216666666666663
20130627,-2.350916666666666
20130628,-2.3695833333333334
20130629,-2.385916666666667
20130630,-2.3943333333333334
20130701,-2.4102499999999996
20130702,-2.4266666666666667
20130703,-2.4450000000000003
20130704,-2.461791666666667
20130705,-2.4830833333333335
20130706,-2.4976249999999998
20130707,-2.513541666666667
20130708,-2.5254166666666666
20130709,-2.5346666666666664
20130710,-2.5466249999999993
20130711,-2.558375
20130712,-2.56925
20130713,-2.5807083333333334
20130714,-2.5895416666666664
20130715,-2.6002499999999995
20130716,-2.611375
20130717,-2.6233750000000007
20130718,-2.6340833333333333
20130719,-2.644416666666667
20130720,-2.6567499999999997
20130721,-2.666833333333333
20130722,-2.6767499999999997
20130723,-2.687125
20130724,-2.6943333333333332
20130725,-2.7002500000000005
20130726,-2.7096250000000004
20130727,-2.7135416666666665
20130728,-2.7159166666666668
20130729,-2.7198750000000005
20130730,-2.723666666666667
20130731,-2.7265833333333327
20130801,-2.727208333333333
20130802,-2.7328333333333323
20130803,-2.7377916666666664
20130804,-2.7431250000000005
20130805,-2.7498333333333345
20130806,-2.757875
20130807,-2.7663333333333338
20130808,-2.7680000000000002
20130809,-2.7662500000000008
20130810,-2.770250000000001
20130811,-2.773333333333334
20130812,-2.7769583333333325
20130813,-2.783333333333333
20130814,-2.787541666666666
20130815,-2.7869999999999995
20130816,-2.7922916666666673
20130817,-2.7975
20130818,-2.8019166666666657
20130819,-2.80925
20130820,-2.8061666666666665
20130821,-2.8064999999999998
20130822,-2.811083333333334
20130823,-2.814958333333333
20130824,-2.8177083333333335
20130825,-2.8261250000000007
20130826,-2.831833333333334
20130827,-2.836166666666667
20130828,-2.842708333333333
20130829,-2.842916666666666
20130830,-2.846375
20130831,-2.855625
20130901,-2.856958333333333
20130902,-2.862958333333333
20130903,-2.86975
20130904,-2.8742916666666667
20130905,-2.877708333333334
20130906,-2.8848333333333342
20130907,-2.890166666666666
20130908,-2.861166666666667
20130909,-2.8085833333333334
20130910,-2.8030416666666667
20130911,-2.797708333333334
20130912,-2.786375
20130913,-2.7685833333333334
20130914,-2.763291666666667
20130915,-2.727791666666667
20130916,-2.7100416666666667
20130917,-2.6889999999999996
20130918,-2.6475416666666667
20130919,-2.6149166666666663
20130920,-2.5999583333333334
20130921,-2.585041666666667
20130922,-2.5872916666666668
20130923,-2.5982916666666664
20130924,-2.608166666666666
20130925,-2.6212500000000003
20130926,-2.6355833333333334
20130927,-2.647
20130928,-2.6619999999999995
20130929,-2.6761666666666666
20130930,-2.6894583333333344
20131001,-2.7022500000000007
20131002,-2.7122916666666668
20131003,-2.722541666666666
20131004,-2.7332916666666667
20131005,-2.746
20131006,-2.7535833333333333
20131007,-2.7631666666666668
20131008,-2.772291666666666
20131009,-2.777166666666666
20131010,-2.7865
20131011,-2.802375
20131012,-2.8008749999999996
20131013,-2.7997083333333332
20131014,-2.802541666666666
20131015,-2.8051250000000003
20131016,-2.7996666666666665
20131017,-2.789333333333332
20131018,-2.7892499999999996
20131019,-2.7841666666666662
20131020,-2.782625
20131021,-2.7754999999999996
20131022,-2.7691250000000003
20131023,-2.769083333333333
20131024,-2.7744999999999993
20131025,-2.7741666666666664
20131026,-2.7752916666666674
20131027,-2.773874999999999
20131028,-2.7703333333333338
20131029,-2.734125
20131030,-2.654125
20131031,-2.567458333333333
20131101,-2.545791666666666
20131102,-2.517416666666666
20131103,-2.4797499999999992
20131104,-2.4029583333333333
20131105,-2.257625
20131106,-2.142791666666667
20131107,-2.046
20131108,-2.069208333333334
20131109,-2.0152083333333333
20131110,-1.8785833333333335
20131111,-1.915541666666667
20131112,-1.9327083333333333
20131113,-1.9431666666666674
20131114,-1.9903333333333333
20131115,-1.9937083333333339
20131116,-2.0383333333333327
20131117,-2.0681249999999998
20131118,-2.0511666666666666
20131119,-2.0554999999999994
20131120,-2.055166666666667
20131121,-2.105666666666667
20131122,-2.1396250000000006
20131123,-2.1621666666666663
20131124,-2.1894583333333335
20131125,-2.1917916666666666
20131126,-2.1776249999999995
20131127,-2.191416666666667
20131128,-2.2079166666666667
20131129,-2.1835000000000004
20131130,-1.9696250000000004
20131201,-1.9925
20131202,-2.0549583333333334
20131203,-2.0948333333333333
20131204,-2.1149999999999998
20131205,-2.042875
20131206,-1.9182500000000002
20131207,-1.9189583333333333
20131208,-1.9641666666666664
20131209,-1.9670000000000005
20131210,-2.0141249999999995
20131211,-2.0640000000000005
20131212,-2.1
20131213,-2.1309583333333335
20131214,-2.087166666666666
20131215,-2.0099583333333335
20131216,-2.0429583333333334
20131217,-2.0533333333333337
20131218,-2.050166666666667
20131219,-1.9852916666666662
20131220,-2.007875
20131221,-1.9451250000000002
20131222,-1.7899583333333335
20131223,-1.7900416666666663
20131224,-1.7018750000000002
20131225,-1.6123333333333332
20131226,-1.708166666666667
20131227,-1.6025
20131228,-1.6458333333333333
20131229,-1.7552499999999995
20131230,-1.8134583333333325
20131231,-1.8577083333333337
20140101,-1.8545833333333333
20140102,-1.8745833333333335
20140103,-1.8692916666666664
20140104,-1.7947083333333336
20140105,-1.8646250000000002
20140106,-1.7209166666666667
20140107,-1.441166666666667
20140108,-1.4684583333333332
20140109,-1.4172083333333332
20140110,-1.4211249999999997
20140111,-1.4304583333333332
20140112,-1.5104999999999997
20140113,-1.5763333333333331
20140114,-1.6586249999999998
20140115,-1.6504166666666666
20140116,-1.492
20140117,-1.530458333333333
20140118,-1.5969583333333326
20140119,-1.729166666666666
20140120,-1.8195
20140121,-1.680375
20140122,-1.7155454545454547
20140123,-1.860923076923077
20140124,-1.9105000000000005
20140125,-1.9407499999999998
20140126,-1.5160833333333332
20140127,-1.4306666666666665
20140128,-1.480875
20140129,-1.6622916666666665
20140130,-1.8796249999999997
20140131,-1.948041666666667
20140201,-1.6937916666666668
20140202,-1.8059166666666666
20140203,-1.9141666666666666
20140204,-1.9739583333333337
20140205,-2.0045000000000006
20140206,-2.0147083333333335
20140207,-1.6135416666666664
20140208,-1.5272083333333333
20140209,-1.5578750000000001
20140210,-1.6524583333333336
20140211,-1.7514166666666668
20140212,-1.758333333333333
20140213,-1.8406666666666667
20140214,-1.8776249999999999
20140215,-1.7749999999999997
20140216,-1.9042083333333333
20140217,-2.003083333333333
20140218,-2.035333333333333
20140219,-2.054666666666667
20140220,-2.033041666666666
20140221,-1.8985
20140222,-2.0163750000000005
20140223,-2.0872083333333333
20140224,-2.115458333333333
20140225,-2.136791666666667
20140226,-2.148166666666667
20140227,-2.1383750000000004
20140228,-2.121541666666667
20140301,-2.1698333333333326
20140302,-2.1818750000000002
20140303,-2.2001250000000003
20140304,-2.2211250000000002
20140305,-2.2407499999999994
20140306,-2.2535833333333333
20140307,-2.267
20140308,-2.2881249999999995
20140309,-2.302708333333334
20140310,-2.328625
20140311,-2.3496666666666663
20140312,-2.364875
20140313,-2.3796666666666666
20140314,-2.39
20140315,-2.3986666666666667
20140316,-2.378625
20140317,-2.3927083333333328
20140318,-2.4031666666666665
20140319,-2.3169583333333335
20140320,-2.325666666666667
20140321,-2.2258750000000003
20140322,-2.0997916666666665
20140323,-2.1523333333333334
20140324,-2.198791666666667
20140325,-2.239041666666667
20140326,-2.258625
20140327,-2.2669999999999995
20140328,-2.299583333333333
20140329,-2.3336666666666672
20140330,-2.3658750000000004
20140331,-2.394458333333333
20140401,-2.416666666666666
20140402,-2.438166666666667
20140403,-2.4558750000000003
20140404,-2.4707916666666674
20140405,-2.4835
20140406,-2.493583333333333
20140407,-2.502958333333334
20140408,-2.4657500000000003
20140409,-2.375291666666667
20140410,-2.37625
20140411,-2.4004583333333334
20140412,-2.4289583333333336
20140413,-2.460958333333334
20140414,-2.4927083333333333
20140415,-2.51925
20140416,-2.531333333333333
20140417,-2.5377916666666667
20140418,-2.557291666666667
20140419,-2.57025
20140420,-2.579041666666667
20140421,-2.587875
20140422,-2.5955
20140423,-2.605041666666667
20140424,-2.609208333333333
20140425,-2.6125000000000003
20140426,-2.61625
20140427,-2.6210000000000004
20140428,-2.629
20140429,-2.6319166666666667
20140430,-2.6372500000000003
20140501,-2.6404583333333336
20140502,-2.6497499999999987
20140503,-2.6512083333333325
20140504,-2.6525416666666657
20140505,-2.654333333333333
20140506,-2.6566249999999987
20140507,-2.663541666666666
20140508,-2.667666666666667
20140509,-2.6714166666666674
20140510,-2.6675416666666663
20140511,-2.6594166666666665
20140512,-2.6255
20140513,-2.603708333333333
20140514,-2.603708333333333
20140515,-2.610833333333333
20140516,-2.6170416666666663
20140517,-2.6201250000000003
20140518,-2.6220416666666675
20140519,-2.6259166666666673
20140520,-2.630583333333334
20140521,-2.6367083333333334
20140522,-2.640041666666667
20140523,-2.6517499999999994
20140524,-2.662208333333333
20140525,-2.669375
20140526,-2.672333333333333
20140527,-2.204916666666667
20140528,-2.037125
20140529,-1.950333333333333
20140530,-2.052291666666667
20140531,-2.129625
20140601,-2.1922916666666667
20140602,-2.241541666666667
20140603,-2.2799166666666664
20140604,-2.305875
20140605,-2.114083333333333
20140606,-1.987208333333333
20140607,-2.099
20140608,-2.175375
20140609,-2.2329166666666667
20140610,-2.277625
20140611,-2.321208333333334
20140612,-2.3584166666666664
20140613,-2.388916666666667
20140614,-2.4205
20140615,-2.448875000000001
20140616,-2.4728749999999997
20140617,-2.4995833333333333
20140618,-2.5173333333333336
20140619,-2.5346249999999997
20140620,-2.551833333333333
20140621,-2.566958333333334
20140622,-2.5817500000000004
20140623,-2.5957083333333335
20140624,-2.608333333333334
20140625,-2.620041666666667
20140626,-2.629958333333334
20140627,-2.6380416666666675
20140628,-2.6413750000000005
20140629,-2.651125
20140630,-2.658916666666667
20140701,-2.6652083333333336
20140702,-2.672166666666667
20140703,-2.6761250000000003
20140704,-2.6838750000000005
20140705,-2.689833333333333
20140706,-2.697541666666666
20140707,-2.7059583333333337
20140708,-2.713208333333334
20140709,-2.716791666666667
20140710,-2.721833333333333
20140711,-2.72475
20140712,-2.7282083333333333
20140713,-2.73175
20140714,-2.7383749999999996
20140715,-2.7428333333333335
20140716,-2.7512499999999993
20140717,-2.7590416666666666
20140718,-2.7662083333333336
20140719,-2.769666666666667
20140720,-2.779291666666667
20140721,-2.786125
20140722,-2.789541666666666
20140723,-2.794958333333333
20140724,-2.800125
20140725,-2.803333333333333
20140726,-2.8042083333333334
20140727,-2.806125
20140728,-2.810375
20140729,-2.813625
20140730,-2.8140000000000014
20140731,-2.8152500000000003
20140801,-2.8226666666666667
20140802,-2.828375
20140803,-2.8356250000000003
20140804,-2.8431250000000006
20140805,-2.8492499999999996
20140806,-2.8530416666666665
20140807,-2.862541666666667
20140808,-2.8709583333333337
20140809,-2.8708333333333336
20140810,-2.869
20140811,-2.8433333333333337
20140812,-2.6977500000000005
20140813,-2.6171249999999997
20140814,-2.600625
20140815,-2.6107083333333336
20140816,-2.6232916666666672
20140817,-2.634541666666667
20140818,-2.6357500000000003
20140819,-2.612583333333333
20140820,-2.586708333333334
20140821,-2.5681666666666665
20140822,-2.5700000000000007
20140823,-2.5534166666666662
20140824,-2.5422499999999992
20140825,-2.549083333333333
20140826,-2.5653333333333332
20140827,-2.580666666666667
20140828,-2.5924583333333335
20140829,-2.605291666666666
20140830,-2.6187083333333327
20140831,-2.554958333333334
20140901,-2.3117500000000004
20140902,-2.3289166666666667
20140903,-2.3594166666666667
20140904,-2.391541666666667
20140905,-2.420875
20140906,-2.4429166666666666
20140907,-2.4646666666666666
20140908,-2.48625
20140909,-2.5092916666666674
20140910,-2.5278749999999994
20140911,-2.5459166666666664
20140912,-2.5630000000000006
20140913,-2.578666666666667
20140914,-2.588875
20140915,-2.5984999999999996
20140916,-2.608208333333333
20140917,-2.6187083333333327
20140918,-2.6292083333333336
20140919,-2.640916666666667
20140920,-2.6525416666666666
20140921,-2.663875
20140922,-2.6707083333333337
20140923,-2.6762916666666663
20140924,-2.681458333333333
20140925,-2.688041666666667
20140926,-2.692833333333333
20140927,-2.6973333333333334
20140928,-2.702083333333334
20140929,-2.7058750000000003
20140930,-2.7082083333333347
20141001,-2.7117500000000008
20141002,-2.720083333333333
20141003,-2.720041666666667
20141004,-2.7211250000000007
20141005,-2.73
20141006,-2.728333333333332
20141007,-2.725666666666667
20141008,-2.7288333333333337
20141009,-2.732083333333333
20141010,-2.7363750000000002
20141011,-2.7404166666666665
20141012,-2.7424166666666667
20141013,-2.7432499999999997
20141014,-2.74025
20141015,-2.7427916666666667
20141016,-2.7425416666666664
20141017,-2.746916666666667
20141018,-2.7437916666666666
20141019,-2.7430416666666666
20141020,-2.744375
20141021,-2.7397916666666657
20141022,-2.74175
20141023,-2.710875
20141024,-2.68775
20141025,-2.6753749999999994
20141026,-2.658916666666667
20141027,-2.651541666666667
20141028,-2.648666666666667
20141029,-2.6549166666666664
20141030,-2.656458333333333
20141031,-2.655625
20141101,-2.656333333333333
20141102,-2.656166666666667
20141103,-2.6549166666666664
20141104,-2.652958333333333
20141105,-2.63125
20141106,-2.60975
20141107,-2.5927916666666673
20141108,-2.5921250000000002
20141109,-2.5960416666666664
20141110,-2.6002499999999995
20141111,-2.604958333333333
20141112,-2.6084583333333335
20141113,-2.6138333333333335
20141114,-2.6169583333333333
20141115,-2.6218749999999997
20141116,-2.615791666666667
20141117,-2.410458333333333
20141118,-2.3337500000000007
20141119,-2.3415416666666666
20141120,-2.3613750000000002
20141121,-2.3824166666666664
20141122,-2.4015416666666662
20141123,-2.4210833333333333
20141124,-2.4287499999999995
20141125,-2.4002916666666674
20141126,-2.3995833333333327
20141127,-2.414875
20141128,-2.4355833333333337
20141129,-2.4536250000000006
20141130,-2.4702500000000005
20141201,-2.486916666666666
20141202,-2.5018749999999996
20141203,-2.516375
20141204,-2.5283333333333338
20141205,-2.537291666666666
20141206,-2.553541666666667
20141207,-2.556875
20141208,-2.5628333333333333
20141209,-2.5330000000000004
20141210,-2.4567083333333333
20141211,-2.3372916666666668
20141212,-2.1922083333333333
20141213,-2.0871666666666666
20141214,-2.1069999999999998
20141215,-2.129958333333333
20141216,-2.1375833333333336
20141217,-2.107791666666666
20141218,-2.0539166666666664
20141219,-1.9824583333333337
20141220,-1.9720416666666667
20141221,-1.9800416666666674
20141222,-2.022291666666667
20141223,-2.0064583333333332
20141224,-1.9433333333333331
20141225,-1.9593749999999999
20141226,-2.0067916666666665
20141227,-2.043041666666667
20141228,-2.1028333333333333
20141229,-2.0970416666666667
20141230,-2.108916666666667
20141231,-2.1281250000000003
20150101,-2.146625
20150102,-2.1184583333333333
20150103,-2.13025
20150104,-2.17225
20150105,-2.188125
20150106,-2.2076666666666664
20150107,-2.2227916666666663
20150108,-2.1621666666666663
20150109,-1.9899583333333337
20150110,-1.9164999999999999
20150111,-1.9649166666666664
20150112,-2.0057916666666666
20150113,-1.7627499999999996
20150114,-1.684375
20150115,-1.5842083333333334
20150116,-1.6461666666666666
20150117,-1.7079166666666667
20150118,-1.6384583333333331
20150119,-1.7009166666666669
20150120,-1.8175833333333333
20150121,-1.9017499999999998
20150122,-1.9696249999999997
20150123,-2.0170833333333333
20150124,-2.0429583333333334
20150125,-1.9640833333333332
20150126,-1.6282916666666665
20150127,-1.5845833333333335
20150128,-1.5449583333333334
20150129,-1.4345416666666668
20150130,-1.45775
20150131,-1.5142499999999999
20150201,-1.6286666666666667
20150202,-1.5664166666666663
20150203,-1.6389583333333333
20150204,-1.7417083333333334
20150205,-1.8234583333333338
20150206,-1.9039166666666665
20150207,-1.863333333333333
20150208,-1.8578333333333334
20150209,-1.9533750000000003
20150210,-1.9565833333333336
20150211,-2.001000000000001
20150212,-2.0375416666666664
20150213,-2.0600416666666663
20150214,-2.0905
20150215,-2.121666666666667
20150216,-2.141583333333333
20150217,-2.158916666666667
20150218,-2.1645
20150219,-2.169
20150220,-2.06125
20150221,-1.6462083333333328
20150222,-1.7607083333333333
20150223,-1.5970416666666665
20150224,-1.6870000000000003
20150225,-1.6678333333333333
20150226,-1.49875
20150227,-1.4690416666666666
20150228,-1.5954583333333332
20150301,-1.6902500000000005
20150302,-1.8152499999999996
20150303,-1.7466666666666668
20150304,-1.7098333333333333
20150305,-1.8443333333333334
20150306,-1.927625
20150307,-1.9847499999999993
20150308,-2.0430000000000006
20150309,-2.0814166666666676
20150310,-2.1058749999999997
20150311,-2.135875
20150312,-2.1605416666666666
20150313,-2.18725
20150314,-2.20975
20150315,-2.223458333333333
20150316,-2.236375
20150317,-2.2511250000000005
20150318,-2.2691666666666666
20150319,-2.284666666666666
20150320,-2.2956249999999994
20150321,-2.305791666666667
20150322,-2.3105
20150323,-2.314458333333333
20150324,-2.32825
20150325,-2.3137083333333335
20150326,-2.256375
20150327,-2.2500000000000004
