5360
2
date,-9999
head_nap,-9999.0
19810128,-1.32
19810227,-1.42
19810331,-1.34
19810428,-1.58
19810529,-1.58
19810629,-1.47
19810729,-1.52
19810828,-1.65
19810929,-1.64
19811030,-1.33
19811127,-1.26
19820127,-1.74
19820227,-1.53
19820329,-1.46
19820428,-1.62
19820527,-1.61
19820629,-1.62
19820828,-1.54
19820928,-1.65
19821028,-1.49
19821129,-1.43
19821228,-1.37
19830128,-1.33
19830228,-1.4
19830328,-1.16
19830429,-1.35
19830528,-1.27
19830628,-1.62
19830729,-1.8
19830829,-1.8
19830928,-1.6
19831028,-1.51
19831128,-1.6
19831228,-1.4
19840128,-1.42
19840228,-1.46
19840329,-1.56
19840428,-1.62
19840528,-1.53
19840728,-1.55
19840828,-1.73
19840928,-1.41
19841029,-1.36
19841128,-1.31
19841228,-1.38
19850128,-1.4
19850228,-1.45
19850328,-1.5
19850429,-1.52
19850529,-1.57
19850628,-1.45
19850729,-1.53
19851029,-1.57
19851129,-1.62
19851228,-1.57
19860114,-1.26
19860128,-1.36
19860214,-1.42
19860228,-1.43
19860314,-1.62
19860328,-1.4
19860414,-1.52
19860428,-1.53
19860514,-1.58
19860528,-1.69
19860614,-1.71
19860628,-1.72
19860714,-1.69
19860728,-1.71
19860814,-1.79
19860828,-1.74
19860914,-1.6
19860928,-1.7
19861014,-1.71
19861028,-1.54
19861114,-1.56
19861128,-1.41
19861214,-1.46
19861228,-1.27
19870113,-1.36
19870128,-1.46
19870212,-1.41
19870226,-1.49
19870312,-1.53
19870326,-1.36
19870428,-1.65
19870514,-1.61
19870526,-1.59
19870615,-1.51
19870629,-1.52
19870714,-1.67
19870728,-1.5
19870814,-1.53
19870828,-1.57
19870914,-1.56
19870928,-1.48
19871014,-1.44
19871028,-1.49
19871114,-1.45
19871128,-1.33
19871214,-1.51
19871228,-1.5
19880114,-1.39
19880229,-1.43
19880314,-1.41
19880328,-1.36
19880414,-1.62
19880428,-1.71
19880514,-1.79
19880528,-1.73
19880614,-1.56
19880628,-1.74
19880714,-1.72
19880728,-1.51
19880815,-1.71
19880829,-1.52
19880914,-1.61
19880928,-1.51
19881014,-1.41
19881028,-1.54
19881114,-1.53
19881128,-1.59
19881214,-1.53
19881228,-1.55
19890114,-1.62
19890128,-1.67
19890214,-1.61
19890228,-1.54
19890314,-1.49
19890328,-1.58
19890414,-1.62
19890428,-1.7
19890515,-1.77
19890529,-1.85
19890614,-1.83
19890628,-1.89
19890714,-1.83
19890728,-1.93
19890814,-1.84
19890828,-1.89
19890914,-1.87
19890928,-1.92
19891014,-1.82
19891028,-1.77
19891114,-1.72
19891128,-1.76
19891214,-1.63
19900115,-1.67
19900129,-1.56
19900214,-1.42
19900314,-1.65
19900328,-1.7
19900414,-1.74
19900428,-1.7
19900528,-1.85
19900614,-1.79
19900628,-1.82
19900714,-1.8
19900728,-1.9
19900814,-1.94
19900828,-1.86
19900914,-1.8
19900928,-1.58
19901015,-1.68
19901029,-1.62
19901114,-1.49
19901128,-1.45
19901214,-1.55
19901228,-1.48
19910114,-1.5
19910128,-1.6
19910214,-1.69
19910228,-1.6
19910314,-1.65
19910328,-1.73
19910414,-1.8
19910428,-1.73
19910514,-1.76
19910528,-1.89
19910614,-1.82
19910628,-1.68
19910714,-1.96
19910814,-1.9
19910828,-1.96
19910914,-2.0
19910928,-1.88
19911014,-1.83
19911028,-1.8
19911114,-1.55
19911128,-1.66
19911214,-1.76
19911228,-1.63
19920114,-1.6
19920128,-1.72
19920214,-1.63
19920228,-1.66
19920314,-1.52
19920324,-1.49
19920328,-1.61
19920414,-1.71
19920428,-1.66
19920514,-1.6
19920528,-1.87
19920615,-1.88
19920629,-1.97
19920728,-1.89
19920828,-1.87
19920914,-1.81
19920928,-1.86
19921014,-1.82
19921028,-1.59
19921114,-1.5
19921128,-1.48
19921214,-1.48
19921228,-1.64
19930114,-1.53
19930128,-1.49
19930228,-1.59
19930315,-1.69
19930329,-1.75
19930414,-1.74
19930428,-1.78
19930514,-1.89
19930528,-1.83
19930614,-1.92
19930628,-1.95
19930714,-1.96
19930728,-1.77
19930814,-1.67
19930828,-1.7
19930914,-1.61
19930928,-1.5
19931014,-1.53
19931027,-1.63
19931111,-1.68
19931129,-1.64
19931214,-1.44
19931228,-1.49
19940113,-1.5
19940126,-1.45
19940214,-1.65
19940228,-1.69
19940315,-1.54
19940328,-1.5
19940414,-1.59
19940429,-1.7
19940517,-1.69
19940527,-1.59
19940613,-1.69
19940627,-1.84
19940714,-1.79
19940727,-1.94
19940816,-1.89
19940830,-1.91
19941014,-1.74
19941027,-1.72
19941115,-1.49
19941129,-1.59
19941213,-1.49
19941227,-1.54
19950117,-1.51
19950131,-1.42
19950213,-1.49
19950227,-1.54
19950315,-1.54
19950329,-1.54
19950412,-1.69
19950427,-1.74
19950517,-1.85
19950530,-1.74
19950615,-1.51
19950629,-1.69
19950712,-1.78
19950731,-1.84
19950815,-1.94
19950830,-1.81
19950914,-1.65
19950926,-1.7
19951016,-1.62
19951031,-1.81
19951113,-1.79
19951128,-1.71
19951214,-1.76
19951228,-1.67
19960115,-1.72
19960130,-1.71
19960215,-1.72
19960228,-1.6
19960313,-1.69
19960327,-1.7
19960416,-1.79
19960502,-1.83
19960627,-1.9
19960722,-1.9
19960815,-1.88
19960830,-1.83
19960917,-1.78
19960930,-1.75
19961014,-1.74
19961030,-1.68
19961115,-1.55
19961129,-1.47
19961213,-1.54
19961231,-1.51
19970114,-1.51
19970128,-1.64
19970214,-1.45
19970228,-1.54
19970313,-1.65
19970327,-1.6
19970414,-1.73
19970428,-1.79
19970516,-1.68
19970526,-1.59
19970604,-1.73
19970611,-1.77
19970623,-1.72
19970714,-1.69
19970728,-1.73
19970818,-1.87
19970830,-1.81
19970917,-1.83
19970930,-1.87
19971013,-1.72
19971028,-1.79
19971112,-1.74
19971201,-1.74
19971216,-1.59
19971230,-1.5
19980114,-1.48
19980128,-1.56
19980213,-1.65
19980227,-1.63
19980316,-1.52
19980331,-1.63
19980415,-1.44
19980427,-1.53
19980513,-1.73
19980528,-1.78
19980615,-1.63
19980629,-1.61
19980714,-1.64
19980728,-1.73
19980814,-1.7
19980828,-1.56
19980915,-1.49
19980929,-1.59
19981015,-1.42
19981029,-1.31
19981117,-1.51
19981130,-1.58
19981215,-1.43
19981229,-1.43
19990115,-1.45
19990129,-1.47
19990216,-1.51
19990302,-1.43
19990316,-1.59
19990330,-1.58
19990414,-1.54
19990427,-1.69
19990517,-1.78
19990527,-1.8
19990616,-1.79
19990629,-1.84
19990715,-1.84
19990729,-1.91
19990816,-1.82
19990830,-1.83
19990915,-1.9
19990928,-1.76
19991013,-1.61
19991026,-1.72
19991116,-1.67
19991130,-1.54
19991215,-1.41
19991227,-1.37
20000114,-1.55
20000126,-1.59
20000214,-1.49
20000229,-1.5
20000313,-1.5
20000413,-1.69
20000427,-1.69
20000515,-1.79
20000530,-1.61
20000615,-1.74
20000626,-1.8
20000713,-1.76
20000725,-1.78
20000815,-1.84
20000829,-1.81
20000913,-1.7
20000927,-1.51
20001013,-1.54
20001027,-1.53
20001113,-1.37
20001129,-1.42
20001214,-1.4
20010116,-1.55
20010131,-1.55
20010215,-1.5
20010627,-1.75
20010711,-1.83
20010814,-1.52
20010828,-1.68
20010913,-1.53
20011001,-1.44
20011016,-1.57
20011029,-1.55
20011114,-1.48
20011128,-1.49
20011214,-1.54
20011228,-1.37
20020115,-1.53
20020128,-1.38
20020215,-1.48
20020301,-1.33
20020426,-1.669
20020427,-1.635
20020428,-1.554
20020429,-1.499
20020430,-1.491
20020501,-1.476
20020502,-1.483
20020503,-1.482
20020504,-1.493
20020505,-1.483
20020506,-1.492
20020507,-1.486
20020508,-1.499
20020509,-1.505
20020510,-1.519
20020511,-1.542
20020512,-1.57
20020513,-1.584
20020514,-1.587
20020515,-1.627
20020516,-1.625
20020517,-1.638
20020518,-1.637
20020519,-1.653
20020520,-1.659
20020521,-1.649
20020522,-1.655
20020523,-1.673
20020524,-1.669
20020525,-1.678
20020526,-1.686
20020527,-1.691
20020528,-1.696
20020529,-1.704
20020530,-1.707
20020531,-1.706
20020601,-1.714
20020602,-1.713
20020603,-1.7
20020604,-1.699
20020605,-1.692
20020606,-1.714
20020607,-1.721
20020608,-1.737
20020609,-1.74
20020610,-1.74
20020611,-1.749
20020612,-1.744
20020613,-1.741
20020614,-1.745
20020615,-1.737
20020616,-1.743
20020617,-1.747
20020618,-1.755
20020619,-1.774
20020620,-1.747
20020621,-1.733
20020622,-1.717
20020623,-1.722
20020624,-1.743
20020625,-1.751
20020626,-1.743
20020627,-1.736
20020628,-1.742
20020629,-1.746
20020630,-1.73
20020701,-1.701
20020702,-1.691
20020703,-1.668
20020704,-1.672
20020705,-1.66
20020706,-1.651
20020707,-1.637
20020708,-1.636
20020709,-1.645
20020710,-1.659
20020711,-1.635
20020712,-1.624
20020713,-1.619
20020714,-1.629
20020715,-1.623
20020716,-1.631
20020717,-1.652
20020718,-1.666
20020719,-1.683
20020720,-1.689
20020721,-1.693
20020722,-1.71
20020723,-1.704
20020724,-1.715
20020725,-1.72
20020726,-1.722
20020727,-1.735
20020728,-1.745
20020729,-1.755
20020730,-1.754
20020731,-1.739
20020801,-1.767
20020802,-1.738
20020803,-1.74
20020804,-1.734
20020805,-1.734
20020806,-1.676
20020807,-1.635
20020808,-1.614
20020809,-1.603
20020810,-1.615
20020811,-1.609
20020812,-1.612
20020813,-1.631
20020814,-1.644
20020815,-1.652
20020816,-1.67
20020817,-1.679
20020818,-1.685
20020819,-1.699
20020820,-1.713
20020821,-1.668
20020822,-1.649
20020823,-1.642
20020824,-1.639
20020825,-1.635
20020826,-1.626
20020827,-1.625
20020828,-1.644
20020829,-1.652
20020830,-1.661
20020831,-1.678
20020901,-1.699
20020902,-1.716
20020903,-1.706
20020904,-1.7
20020905,-1.718
20020906,-1.722
20020907,-1.726
20020908,-1.687
20020909,-1.678
20020910,-1.673
20020911,-1.638
20020912,-1.634
20020913,-1.638
20020914,-1.643
20020915,-1.656
20020916,-1.661
20020917,-1.676
20020918,-1.679
20020919,-1.693
20020920,-1.701
20020921,-1.703
20020922,-1.69
20020923,-1.695
20020924,-1.692
20020925,-1.657
20020926,-1.637
20020927,-1.646
20020928,-1.664
20020929,-1.659
20020930,-1.663
20021001,-1.672
20021002,-1.677
20021003,-1.682
20021004,-1.702
20021005,-1.682
20021006,-1.686
20021007,-1.684
20021008,-1.676
20021009,-1.679
20021010,-1.691
20021011,-1.709
20021012,-1.712
20021013,-1.714
20021014,-1.705
20021015,-1.715
20021016,-1.67
20021017,-1.67
20021018,-1.674
20021019,-1.689
20021020,-1.681
20021021,-1.629
20021022,-1.591
20021023,-1.588
20021024,-1.604
20021025,-1.56
20021026,-1.567
20021027,-1.517
20021028,-1.548
20021029,-1.526
20021030,-1.527
20021031,-1.538
20021101,-1.54
20021102,-1.532
20021103,-1.488
20021104,-1.489
20021105,-1.502
20021106,-1.49
20021107,-1.476
20021108,-1.459
20021109,-1.427
20021110,-1.432
20021111,-1.429
20021112,-1.439
20021113,-1.432
20021114,-1.421
20021115,-1.46
20021116,-1.492
20021117,-1.511
20021118,-1.522
20021119,-1.525
20021120,-1.531
20021121,-1.512
20021122,-1.527
20021123,-1.555
20021124,-1.559
20021125,-1.561
20021126,-1.542
20021127,-1.523
20021128,-1.518
20021129,-1.508
20021130,-1.511
20021201,-1.495
20021202,-1.469
20021203,-1.503
20021204,-1.505
20021205,-1.538
20021206,-1.555
20021207,-1.565
20021208,-1.576
20021209,-1.594
20021210,-1.604
20021211,-1.627
20021212,-1.633
20021213,-1.657
20021214,-1.662
20021215,-1.652
20021216,-1.664
20021217,-1.686
20021218,-1.694
20021219,-1.69
20021220,-1.668
20021221,-1.67
20021222,-1.633
20021223,-1.604
20021224,-1.553
20021225,-1.519
20021226,-1.474
20021227,-1.425
20021228,-1.41
20021229,-1.409
20021230,-1.389
20021231,-1.401
20030101,-1.389
20030102,-1.34
20030103,-1.337
20030104,-1.362
20030105,-1.385
20030106,-1.433
20030107,-1.463
20030108,-1.485
20030109,-1.521
20030110,-1.539
20030111,-1.573
20030112,-1.577
20030113,-1.54
20030114,-1.502
20030115,-1.465
20030116,-1.472
20030117,-1.461
20030118,-1.477
20030119,-1.467
20030120,-1.472
20030121,-1.453
20030122,-1.444
20030123,-1.488
20030124,-1.517
20030125,-1.495
20030126,-1.491
20030127,-1.472
20030128,-1.435
20030129,-1.434
20030130,-1.421
20030131,-1.462
20030201,-1.462
20030202,-1.463
20030203,-1.428
20030204,-1.424
20030205,-1.442
20030206,-1.443
20030207,-1.44
20030208,-1.45
20030209,-1.449
20030210,-1.476
20030211,-1.493
20030212,-1.511
20030213,-1.532
20030214,-1.555
20030215,-1.577
20030216,-1.592
20030217,-1.603
20030218,-1.604
20030219,-1.605
20030220,-1.612
20030221,-1.63
20030222,-1.646
20030223,-1.652
20030224,-1.655
20030225,-1.647
20030226,-1.635
20030227,-1.635
20030228,-1.646
20030301,-1.631
20030302,-1.604
20030303,-1.607
20030304,-1.606
20030305,-1.601
20030306,-1.603
20030307,-1.612
20030308,-1.599
20030309,-1.543
20030310,-1.518
20030311,-1.504
20030312,-1.535
20030313,-1.567
20030314,-1.577
20030315,-1.598
20030316,-1.611
20030317,-1.603
20030318,-1.613
20030319,-1.617
20030320,-1.624
20030321,-1.63
20030322,-1.642
20030323,-1.653
20030324,-1.651
20030325,-1.657
20030326,-1.666
20030327,-1.661
20030328,-1.673
20030329,-1.67
20030330,-1.682
20030331,-1.707
20030401,-1.664
20030402,-1.648
20030403,-1.667
20030404,-1.672
20030405,-1.67
20030406,-1.678
20030407,-1.687
20030408,-1.685
20030409,-1.677
20030410,-1.673
20030411,-1.677
20030412,-1.696
20030413,-1.716
20030414,-1.718
20030415,-1.727
20030416,-1.737
20030417,-1.752
20030418,-1.757
20030419,-1.745
20030420,-1.726
20030421,-1.737
20030422,-1.75
20030423,-1.754
20030424,-1.756
20030425,-1.749
20030426,-1.743
20030427,-1.713
20030428,-1.695
20030429,-1.688
20030430,-1.674
20030501,-1.674
20030502,-1.662
20030503,-1.658
20030504,-1.65
20030505,-1.643
20030506,-1.663
20030507,-1.66
20030508,-1.658
20030509,-1.67
20030510,-1.69
20030511,-1.694
20030512,-1.662
20030513,-1.618
20030514,-1.574
20030515,-1.559
20030516,-1.552
20030517,-1.549
20030518,-1.545
20030519,-1.55
20030520,-1.519
20030521,-1.511
20030522,-1.503
20030523,-1.466
20030524,-1.462
20030525,-1.467
20030526,-1.492
20030527,-1.516
20030528,-1.536
20030529,-1.557
20030530,-1.576
20030531,-1.601
20030601,-1.613
20030602,-1.623
20030603,-1.616
20030604,-1.591
20030605,-1.581
20030606,-1.582
20030607,-1.588
20030608,-1.596
20030609,-1.61
20030610,-1.61
20030611,-1.634
20030612,-1.643
20030613,-1.663
20030614,-1.675
20030615,-1.682
20030616,-1.69
20030617,-1.689
20030618,-1.708
20030619,-1.715
20030620,-1.717
20030621,-1.728
20030622,-1.731
20030623,-1.769
20030624,-1.853
20030625,-1.782
20030626,-1.771
20030627,-1.77
20030628,-1.776
20030629,-1.778
20030630,-1.837
20030701,-1.757
20030702,-1.707
20030703,-1.681
20030704,-1.707
20030705,-1.646
20030706,-1.651
20030707,-1.706
20030708,-1.752
20030709,-1.7
20030710,-1.69
20030711,-1.702
20030712,-1.721
20030713,-1.734
20030714,-1.734
20030715,-1.742
20030716,-1.747
20030717,-1.765
20030718,-1.775
20030719,-1.777
20030720,-1.77
20030721,-1.789
20030722,-1.805
20030723,-1.81
20030724,-1.808
20030725,-1.802
20030726,-1.8
20030727,-1.801
20030728,-1.835
20030729,-1.835
20030730,-1.823
20030731,-1.822
20030801,-1.821
20030802,-1.833
20030803,-1.835
20030804,-1.844
20030805,-1.895
20030806,-1.953
20030807,-1.951
20030808,-1.885
20030809,-1.888
20030810,-1.888
20030811,-1.955
20030812,-1.99
20030813,-2.006
20030814,-1.966
20030815,-1.935
20030816,-1.928
20030817,-1.93
20030818,-1.923
20030819,-1.928
20030820,-1.913
20030821,-1.894
20030822,-1.9
20030823,-1.906
20030824,-1.917
20030825,-1.915
20030826,-1.91
20030827,-1.908
20030828,-1.911
20030829,-1.902
20030830,-1.906
20030831,-1.913
20030901,-1.907
20030902,-1.923
20030903,-1.924
20030904,-1.914
20030905,-1.904
20030906,-1.893
20030907,-1.898
20030908,-1.881
20030909,-1.879
20030910,-1.872
20030911,-1.881
20030912,-1.89
20030913,-1.898
20030914,-1.895
20030915,-1.878
20030916,-1.875
20030917,-1.875
20030918,-1.874
20030919,-1.887
20030920,-1.898
20030921,-1.904
20030922,-1.883
20030923,-1.927
20030924,-1.983
20030925,-2.004
20030926,-2.009
20030927,-1.846
20030928,-1.834
20030929,-1.87
20030930,-1.8
20031001,-1.788
20031002,-1.795
20031003,-1.788
20031004,-1.8
20031005,-1.804
20031006,-1.782
20031007,-1.743
20031008,-1.714
20031009,-1.684
20031010,-1.661
20031011,-1.68
20031012,-1.695
20031013,-1.701
20031014,-1.715
20031015,-1.726
20031016,-1.729
20031017,-1.728
20031018,-1.726
20031019,-1.72
20031020,-1.723
20031021,-1.733
20031022,-1.749
20031023,-1.761
20031024,-1.751
20031025,-1.746
20031026,-1.732
20031027,-1.727
20031028,-1.707
20031029,-1.677
20031030,-1.68
20031031,-1.681
20031101,-1.686
20031102,-1.668
20031103,-1.651
20031104,-1.679
20031105,-1.673
20031106,-1.669
20031107,-1.684
20031108,-1.674
20031109,-1.682
20031110,-1.688
20031111,-1.692
20031112,-1.69
20031113,-1.707
20031114,-1.682
20031115,-1.683
20031116,-1.698
20031117,-1.702
20031118,-1.688
20031119,-1.664
20031120,-1.663
20031121,-1.654
20031122,-1.64
20031123,-1.631
20031124,-1.592
20031125,-1.557
20031126,-1.527
20031127,-1.544
20031128,-1.569
20031129,-1.569
20031130,-1.566
20031201,-1.559
20031202,-1.568
20031203,-1.585
20031204,-1.593
20031205,-1.598
20031206,-1.61
20031207,-1.622
20031208,-1.617
20031209,-1.62
20031210,-1.622
20031211,-1.621
20031212,-1.64
20031213,-1.558
20031214,-1.49
20031215,-1.472
20031216,-1.472
20031217,-1.47
20031218,-1.472
20031219,-1.484
20031220,-1.483
20031221,-1.437
20031222,-1.472
20031223,-1.458
20031224,-1.462
20031225,-1.454
20031226,-1.45
20031227,-1.451
20031228,-1.451
20031229,-1.447
20031230,-1.452
20031231,-1.481
20040101,-1.451
20040102,-1.502
20040103,-1.512
20040104,-1.506
20040105,-1.505
20040106,-1.474
20040107,-1.464
20040108,-1.429
20040109,-1.435
20040110,-1.465
20040111,-1.411
20040112,-1.396
20040113,-1.363
20040114,-1.399
20040115,-1.422
20040116,-1.369
20040117,-1.401
20040118,-1.443
20040119,-1.392
20040120,-1.393
20040121,-1.4
20040122,-1.403
20040123,-1.428
20040124,-1.434
20040125,-1.446
20040126,-1.45
20040127,-1.458
20040128,-1.465
20040129,-1.48
20040130,-1.456
20040131,-1.407
20040201,-1.388
20040202,-1.363
20040203,-1.357
20040204,-1.363
20040205,-1.369
20040206,-1.366
20040207,-1.346
20040208,-1.336
20040209,-1.376
20040210,-1.366
20040211,-1.368
20040212,-1.37
20040213,-1.387
20040214,-1.394
20040215,-1.419
20040216,-1.449
20040217,-1.458
20040218,-1.473
20040219,-1.491
20040220,-1.498
20040221,-1.499
20040222,-1.516
20040223,-1.538
20040224,-1.538
20040225,-1.498
20040226,-1.651
20040227,-1.495
20040228,-1.515
20040229,-1.565
20040301,-1.58
20040302,-1.566
20040303,-1.571
20040304,-1.57
20040305,-1.581
20040306,-1.582
20040307,-1.604
20040308,-1.624
20040309,-1.632
20040310,-1.622
20040311,-1.614
20040312,-1.607
20040313,-1.6
20040314,-1.611
20040315,-1.615
20040316,-1.626
20040317,-1.622
20040318,-1.625
20040319,-1.755
20040320,-1.788
20040321,-1.776
20040322,-2.935
20040323,-2.295
20040324,-1.858
20040325,-1.833
20040326,-1.841
20040327,-1.834
20040328,-1.849
20040329,-1.834
20040330,-1.998
20040331,-1.826
20040401,-1.716
20040402,-1.8
20040403,-1.803
20040404,-1.796
20040405,-1.769
20040406,-1.711
20040407,-1.698
20040408,-1.687
20040409,-1.655
20040410,-1.674
20040411,-1.693
20040412,-1.704
20040413,-1.723
20040414,-1.831
20040415,-1.899
20040416,-1.924
20040417,-1.928
20040418,-1.929
20040419,-2.006
20040420,-2.013
20040421,-2.032
20040422,-2.044
20040423,-2.064
20040424,-2.068
20040425,-2.071
20040426,-2.067
20040427,-2.062
20040428,-2.066
20040429,-2.056
20040430,-2.055
20040501,-2.072
20040502,-2.082
20040503,-2.077
20040504,-2.059
20040505,-2.086
20040506,-2.111
20040507,-2.1
20040508,-2.097
20040509,-2.108
20040510,-2.108
20040511,-2.122
20040512,-2.126
20040513,-2.133
20040514,-2.137
20040515,-2.146
20040516,-2.154
20040517,-2.145
20040518,-2.155
20040519,-2.151
20040520,-2.16
20040521,-2.176
20040522,-2.178
20040523,-2.183
20040524,-2.175
20040525,-2.442
20040526,-2.266
20040527,-2.495
20040528,-2.492
20040529,-2.49
20040530,-2.487
20040531,-2.436
20040601,-2.469
20040602,-2.484
20040603,-2.486
20040604,-2.46
20040605,-2.465
20040606,-2.458
20040607,-2.466
20040608,-2.472
20040609,-2.482
20040610,-2.488
20040611,-2.505
20040612,-2.511
20040613,-2.541
20040614,-2.525
20040615,-2.515
20040616,-2.53
20040617,-2.515
20040618,-2.527
20040619,-2.514
20040620,-2.494
20040621,-2.493
20040622,-2.47
20040623,-2.43
20040624,-2.36
20040625,-2.321
20040626,-2.286
20040627,-2.262
20040628,-2.29
20040629,-2.3
20040630,-2.302
20040701,-2.314
20040702,-2.32
20040703,-2.298
20040704,-2.317
20040705,-2.333
20040706,-2.351
20040707,-2.475
20040708,-2.671
20040709,-2.682
20040710,-2.69
20040711,-2.668
20040712,-2.679
20040713,-2.78
20040714,-2.809
20040715,-2.876
20040716,-2.836
20040717,-2.798
20040718,-2.757
20040719,-2.728
20040720,-2.712
20040721,-2.718
20040722,-2.744
20040723,-2.759
20040724,-2.787
20040725,-2.793
20040726,-2.796
20040727,-2.72
20040728,-2.826
20040729,-2.83
20040730,-2.845
20040731,-2.874
20040801,-2.887
20040802,-2.874
20040803,-2.895
20040804,-2.914
20040805,-2.778
20040806,-2.933
20040807,-2.95
20040808,-2.954
20040809,-2.971
20040810,-2.983
20040811,-2.972
20040812,-2.944
20040813,-2.86
20040814,-2.775
20040815,-2.721
20040816,-2.694
20040817,-2.633
20040818,-2.634
20040819,-2.637
20040820,-2.655
20040821,-2.645
20040822,-2.624
20040823,-2.566
20040824,-2.763
20040825,-2.749
20040826,-2.744
20040827,-2.709
20040828,-2.711
20040829,-2.714
20040830,-2.714
20040831,-2.709
20040901,-2.706
20040902,-2.725
20040903,-2.756
20040904,-2.79
20040905,-2.81
20040906,-2.84
20040907,-2.864
20040908,-2.879
20040909,-2.325
20040910,-2.828
20040911,-2.894
20040912,-2.9
20040913,-2.892
20040914,-2.883
20040915,-2.877
20040916,-2.733
20040917,-2.919
20040918,-2.917
20040919,-2.942
20040920,-2.916
20040921,-2.909
20040922,-2.92
20040923,-2.899
20040924,-2.882
20040925,-2.853
20040926,-2.836
20040927,-2.839
20040928,-1.973
20040929,-1.972
20040930,-2.914
20041001,-2.913
20041002,-2.908
20041003,-2.902
20041004,-2.607
20041005,-2.84
20041006,-2.896
20041007,-2.953
20041008,-2.91
20041009,-2.988
20041010,-3.013
20041011,-3.025
20041012,-3.033
20041013,-3.038
20041014,-3.031
20041015,-3.048
20041016,-3.063
20041017,-3.079
20041018,-3.092
20041019,-3.081
20041020,-3.042
20041021,-3.054
20041022,-3.051
20041023,-3.041
20041024,-2.992
20041025,-2.935
20041026,-2.946
20041027,-3.017
20041028,-3.144
20041029,-3.175
20041030,-3.183
20041031,-3.192
20041101,-3.191
20041102,-3.186
20041103,-3.196
20041104,-3.19
20041105,-3.214
20041106,-3.212
20041107,-3.221
20041108,-3.208
20041109,-3.218
20041110,-3.206
20041111,-3.199
20041112,-3.165
20041113,-3.178
20041114,-3.157
20041115,-3.117
20041116,-3.13
20041117,-3.114
20041118,-3.101
20041119,-3.088
20041120,-3.063
20041121,-3.057
20041122,-3.037
20041123,-3.076
20041124,-3.082
20041125,-3.09
20041126,-3.093
20041127,-3.101
20041128,-3.093
20041129,-3.13
20041130,-3.134
20041201,-3.141
20041202,-3.152
20041203,-3.177
20041204,-3.188
20041205,-3.187
20041206,-3.192
20041207,-3.204
20041208,-3.226
20041209,-3.215
20041210,-3.227
20041211,-3.242
20041212,-3.252
20041213,-3.232
20041214,-3.247
20041215,-3.085
20041216,-3.196
20041217,-3.201
20041218,-3.212
20041219,-3.19
20041220,-3.176
20041221,-3.185
20041222,-3.153
20041223,-3.153
20041224,-3.154
20041225,-3.136
20041226,-3.163
20041227,-3.183
20041228,-3.156
20041229,-3.202
20041230,-3.157
20041231,-3.134
20050101,-3.113
20050102,-3.049
20050103,-3.127
20050104,-3.124
20050105,-3.138
20050106,-3.151
20050107,-3.126
20050108,-3.091
20050109,-3.142
20050110,-3.148
20050111,-3.148
20050112,-3.136
20050113,-3.157
20050114,-3.171
20050115,-3.168
20050116,-3.168
20050117,-3.16
20050118,-3.13
20050119,-3.131
20050120,-3.102
20050121,-3.116
20050122,-3.128
20050123,-3.129
20050124,-3.135
20050125,-3.138
20050126,-3.153
20050127,-3.136
20050128,-3.148
20050129,-3.173
20050130,-2.224
20050131,-2.892
20050201,-2.674
20050202,-2.992
20050203,-2.994
20050204,-3.147
20050205,-3.155
20050206,-3.191
20050207,-3.019
20050208,-3.223
20050209,-3.229
20050210,-3.202
20050211,-3.088
20050212,-2.992
20050213,-2.977
20050214,-2.919
20050215,-2.995
20050216,-3.009
20050217,-3.025
20050218,-3.015
20050219,-3.041
20050220,-3.051
20050221,-3.043
20050222,-2.885
20050223,-2.892
20050224,-2.895
20050225,-2.905
20050226,-2.888
20050227,-2.923
20050228,-2.917
20050301,-2.897
20050302,-2.908
20050303,-2.944
20050304,-2.976
20050305,-3.013
20050306,-3.04
20050307,-3.029
20050308,-2.972
20050309,-2.603
20050310,-2.886
20050311,-2.623
20050312,-2.836
20050313,-2.882
20050314,-2.899
20050315,-2.925
20050316,-2.915
20050317,-2.953
20050318,-2.979
20050319,-2.996
20050320,-3.003
20050321,-3.003
20050322,-2.05
20050323,-3.018
20050324,-3.036
20050325,-3.052
20050326,-3.042
20050327,-3.047
20050328,-3.058
20050329,-3.049
20050330,-3.045
20050331,-3.07
20050401,-3.089
20050402,-3.092
20050403,-3.098
20050404,-3.114
20050405,-3.124
20050406,-3.093
20050407,-3.077
20050408,-3.111
20050409,-3.135
20050410,-3.133
20050411,-3.131
20050412,-3.114
20050413,-3.107
20050414,-3.095
20050415,-3.043
20050416,-3.009
20050417,-3.003
20050418,-3.012
20050419,-3.035
20050420,-3.035
20050421,-3.036
20050422,-3.03
20050423,-3.034
20050424,-3.047
20050425,-3.064
20050426,-3.079
20050427,-2.983
20050428,-3.075
20050429,-3.072
20050430,-3.043
20050501,-3.049
20050502,-3.036
20050503,-3.049
20050504,-3.009
20050505,-3.068
20050506,-3.071
20050507,-3.046
20050508,-3.037
20050509,-3.023
20050510,-3.027
20050511,-3.03
20050512,-3.033
20050513,-3.032
20050514,-2.996
20050515,-3.029
20050516,-3.008
20050517,-3.003
20050518,-3.01
20050519,-3.003
20050520,-3.001
20050521,-3.016
20050522,-3.02
20050523,-3.052
20050524,-3.054
20050525,-3.076
20050526,-3.062
20050527,-3.079
20050528,-3.098
20050529,-3.117
20050530,-3.118
20050531,-3.118
20050601,-3.11
20050602,-3.098
20050603,-2.506
20050604,-2.996
20050605,-3.056
20050606,-3.034
20050607,-3.058
20050608,-3.089
20050609,-3.08
20050610,-3.081
20050611,-3.068
20050612,-3.081
20050613,-3.064
20050614,-3.089
20050615,-3.096
20050616,-3.114
20050617,-3.176
20050618,-3.3
20050619,-3.305
20050620,-3.314
20050621,-3.335
20050622,-3.352
20050623,-3.218
20050624,-3.349
20050625,-2.794
20050626,-3.346
20050627,-3.356
20050628,-3.359
20050629,-3.362
20050630,-3.364
20050701,-3.304
20050702,-3.278
20050703,-3.266
20050704,-3.225
20050705,-3.236
20050706,-3.236
20050707,-3.24
20050708,-3.251
20050709,-3.241
20050710,-3.248
20050711,-3.263
20050712,-3.269
20050713,-3.267
20050714,-3.273
20050715,-3.234
20050716,-3.22
20050717,-3.313
20050718,-3.318
20050719,-3.315
20050720,-3.3
20050721,-3.295
20050722,-3.284
20050723,-3.304
20050724,-3.297
20050725,-3.299
20050726,-3.307
20050727,-3.301
20050728,-3.302
20050729,-3.304
20050730,-3.271
20050731,-3.218
20050801,-3.096
20050802,-3.101
20050803,-3.147
20050804,-3.165
20050805,-3.152
20050806,-3.151
20050807,-3.118
20050808,-3.097
20050809,-3.087
20050810,-3.085
20050811,-3.088
20050812,-3.11
20050813,-3.128
20050814,-3.124
20050815,-3.146
20050816,-3.132
20050817,-3.142
20050818,-3.148
20050819,-3.163
20050820,-3.193
20050821,-3.199
20050822,-3.194
20050823,-3.216
20050824,-3.204
20050825,-3.194
20050826,-3.185
20050827,-3.171
20050828,-3.176
20050829,-3.18
20050830,-3.177
20050831,-3.178
20050901,-3.213
20050902,-3.246
20050903,-3.258
20050904,-3.251
20050905,-3.239
20050906,-3.253
20050907,-3.273
20050908,-3.283
20050909,-3.286
20050910,-3.292
20050911,-3.301
20050912,-3.328
20050913,-3.327
20050914,-3.318
20050915,-3.315
20050916,-3.295
20050917,-3.178
20050918,-3.266
20050919,-3.266
20050920,-3.265
20050921,-3.274
20050922,-2.997
20050923,-3.267
20050924,-3.293
20050925,-3.289
20050926,-3.242
20050927,-3.284
20050928,-3.289
20050929,-3.268
20050930,-3.215
20051001,-3.158
20051002,-3.16
20051003,-3.171
20051004,-3.171
20051005,-3.17
20051006,-3.105
20051007,-3.162
20051008,-3.187
20051009,-3.213
20051010,-3.214
20051011,-3.21
20051012,-3.224
20051013,-3.243
20051014,-3.267
20051015,-3.273
20051016,-3.265
20051017,-3.273
20051018,-3.272
20051019,-3.259
20051020,-3.265
20051021,-3.249
20051022,-3.26
20051023,-3.194
20051024,-2.707
20051025,-2.492
20051026,-3.163
20051027,-3.142
20051028,-3.142
20051029,-3.155
20051030,-3.153
20051031,-3.156
20051101,-3.177
20051102,-3.177
20051103,-3.173
20051104,-3.173
20051105,-3.191
20051106,-3.19
20051107,-3.2
20051108,-3.006
20051109,-3.159
20051110,-3.185
20051111,-2.701
20051112,-3.13
20051113,-3.162
20051114,-3.161
20051115,-3.141
20051116,-3.122
20051117,-3.099
20051118,-3.05
20051119,-3.04
20051120,-3.03
20051121,-2.897
20051122,-3.052
20051123,-3.066
20051124,-2.985
20051125,-2.965
20051126,-2.994
20051127,-3.008
20051128,-3.024
20051129,-3.049
20051130,-3.068
20051201,-3.058
20051202,-3.047
20051203,-3.062
20051204,-3.076
20051205,-3.063
20051206,-3.046
20051207,-3.046
20051208,-3.062
20051209,-3.092
20051210,-3.084
20051211,-3.038
20051212,-3.091
20051213,-3.088
20051214,-3.093
20051215,-3.101
20051216,-3.085
20051217,-3.076
20051218,-3.063
20051219,-3.043
20051220,-2.264
20051221,-3.019
20051222,-3.034
20051223,-3.041
20051224,-3.022
20051225,-3.035
20051226,-3.031
20051227,-3.042
20051228,-3.05
20051229,-3.06
20051230,-3.062
20051231,-3.049
20060101,-3.042
20060102,-2.954
20060103,-3.049
20060104,-3.077
20060105,-3.07
20060106,-3.089
20060107,-3.103
20060108,-3.118
20060109,-3.12
20060110,-3.122
20060111,-3.118
20060112,-3.138
20060113,-3.116
20060114,-3.122
20060115,-3.126
20060116,-3.121
20060117,-3.104
20060118,-3.144
20060119,-3.124
20060120,-3.07
20060121,-3.079
20060122,-3.092
20060123,-3.091
20060124,-3.093
20060125,-3.099
20060126,-3.142
20060127,-3.142
20060128,-2.865
20060129,-3.312
20060130,-3.321
20060131,-3.324
20060201,-3.301
20060202,-3.316
20060203,-3.307
20060204,-3.314
20060205,-3.297
20060206,-3.29
20060207,-3.269
20060208,-3.243
20060209,-3.227
20060210,-3.254
20060211,-3.241
20060212,-3.225
20060213,-3.231
20060214,-3.22
20060215,-3.173
20060216,-3.146
20060217,-3.134
20060218,-3.144
20060219,-3.166
20060220,-3.199
20060221,-3.223
20060222,-3.243
20060223,-3.236
20060224,-3.255
20060225,-3.262
20060226,-3.278
20060227,-3.26
20060228,-3.237
20060301,-3.227
20060302,-3.201
20060303,-3.218
20060304,-3.199
20060305,-3.212
20060306,-3.214
20060307,-3.205
20060308,-3.163
20060309,-3.158
20060310,-3.133
20060311,-3.173
20060312,-3.189
20060313,-3.128
20060314,-3.185
20060315,-3.219
20060316,-3.239
20060317,-3.24
20060318,-3.247
20060319,-3.253
20060320,-3.255
20060321,-3.27
20060322,-3.235
20060323,-2.877
20060324,-3.222
20060325,-3.272
20060326,-3.267
20060327,-3.204
20060328,-3.184
20060329,-3.208
20060330,-3.14
20060331,-3.164
20060401,-3.139
20060402,-3.135
20060403,-3.138
20060404,-3.127
20060405,-3.12
20060406,-2.593
20060407,-3.131
20060408,-3.137
20060409,-3.133
20060410,-3.157
20060411,-3.148
20060412,-3.223
20060413,-3.149
20060414,-3.168
20060415,-3.174
20060416,-3.194
20060417,-3.175
20060418,-3.197
20060419,-3.202
20060420,-2.448
20060421,-3.221
20060422,-3.244
20060423,-3.249
20060424,-3.266
20060425,-3.274
20060426,-3.108
20060427,-2.947
20060428,-3.291
20060429,-3.309
20060430,-3.311
20060501,-3.304
20060502,-3.331
20060503,-3.336
20060504,-3.35
20060505,-3.359
20060506,-3.368
20060507,-3.378
20060508,-3.378
20060509,-3.4
20060510,-3.438
20060511,-3.453
20060512,-3.458
20060513,-3.466
20060514,-3.361
20060515,-3.463
20060516,-3.488
20060517,-3.153
20060518,-3.478
20060519,-3.446
20060520,-3.393
20060521,-3.416
20060522,-2.879
20060523,-3.425
20060524,-3.404
20060525,-3.411
20060526,-3.387
20060527,-3.393
20060528,-3.39
20060529,-3.376
20060530,-3.383
20060531,-3.4
20060601,-3.407
20060602,-3.422
20060603,-3.411
20060604,-3.428
20060605,-3.142
20060606,-3.443
20060607,-3.445
20060608,-3.441
20060609,-3.43
20060610,-3.375
20060611,-3.445
20060612,-3.43
20060613,-3.431
20060614,-3.477
20060615,-3.268
20060616,-3.44
20060617,-3.454
20060618,-3.449
20060619,-3.464
20060620,-3.477
20060621,-3.476
20060622,-3.472
20060623,-2.842
20060624,-3.468
20060625,-3.483
20060626,-3.449
20060627,-3.43
20060628,-3.421
20060629,-3.427
20060630,-3.392
20060701,-3.444
20060702,-3.457
20060703,-3.467
20060704,-3.484
20060705,-3.509
20060706,-3.552
20060707,-3.565
20060709,-3.561
20060712,-3.549
20060713,-3.543
20060714,-3.556
20060715,-3.561
20060716,-3.565
20060807,-3.458
20060811,-3.557
20060812,-3.549
20060813,-3.557
20060814,-3.54
20060815,-3.516
20060816,-3.509
20060817,-3.512
20060818,-3.519
20060819,-3.533
20060820,-3.519
20060821,-3.49
20060822,-3.478
20060823,-3.459
20060824,-3.453
20060825,-3.442
20060826,-3.438
20060827,-3.451
20060828,-3.419
20060829,-3.373
20060830,-3.36
20060831,-3.334
20060901,-3.317
20060902,-3.323
20060903,-3.32
20060904,-3.344
20060905,-3.349
20060906,-3.342
20060907,-3.371
20060908,-3.401
20060909,-3.401
20060910,-3.402
20060911,-3.416
20060912,-3.433
20060913,-3.432
20060914,-3.447
20060915,-3.466
20060916,-3.473
20060917,-3.495
20060918,-3.5
20060919,-3.508
20060920,-3.522
20060921,-3.517
20060922,-3.523
20060923,-3.539
20060924,-3.534
20060925,-3.533
20060926,-3.559
20060927,-3.546
20060928,-3.525
20060929,-3.458
20060930,-3.452
20061001,-3.447
20061002,-3.337
20061003,-3.431
20061004,-3.354
20061005,-3.339
20061006,-3.271
20061007,-3.266
20061008,-3.247
20061009,-3.238
20061010,-3.252
20061011,-3.235
20061012,-3.274
20061013,-3.311
20061014,-3.292
20061015,-3.299
20061016,-3.286
20061017,-3.275
20061018,-3.277
20061019,-3.286
20061020,-3.29
20061021,-3.311
20061022,-3.313
20061023,-3.293
20061024,-3.214
20061025,-3.186
20061026,-3.132
20061027,-3.167
20061028,-3.144
20061029,-3.16
20061030,-3.138
20061031,-3.126
20061101,-3.16
20061102,-3.136
20061103,-3.105
20061104,-3.085
20061105,-3.084
20061106,-3.096
20061107,-3.103
20061108,-3.106
20061109,-3.15
20061110,-3.143
20061111,-3.115
20061112,-3.1
20061113,-3.042
20061115,-3.055
20061116,-3.024
20061117,-3.023
20061118,-3.04
20061119,-3.037
20061120,-3.018
20061121,-2.995
20061122,-2.987
20061123,-2.933
20061124,-2.965
20061125,-2.949
20061126,-2.991
20061127,-3.003
20061128,-3.001
20061129,-3.045
20061130,-3.044
20061201,-3.118
20061202,-3.045
20061203,-2.97
20061204,-2.984
20061205,-2.95
20061206,-2.991
20061207,-2.929
20061208,-2.91
20061209,-2.959
20061210,-2.97
20061211,-2.928
20061212,-2.949
20061213,-2.956
20061214,-2.965
20061215,-2.969
20061216,-3.002
20061217,-2.987
20061218,-2.997
20061219,-3.001
20061220,-3.006
20061221,-3.03
20061222,-3.041
20061223,-3.047
20061224,-3.05
20061225,-2.928
20061226,-3.055
20061227,-3.055
20061228,-3.066
20061229,-3.053
20061230,-3.066
20061231,-3.067
20070101,-3.022
20070102,-3.006
20070103,-2.972
20070104,-2.94
20070105,-2.946
20070106,-2.949
20070107,-2.922
20070108,-2.918
20070109,-2.905
20070110,-2.921
20070111,-2.86
20070112,-2.9
20070113,-2.914
20070114,-2.953
20070115,-2.961
20070116,-2.969
20070117,-2.937
20070118,-2.853
20070119,-2.851
20070120,-2.854
20070121,-2.898
20070122,-2.913
20070123,-2.898
20070124,-2.926
20070125,-2.985
20070126,-2.937
20070127,-2.974
20070128,-2.945
20070129,-2.98
20070130,-2.995
20070131,-2.988
20070201,-3.022
20070202,-3.019
20070203,-3.048
20070204,-3.04
20070205,-3.037
20070206,-3.031
20070207,-3.043
20070208,-3.031
20070209,-3.099
20070210,-3.077
20070211,-3.033
20070212,-2.976
20070213,-2.988
20070214,-2.942
20070215,-2.968
20070216,-2.946
20070217,-2.96
20070218,-3.004
20070219,-3.004
20070220,-3.024
20070221,-2.996
20070222,-3.007
20070223,-3.004
20070224,-2.988
20070225,-2.974
20070226,-2.971
20070227,-2.947
20070228,-2.899
20070301,-2.862
20070302,-2.889
20070303,-2.911
20070304,-2.911
20070305,-2.92
20070306,-2.883
20070307,-2.863
20070308,-2.903
20070309,-2.9
20070310,-2.933
20070311,-2.94
20070312,-2.935
20070313,-2.991
20070314,-3.022
20070315,-3.078
20070316,-3.103
20070317,-3.113
20070318,-2.948
20070319,-3.047
20070320,-3.056
20070321,-3.054
20070322,-3.068
20070323,-3.1
20070324,-3.104
20070325,-3.142
20070326,-3.151
20070327,-2.533
20070328,-3.161
20070329,-3.18
20070330,-3.2
20070331,-3.221
20070401,-3.244
20070402,-3.237
20070403,-3.239
20070404,-3.265
20070405,-3.269
20070406,-3.284
20070407,-3.297
20070408,-3.281
20070409,-3.286
20070410,-3.309
20070411,-3.334
20070412,-3.331
20070413,-3.334
20070414,-3.335
20070415,-3.342
20070416,-3.353
20070417,-3.36
20070418,-3.367
20070419,-3.347
20070420,-3.384
20070421,-3.376
20070422,-3.381
20070423,-3.381
20070424,-3.386
20070425,-3.383
20070426,-3.411
20070427,-3.421
20070428,-3.421
20070429,-3.42
20070430,-3.425
20070501,-3.431
20070502,-3.441
20070503,-3.444
20070504,-3.477
20070505,-3.467
20070506,-3.449
20070507,-3.433
20070508,-3.428
20070509,-3.438
20070510,-3.424
20070511,-3.446
20070512,-3.4
20070513,-3.375
20070514,-3.429
20070515,-3.375
20070516,-3.363
20070517,-3.371
20070518,-3.287
20070519,-3.36
20070520,-3.373
20070521,-3.388
20070522,-3.403
20070523,-3.398
20070524,-3.4
20070525,-3.402
20070526,-3.423
20070527,-3.409
20070528,-3.419
20070529,-3.415
20070530,-3.408
20070531,-3.408
20070601,-3.403
20070602,-3.406
20070603,-3.37
20070604,-3.395
20070605,-3.399
20070606,-3.399
20070607,-3.387
20070608,-3.396
20070609,-3.421
20070610,-3.424
20070611,-3.429
20070612,-3.438
20070613,-3.445
20070614,-3.447
20070615,-3.437
20070616,-3.423
20070617,-3.373
20070618,-3.302
20070619,-2.607
20070620,-3.092
20070621,-3.187
20070622,-3.222
20070623,-3.24
20070624,-3.221
20070625,-3.177
20070626,-3.14
20070627,-3.102
20070628,-3.123
20070629,-3.109
20070630,-3.115
20070701,-3.074
20070702,-3.027
20070703,-3.001
20070704,-2.987
20070705,-2.991
20070706,-2.973
20070707,-2.936
20070708,-2.974
20070709,-2.997
20070710,-3.024
20070711,-3.054
20070712,-2.507
20070713,-2.184
20070714,-3.068
20070715,-3.133
20070716,-3.141
20070717,-2.667
20070718,-3.05
20070719,-3.061
20070720,-3.077
20070721,-3.074
20070722,-2.997
20070723,-3.061
20070724,-3.07
20070725,-3.039
20070726,-3.063
20070727,-3.076
20070728,-3.108
20070729,-3.121
20070730,-3.146
20070731,-3.165
20070801,-3.165
20070802,-3.176
20070803,-3.224
20070804,-3.223
20070805,-3.227
20070806,-3.244
20070807,-3.28
20070808,-3.293
20070809,-3.294
20070810,-3.303
20070811,-3.306
20070812,-3.301
20070813,-3.321
20070814,-3.305
20070815,-3.296
20070816,-3.316
20070817,-3.292
20070818,-3.269
20070819,-3.259
20070820,-3.273
20070821,-3.218
20070822,-3.299
20070823,-2.416
20070824,-3.306
20070825,-3.329
20070826,-3.342
20070827,-3.329
20070828,-3.338
20070829,-3.345
20070830,-3.345
20070831,-3.347
20070901,-3.364
20070902,-3.351
20070903,-3.372
20070904,-3.381
20070905,-3.373
20070906,-3.377
20070907,-3.373
20070908,-3.364
20070909,-3.369
20070910,-3.355
20070911,-3.547
20070912,-3.384
20070913,-3.374
20070914,-3.351
20070915,-3.377
20070916,-3.35
20070917,-3.413
20070918,-3.395
20070919,-3.365
20070920,-3.364
20070921,-3.352
20070922,-3.361
20070923,-3.344
20070924,-3.309
20070925,-3.338
20070926,-3.325
20070927,-3.294
20070928,-3.266
20070929,-3.219
20070930,-3.157
20071001,-3.101
20071002,-3.092
20071003,-2.457
20071004,-3.11
20071005,-3.145
20071006,-3.154
20071007,-3.159
20071008,-3.16
20071009,-3.184
20071010,-3.213
20071011,-3.214
20071012,-3.235
20071013,-3.242
20071014,-3.232
20071015,-3.236
20071016,-3.251
20071017,-3.264
20071018,-3.237
20071019,-3.196
20071020,-3.193
20071021,-3.18
20071022,-3.131
20071023,-3.196
20071024,-3.205
20071025,-3.21
20071026,-3.222
20071027,-3.241
20071028,-3.211
20071029,-3.219
20071030,-3.225
20071031,-3.2
20071102,-3.227
20071103,-3.225
20071104,-3.232
20071105,-3.208
20071106,-3.232
20071107,-3.163
20071108,-3.136
20071109,-3.166
20071110,-3.066
20071111,-3.097
20071112,-3.069
20071113,-3.03
20071114,-3.056
20071115,-3.07
20071116,-3.077
20071117,-3.083
20071118,-3.076
20071119,-3.104
20071120,-3.117
20071121,-3.127
20071122,-3.133
20071123,-3.19
20071124,-3.17
20071125,-3.178
20071126,-3.166
20071127,-3.155
20071128,-3.115
20071129,-3.081
20071130,-3.116
20071201,-3.121
20071202,-3.053
20071203,-3.038
20071204,-3.048
20071205,-3.001
20071206,-2.992
20071207,-2.974
20071208,-2.949
20071209,-2.916
20071210,-2.975
20071211,-3.013
20071212,-3.035
20071213,-3.047
20071214,-3.053
20071215,-3.068
20071216,-3.093
20071217,-3.105
20071218,-2.966
20071219,-3.13
20071220,-3.135
20071221,-3.134
20071222,-3.15
20071223,-3.181
20071224,-3.165
20071225,-3.146
20071226,-3.183
20071227,-3.162
20071228,-3.152
20071229,-3.146
20071230,-3.195
20071231,-3.173
20080101,-3.176
20080102,-3.163
20080103,-3.158
20080104,-3.164
20080105,-3.172
20080106,-3.195
20080107,-3.159
20080108,-3.166
20080109,-3.15
20080110,-3.14
20080111,-3.244
20080112,-3.241
20080113,-3.221
20080114,-3.201
20080115,-3.175
20080116,-3.194
20080117,-3.2
20080118,-3.188
20080119,-3.153
20080120,-3.101
20080121,-3.065
20080122,-3.035
20080123,-3.018
20080124,-3.039
20080125,-3.068
20080126,-3.095
20080127,-3.102
20080128,-3.123
20080129,-3.138
20080130,-3.151
20080131,-3.134
20080201,-3.115
20080202,-3.172
20080203,-3.18
20080204,-3.178
20080205,-3.202
20080206,-3.211
20080207,-3.23
20080208,-3.231
20080209,-3.244
20080210,-3.258
20080211,-3.275
20080212,-3.282
20080213,-3.297
20080214,-2.521
20080215,-3.31
20080216,-3.327
20080217,-3.325
20080218,-3.332
20080219,-3.321
20080220,-3.316
20080221,-2.217
20080222,-3.297
20080223,-3.317
20080224,-3.31
20080225,-3.156
20080226,-3.259
20080227,-2.905
20080228,-3.321
20080229,-2.617
20080301,-3.209
20080302,-3.212
20080303,-3.223
20080304,-3.261
20080305,-3.283
20080306,-3.27
20080307,-3.254
20080308,-3.26
20080309,-3.266
20080310,-3.216
20080311,-3.215
20080312,-3.185
20080313,-3.216
20080314,-3.202
20080315,-3.216
20080316,-3.226
20080317,-3.252
20080318,-3.264
20080319,-3.275
20080320,-3.156
20080321,-3.182
20080322,-3.167
20080323,-3.162
20080324,-3.163
20080325,-3.175
20080326,-3.177
20080327,-3.189
20080328,-3.202
20080329,-3.198
20080330,-3.171
20080331,-3.19
20080401,-3.134
20080402,-3.189
20080403,-2.103
20080404,-3.186
20080405,-3.195
20080406,-3.204
20080407,-3.099
20080408,-3.245
20080409,-3.263
20080410,-3.279
20080411,-3.224
20080412,-3.31
20080413,-3.329
20080414,-3.35
20080415,-3.363
20080416,-3.344
20080417,-3.348
20080418,-3.358
20080419,-3.372
20080420,-3.393
20080421,-3.406
20080422,-3.428
20080423,-3.439
20080424,-3.14
20080425,-3.459
20080426,-3.448
20080427,-3.435
20080428,-2.222
20080429,-2.215
20080430,-3.39
20080501,-3.434
20080502,-3.469
20080503,-3.484
20080504,-3.486
20080505,-3.493
20080506,-3.498
20080507,-3.495
20080508,-3.493
20080509,-3.498
20080510,-3.51
20080511,-3.531
20080512,-3.534
20080514,-3.577
20080515,-3.424
20080516,-3.545
20080517,-3.558
20080518,-3.559
20080519,-3.567
20080520,-3.574
20080521,-3.575
20080522,-3.573
20080523,-3.517
20080524,-3.575
20080526,-3.573
20080527,-3.571
20080528,-3.565
20080529,-3.581
20080530,-3.571
20080601,-3.577
20080602,-3.554
20080603,-3.55
20080604,-3.567
20080605,-2.388
20080606,-3.508
20080607,-3.548
20080608,-3.572
20080710,-3.263
20080711,-3.556
20080712,-3.557
20080713,-3.547
20080714,-3.551
20080715,-3.562
20080716,-3.556
20080717,-3.539
20080718,-3.542
20080719,-3.5
20080720,-3.455
20080721,-3.43
20080722,-3.421
20080723,-3.421
20080724,-3.422
20080725,-3.428
20080726,-3.454
20080727,-3.436
20080728,-3.38
20080729,-3.305
20080730,-3.23
20080731,-3.27
20080801,-3.287
20080802,-3.309
20080803,-3.303
20080804,-3.232
20080805,-3.237
20080806,-3.241
20080807,-3.242
20080808,-3.234
20080809,-3.249
20080810,-3.22
20080811,-3.218
20080812,-3.218
20080813,-3.234
20080814,-3.221
20080815,-3.219
20080816,-3.231
20080817,-3.248
20080818,-3.253
20080819,-3.245
20080820,-3.244
20080821,-3.205
20080822,-3.199
20080823,-3.203
20080824,-3.21
20080825,-3.12
20080826,-2.131
20080827,-3.221
20080828,-3.13
20080829,-3.288
20080830,-3.311
20080831,-3.318
20080901,-3.32
20080902,-3.311
20080903,-3.273
20080904,-3.287
20080905,-2.73
20080906,-3.283
20080907,-3.298
20080908,-3.313
20080909,-3.326
20080910,-3.344
20080911,-3.349
20080912,-3.364
20080913,-3.379
20080914,-3.389
20080915,-3.387
20080916,-3.395
20080917,-3.399
20080918,-3.411
20080919,-3.425
20080920,-3.433
20080921,-3.436
20080922,-3.441
20080923,-3.437
20080924,-3.446
20080925,-3.465
20080926,-3.47
20080927,-3.462
20080928,-3.453
20080929,-3.441
20080930,-3.407
20081001,-3.347
20081002,-3.295
20081003,-3.243
20081004,-3.222
20081005,-3.191
20081006,-3.147
20081007,-3.12
20081008,-2.843
20081009,-3.153
20081010,-3.166
20081011,-3.18
20081012,-3.201
20081013,-3.204
20081014,-3.231
20081015,-3.226
20081016,-3.125
20081017,-3.131
20081018,-3.13
20081019,-3.15
20081020,-3.143
20081021,-3.161
20081022,-3.177
20081023,-3.215
20081024,-3.193
20081025,-3.197
20081026,-3.172
20081027,-3.129
20081028,-3.108
20081029,-3.086
20081030,-3.065
20081031,-3.102
20081101,-3.127
20081102,-3.134
20081103,-3.143
20081104,-3.169
20081105,-3.168
20081106,-3.165
20081107,-3.165
20081108,-3.184
20081109,-3.18
20081110,-3.159
20081111,-3.064
20081112,-3.022
20081113,-3.012
20081114,-2.997
20081115,-3.001
20081116,-3.025
20081117,-3.053
20081118,-3.029
20081119,-3.05
20081120,-3.057
20081121,-3.042
20081122,-3.025
20081123,-2.985
20081124,-2.998
20081125,-3.027
20081126,-3.039
20081127,-3.026
20081128,-3.025
20081129,-3.031
20081130,-3.045
20081201,-3.056
20081202,-3.072
20081203,-3.056
20081204,-3.036
20081205,-3.04
20081206,-3.079
20081207,-3.109
20081208,-3.101
20081209,-3.096
20081210,-3.052
20081211,-2.403
20081212,-3.046
20081213,-3.044
20081214,-3.073
20081215,-3.035
20081216,-3.107
20081217,-3.113
20081218,-3.131
20081219,-3.14
20081220,-3.115
20081221,-3.121
20081222,-3.136
20081223,-3.148
20081224,-3.153
20081225,-3.177
20081226,-3.192
20081227,-3.195
20081228,-3.214
20081229,-3.217
20081230,-3.235
20081231,-3.245
20090101,-3.266
20090102,-3.279
20090103,-3.271
20090104,-3.253
20090105,-3.239
20090106,-3.222
20090107,-3.221
20090108,-3.243
20090109,-3.255
20090110,-3.268
20090111,-3.274
20090112,-3.265
20090113,-3.268
20090114,-3.254
20090115,-3.24
20090116,-3.227
20090117,-3.204
20090118,-3.158
20090119,-3.121
20090120,-3.113
20090121,-3.131
20090122,-3.1
20090123,-3.056
20090124,-3.049
20090125,-3.014
20090126,-3.073
20090127,-3.109
20090128,-3.12
20090129,-3.142
20090130,-3.154
20090131,-3.174
20090201,-3.189
20090202,-3.183
20090203,-3.204
20090204,-3.196
20090205,-3.182
20090206,-3.169
20090207,-3.161
20090208,-3.17
20090209,-3.167
20090210,-3.143
20090211,-3.082
20090212,-3.129
20090213,-3.056
20090214,-3.131
20090215,-3.087
20090216,-3.013
20090217,-2.981
20090218,-3.049
20090219,-3.058
20090220,-3.069
20090221,-3.083
20090222,-3.082
20090223,-3.096
20090224,-3.135
20090225,-3.142
20090226,-3.14
20090227,-3.132
20090228,-3.041
20090301,-3.122
20090302,-3.124
20090303,-3.112
20090304,-3.098
20090305,-3.128
20090306,-3.132
20090307,-3.141
20090308,-3.125
20090309,-3.104
20090310,-3.107
20090311,-3.13
20090312,-3.109
20090313,-3.126
20090314,-3.124
20090315,-3.161
20090316,-3.145
20090317,-3.194
20090318,-3.199
20090319,-3.207
20090320,-3.22
20090321,-3.229
20090322,-3.234
20090323,-3.202
20090324,-3.229
20090325,-3.178
20090326,-3.147
20090327,-3.109
20090328,-3.091
20090329,-3.094
20090330,-3.1
20090331,-3.115
20090401,-3.13
20090402,-3.098
20090403,-3.164
20090404,-3.187
20090405,-3.185
20090406,-2.96
20090407,-3.223
20090408,-3.242
20090409,-3.251
20090410,-3.26
20090411,-3.287
20090412,-3.311
20090413,-3.286
20090414,-3.325
20090415,-3.338
20090416,-3.345
20090417,-3.367
20090418,-3.392
20090419,-3.4
20090420,-3.41
20090421,-3.414
20090422,-3.41
20090423,-3.413
20090424,-3.418
20090425,-3.41
20090426,-3.417
20090427,-3.403
20090428,-3.405
20090429,-3.408
20090430,-3.415
20090501,-3.417
20090502,-3.429
20090503,-3.416
20090504,-3.421
20090505,-3.326
20090506,-3.39
20090507,-3.384
20090508,-3.378
20090509,-3.398
20090510,-3.414
20090511,-3.426
20090512,-3.431
20090513,-3.434
20090514,-3.436
20090515,-3.432
20090516,-3.429
20090517,-3.397
20090518,-3.366
20090519,-3.355
20090520,-3.356
20090521,-3.355
20090522,-3.366
20090523,-3.393
20090524,-3.402
20090525,-3.402
20090526,-2.928
20090527,-3.359
20090528,-3.41
20090529,-3.418
20090530,-3.415
20090531,-3.434
20090601,-3.449
20090602,-3.464
20090603,-3.472
20090604,-3.48
20090605,-3.486
20090606,-3.492
20090607,-3.51
20090608,-3.506
20090609,-3.5
20090610,-3.518
20090611,-3.502
20090612,-3.479
20090613,-3.469
20090614,-3.46
20090615,-3.47
20090616,-3.483
20090617,-3.442
20090618,-3.461
20090619,-3.471
20090620,-3.481
20090621,-3.493
20090622,-3.505
20090623,-3.241
20090624,-3.427
20090625,-3.481
20090626,-3.504
20090627,-3.523
20090628,-3.533
20090629,-3.547
20090630,-3.567
20090701,-3.576
20090702,-3.49
20090703,-3.566
20090704,-3.578
20090705,-3.575
20090706,-3.575
20090707,-3.55
20090708,-3.508
20090709,-3.512
20090710,-3.477
20090711,-3.44
20090712,-3.408
20090713,-3.397
20090714,-3.401
20090715,-3.415
20090716,-3.438
20090717,-3.43
20090718,-3.439
20090719,-3.45
20090720,-3.464
20090721,-3.462
20090722,-3.082
20090723,-3.459
20090724,-3.457
20090725,-3.47
20090726,-3.46
20090727,-3.453
20090728,-3.476
20090729,-3.481
20090730,-3.479
20090731,-3.49
20090801,-3.467
20090802,-3.475
20090803,-3.48
20090804,-3.481
20090805,-3.487
20090806,-3.494
20090807,-3.501
20090808,-3.521
20090809,-3.519
20090810,-3.521
20090811,-3.535
20090812,-3.534
20090813,-3.535
20090814,-3.562
20090815,-3.561
20090816,-3.575
20090817,-3.585
20090826,-3.564
20090827,-3.577
20090828,-3.569
20090829,-3.582
20090830,-3.57
20090831,-3.552
20090901,-3.547
20090902,-3.551
20090903,-3.52
20090904,-3.524
20090905,-3.524
20090906,-3.504
20090907,-3.487
20090908,-3.201
20090909,-3.504
20090910,-3.527
20090911,-3.532
20090912,-3.53
20090913,-3.525
20090914,-3.543
20090915,-3.549
20090916,-3.564
20090917,-3.568
20090918,-3.312
20090919,-3.558
20090920,-3.58
20091003,-3.568
20091006,-3.576
20091010,-3.559
20091011,-3.529
20091012,-3.549
20091013,-3.503
20091014,-3.541
20091015,-3.53
20091016,-3.523
20091017,-3.523
20091018,-3.508
20091019,-3.501
20091020,-3.491
20091021,-3.493
20091022,-3.503
20091023,-3.52
20091024,-3.522
20091025,-3.572
20091026,-3.512
20091027,-3.511
20091028,-3.485
20091029,-3.5
20091030,-3.499
20091031,-3.483
20091101,-3.455
20091102,-3.429
20091103,-3.398
20091104,-3.374
20091105,-3.385
20091106,-3.385
20091107,-3.366
20091108,-3.385
20091109,-3.391
20091110,-3.371
20091111,-3.337
20091112,-3.306
20091113,-3.286
20091114,-3.27
20091115,-3.264
20091116,-3.231
20091117,-3.234
20091118,-3.222
20091119,-3.174
20091120,-3.172
20091121,-3.184
20091122,-3.161
20091123,-3.134
20091124,-3.127
20091125,-3.111
20091126,-3.113
20091127,-3.111
20091128,-3.066
20091129,-3.068
20091130,-3.082
20091201,-3.132
20091202,-3.133
20091203,-3.122
20091204,-3.145
20091205,-3.118
20091206,-3.091
20091207,-3.093
20091208,-3.093
20091209,-3.103
20091210,-3.105
20091211,-3.104
20091212,-3.106
20091213,-3.112
20091214,-3.121
20091215,-3.145
20091216,-3.135
20091217,-3.15
20091218,-3.176
20091219,-3.173
20091220,-3.14
20091221,-3.16
20091222,-3.148
20091223,-3.161
20091224,-3.166
20091225,-3.141
20091226,-3.095
20091227,-3.033
20091228,-3.016
20091229,-3.01
20091230,-3.032
20091231,-3.064
20100101,-2.978
20100102,-3.127
20100103,-3.163
20100104,-3.15
20100105,-3.148
20100106,-3.163
20100107,-3.193
20100108,-3.224
20100109,-3.237
20100110,-3.228
20100111,-3.226
20100112,-3.212
20100113,-3.201
20100114,-3.216
20100115,-3.245
20100116,-3.225
20100117,-3.216
20100118,-3.189
20100119,-3.159
20100120,-3.128
20100121,-3.142
20100122,-3.158
20100123,-3.171
20100124,-3.196
20100125,-3.23
20100126,-3.303
20100127,-3.228
20100128,-3.201
20100129,-3.167
20100130,-3.167
20100131,-3.17
20100201,-3.179
20100202,-3.141
20100203,-3.102
20100204,-3.077
20100205,-3.051
20100206,-3.075
20100207,-3.092
20100208,-3.096
20100209,-3.123
20100210,-3.173
20100211,-3.199
20100212,-3.222
20100213,-3.234
20100214,-3.243
20100215,-3.238
20100216,-3.235
20100217,-3.255
20100218,-3.269
20100219,-3.257
20100220,-3.251
20100221,-3.229
20100222,-3.201
20100223,-3.26
20100224,-3.23
20100225,-3.191
20100226,-3.18
20100227,-3.19
20100228,-3.156
20100301,-3.176
20100302,-3.188
20100303,-3.2
20100304,-3.224
20100305,-3.236
20100306,-3.236
20100307,-3.251
20100308,-3.249
20100309,-3.262
20100310,-3.275
20100311,-3.271
20100312,-3.287
20100313,-3.31
20100314,-3.302
20100315,-3.304
20100316,-3.31
20100317,-3.3
20100318,-3.314
20100319,-3.326
20100320,-3.298
20100321,-3.295
20100322,-3.281
20100323,-3.294
20100324,-3.287
20100325,-3.296
20100326,-3.308
20100327,-3.317
20100328,-3.319
20100329,-3.332
20100330,-3.322
20100331,-3.329
20100401,-3.353
20100402,-3.329
20100403,-3.328
20100404,-3.277
20100405,-3.264
20100406,-3.25
20100407,-3.256
20100408,-3.3
20100409,-3.325
20100410,-3.335
20100411,-3.357
20100412,-3.36
20100413,-3.377
20100414,-3.386
20100415,-3.409
20100416,-3.421
20100417,-3.42
20100418,-3.417
20100419,-3.442
20100420,-3.442
20100421,-3.459
20100422,-3.47
20100423,-3.472
20100424,-3.485
20100425,-3.484
20100426,-3.498
20100427,-3.502
20100428,-3.5
20100429,-3.485
20100430,-3.488
20100501,-3.48
20100502,-3.484
20100503,-3.448
20100504,-3.418
20100505,-3.393
20100506,-3.39
20100507,-3.391
20100508,-3.4
20100509,-3.393
20100510,-3.393
20100511,-3.408
20100512,-3.391
20100513,-3.336
20100514,-3.317
20100515,-3.32
20100516,-3.341
20100517,-3.365
20100518,-3.391
20100519,-3.412
20100520,-3.427
20100521,-3.44
20100522,-3.45
20100523,-3.456
20100524,-3.463
20100525,-3.477
20100526,-3.482
20100527,-3.494
20100528,-3.512
20100529,-3.514
20100530,-3.505
20100531,-3.536
20100601,-3.535
20100602,-3.554
20100603,-3.554
20100604,-3.559
20100605,-3.561
20100606,-3.552
20100607,-3.333
20100608,-3.285
20100609,-3.279
20100610,-3.27
20100611,-3.254
20100612,-3.279
20100613,-3.282
20100614,-3.486
20100615,-3.371
20100616,-3.566
20100617,-3.537
20100618,-3.534
20100619,-3.533
20100620,-3.556
20100621,-3.572
20100714,-3.57
20100719,-3.514
20100810,-3.516
20100811,-3.509
20100812,-3.488
20100813,-3.489
20100814,-3.492
20100815,-3.502
20100816,-3.489
20100817,-3.485
20100818,-3.468
20100819,-3.484
20100820,-3.491
20100821,-3.496
20100822,-3.492
20100823,-3.445
20100824,-3.472
20100825,-3.133
20100826,-3.461
20100827,-3.399
20100828,-3.432
20100829,-3.345
20100830,-3.269
20100831,-3.233
20100901,-3.224
20100902,-3.239
20100903,-3.203
20100904,-3.293
20100905,-3.32
20100906,-3.324
20100907,-3.344
20100908,-3.356
20100909,-3.393
20100910,-3.4
20100911,-3.391
20100912,-3.416
20100913,-3.426
20100914,-3.335
20100915,-3.279
20100916,-3.24
20100917,-3.229
20100918,-3.229
20100919,-3.219
20100920,-3.212
20100921,-3.233
20100922,-3.22
20100923,-3.164
20100924,-3.187
20100925,-2.952
20100926,-3.163
20100927,-3.189
20100928,-3.21
20100929,-3.225
20100930,-3.228
20101001,-3.24
20101002,-3.248
20101003,-3.227
20101004,-3.221
20101005,-3.271
20101006,-2.966
20101007,-3.305
20101008,-3.319
20101009,-3.324
20101010,-3.347
20101011,-3.363
20101012,-3.373
20101013,-3.387
20101014,-3.4
20101015,-3.399
20101016,-3.395
20101017,-3.387
20101018,-3.36
20101019,-3.333
20101020,-2.663
20101021,-3.228
20101022,-3.202
20101023,-3.167
20101024,-3.207
20101025,-3.231
20101026,-3.233
20101027,-3.207
20101028,-3.21
20101029,-3.201
20101030,-3.22
20101031,-3.243
20101101,-3.273
20101102,-3.272
20101103,-3.259
20101104,-3.253
20101105,-3.242
20101106,-3.201
20101107,-3.177
20101108,-3.152
20101109,-3.191
20101110,-3.238
20101111,-3.223
20101112,-3.207
20101113,-3.21
20101114,-3.205
20101115,-3.214
20101116,-3.214
20101117,-3.205
20101118,-3.211
20101119,-3.238
20101120,-3.247
20101121,-3.262
20101122,-3.198
20101123,-3.264
20101124,-3.252
20101125,-3.253
20101126,-3.271
20101127,-3.283
20101128,-3.309
20101129,-3.334
20101130,-3.343
20101201,-3.356
20101202,-3.377
20101203,-3.389
20101204,-3.391
20101205,-3.383
20101206,-3.382
20101207,-3.385
20101208,-3.391
20101209,-3.411
20101210,-3.386
20101211,-3.32
20101212,-3.282
20101213,-3.254
20101214,-3.278
20101215,-3.281
20101216,-3.217
20101217,-3.213
20101218,-3.242
20101219,-3.269
20101220,-3.303
20101221,-3.341
20101222,-3.357
20101223,-3.39
20101224,-3.41
20101225,-3.431
20101226,-3.429
20101227,-3.425
20101228,-3.44
20101229,-3.439
20101230,-3.454
20101231,-3.454
20110101,-3.285
20110102,-3.386
20110103,-3.38
20110104,-2.871
20110105,-3.336
20110106,-3.335
20110107,-3.334
20110108,-3.283
20110109,-3.291
20110110,-3.295
20110111,-3.261
20110112,-3.278
20110113,-3.252
20110114,-2.519
20110115,-3.194
20110116,-3.196
20110117,-3.203
20110118,-3.222
20110119,-3.236
20110120,-3.258
20110121,-3.269
20110122,-3.273
20110123,-3.272
20110124,-3.271
20110125,-3.197
20110126,-3.203
20110127,-2.52
20110128,-2.571
20110129,-3.254
20110130,-3.277
20110131,-3.295
20110201,-3.345
20110202,-3.361
20110203,-3.359
20110204,-3.324
20110205,-3.314
20110206,-3.326
20110207,-3.324
20110208,-3.369
20110209,-3.372
20110210,-3.37
20110211,-3.371
20110212,-3.36
20110213,-3.331
20110214,-3.321
20110215,-3.297
20110216,-3.298
20110217,-3.312
20110218,-3.339
20110219,-3.349
20110220,-3.365
20110221,-3.377
20110222,-3.402
20110223,-3.412
20110224,-3.427
20110225,-3.421
20110226,-3.369
20110227,-3.37
20110228,-3.357
20110301,-3.356
20110302,-3.352
20110303,-3.358
20110304,-2.253
20110305,-3.347
20110306,-3.385
20110307,-3.42
20110308,-3.383
20110309,-3.386
20110310,-3.387
20110311,-3.414
20110312,-3.397
20110313,-3.419
20110314,-3.446
20110315,-3.44
20110316,-2.405
20110317,-3.438
20110318,-3.475
20110319,-3.469
20110320,-3.472
20110321,-3.486
20110322,-3.503
20110323,-3.508
20110324,-3.503
20110325,-3.487
20110326,-3.477
20110327,-3.483
20110328,-3.512
20110329,-3.511
20110330,-3.509
20110331,-3.491
20110401,-2.375
20110402,-3.448
20110403,-3.47
20110404,-3.515
20110405,-2.289
20110406,-3.476
20110407,-3.522
20110408,-3.522
20110409,-3.539
20110410,-3.54
20110411,-3.533
20110412,-3.547
20110413,-3.543
20110414,-3.547
20110415,-3.552
20110416,-3.551
20110417,-3.561
20110418,-3.528
20110419,-3.549
20110420,-3.559
20110421,-3.562
20110422,-3.561
20110423,-3.576
20110618,-3.563
20110619,-3.561
20110620,-3.544
20110621,-3.536
20110622,-3.538
20110623,-3.534
20110624,-3.532
20110625,-3.514
20110626,-3.512
20110627,-3.511
20110628,-3.533
20110629,-3.547
20110630,-3.541
20110701,-3.544
20110702,-3.542
20110703,-3.555
20110704,-3.561
20110705,-3.562
20110706,-3.57
20110707,-3.58
20110714,-3.515
20110715,-3.51
20110716,-3.46
20110717,-3.434
20110718,-3.407
20110719,-3.123
20110720,-3.368
20110721,-3.443
20110722,-3.455
20110723,-3.464
20110724,-3.418
20110725,-3.377
20110726,-3.353
20110727,-3.356
20110728,-3.362
20110729,-3.376
20110730,-3.388
20110731,-3.406
20110801,-3.421
20110802,-3.438
20110803,-3.451
20110804,-3.457
20110805,-3.424
20110806,-3.387
20110807,-3.38
20110808,-3.371
20110809,-3.362
20110810,-3.37
20110811,-3.341
20110812,-3.305
20110813,-3.306
20110814,-3.064
20110815,-3.344
20110816,-3.357
20110817,-3.397
20110818,-3.405
20110819,-3.437
20110820,-3.425
20110821,-3.424
20110822,-3.459
20110823,-3.473
20110824,-3.489
20110825,-3.474
20110826,-3.442
20110827,-3.446
20110828,-3.442
20110829,-3.431
20110830,-3.385
20110831,-3.397
20110901,-3.385
20110902,-3.389
20110903,-3.408
20110904,-3.429
20110905,-3.434
20110906,-3.429
20110907,-3.421
20110908,-3.35
20110909,-3.299
20110910,-3.263
20110911,-3.27
20110912,-3.261
20110913,-3.283
20110914,-3.339
20110915,-3.361
20110916,-3.344
20110917,-3.347
20110918,-3.344
20110919,-3.37
20110920,-3.373
20110921,-3.382
20110922,-3.398
20110923,-3.413
20110924,-3.42
20110925,-3.439
20110926,-3.456
20110927,-3.476
20110928,-3.481
20110929,-3.481
20110930,-3.488
20111001,-3.498
20111002,-3.503
20111003,-2.44
20111004,-3.487
20111005,-3.511
20111006,-3.494
20111007,-3.439
20111008,-3.383
20111009,-3.329
20111010,-3.293
20111011,-3.272
20111012,-2.149
20111013,-3.255
20111014,-3.255
20111015,-3.281
20111016,-3.29
20111017,-3.289
20111018,-3.303
20111019,-3.282
20111020,-3.23
20111021,-3.278
20111022,-3.275
20111023,-3.279
20111024,-3.281
20111025,-3.308
20111026,-3.34
20111027,-3.35
20111028,-3.38
20111029,-3.376
20111030,-3.357
20111031,-3.349
20111101,-3.367
20111102,-3.375
20111103,-3.365
20111104,-3.383
20111105,-3.381
20111106,-3.421
20111107,-3.439
20111108,-3.413
20111109,-3.429
20111110,-3.455
20111111,-3.444
20111112,-3.47
20111113,-3.453
20111114,-3.45
20111115,-3.473
20111116,-3.459
20111117,-3.473
20111118,-3.455
20111119,-3.482
20111120,-3.484
20111121,-3.491
20111122,-3.486
20111123,-3.495
20111124,-3.491
20111125,-3.473
20111126,-3.482
20111127,-3.456
20111128,-3.483
20111129,-3.459
20111130,-3.486
20111201,-3.462
20111202,-3.411
20111203,-3.346
20111204,-3.3
20111205,-3.272
20111206,-3.238
20111207,-3.202
20111208,-3.191
20111209,-3.185
20111210,-3.179
20111211,-3.18
20111212,-3.205
20111213,-3.164
20111214,-3.18
20111215,-3.163
20111216,-3.151
20111217,-3.184
20111218,-3.165
20111219,-3.17
20111220,-3.158
20111221,-3.159
20111222,-3.193
20111223,-3.174
20111224,-3.058
20111225,-3.156
20111226,-3.178
20111227,-3.199
20111228,-3.18
20111229,-3.195
20111230,-3.217
20111231,-3.179
20120101,-3.176
20120102,-3.144
20120103,-3.069
20120104,-3.113
20120105,-3.047
20120106,-3.102
20120107,-3.1
20120108,-3.111
20120109,-3.123
20120110,-3.155
20120111,-3.17
20120112,-3.157
20120113,-3.224
20120114,-3.228
20120115,-3.241
20120116,-3.254
20120117,-3.286
20120118,-3.263
20120119,-3.241
20120120,-3.254
20120121,-3.212
20120122,-3.192
20120123,-3.205
20120124,-3.209
20120125,-3.215
20120126,-3.195
20120127,-3.218
20120128,-3.249
20120129,-3.261
20120130,-3.256
20120131,-3.286
20120201,-3.338
20120202,-3.342
20120203,-3.356
20120204,-3.368
20120205,-3.366
20120206,-3.389
20120207,-3.402
20120208,-3.398
20120209,-3.388
20120210,-3.393
20120211,-3.39
20120212,-3.367
20120213,-3.359
20120214,-3.36
20120215,-3.354
20120216,-3.343
20120217,-3.314
20120218,-3.257
20120219,-3.286
20120220,-3.103
20120221,-2.204
20120222,-3.179
20120223,-3.225
20120224,-3.22
20120225,-3.244
20120226,-3.276
20120227,-3.268
20120228,-3.26
20120229,-3.293
20120301,-3.309
20120302,-3.31
20120303,-3.313
20120304,-3.318
20120305,-3.325
20120306,-3.338
20120307,-3.309
20120308,-3.307
20120309,-3.284
20120310,-3.296
20120311,-3.309
20120312,-3.321
20120313,-3.338
20120314,-3.377
20120315,-3.345
20120316,-3.344
20120317,-3.357
20120318,-3.374
20120319,-3.401
20120320,-3.418
20120321,-3.432
20120322,-3.381
20120323,-3.43
20120324,-3.444
20120325,-3.454
20120326,-3.243
20120327,-2.289
20120328,-3.409
20120329,-3.434
20120330,-3.436
20120331,-3.47
20120401,-3.459
20120402,-3.47
20120403,-3.467
20120404,-3.493
20120405,-3.504
20120406,-3.476
20120407,-3.504
20120408,-3.483
20120409,-3.461
20120410,-3.458
20120411,-3.452
20120412,-3.457
20120413,-3.459
20120414,-3.463
20120415,-3.502
20120416,-3.493
20120417,-3.451
20120418,-3.445
20120419,-3.458
20120420,-3.207
20120421,-3.478
20120422,-3.488
20120423,-3.268
20120424,-3.428
20120425,-3.395
20120426,-3.391
20120427,-2.525
20120428,-3.42
20120429,-3.381
20120430,-3.414
20120501,-3.413
20120502,-3.406
20120503,-3.42
20120504,-3.428
20120505,-3.456
20120506,-3.458
20120507,-3.481
20120508,-3.45
20120509,-3.452
20120510,-3.37
20120511,-3.421
20120512,-3.424
20120513,-3.424
20120514,-3.407
20120515,-3.411
20120516,-3.433
20120517,-3.418
20120518,-3.396
20120519,-3.432
20120520,-3.43
20120521,-3.453
20120522,-3.471
20120523,-3.453
20120524,-3.5
20120525,-3.522
20120526,-3.523
20120527,-3.529
20120528,-3.536
20120529,-3.236
20120530,-3.546
20120531,-3.535
20120601,-3.542
20120602,-3.523
20120603,-3.524
20120604,-3.523
20120605,-3.535
20120606,-3.496
20120607,-3.495
20120608,-3.488
20120609,-3.509
20120610,-3.506
20120611,-3.492
20120612,-3.479
20120613,-3.473
20120614,-3.479
20120615,-3.464
20120616,-3.485
20120617,-3.487
20120618,-3.492
20120619,-3.483
20120620,-3.495
20120621,-3.483
20120622,-3.487
20120623,-3.465
20120624,-3.4
20120625,-3.388
20120626,-3.377
20120627,-3.359
20120628,-3.354
20120629,-3.391
20120630,-3.414
20120701,-3.441
20120702,-3.453
20120703,-3.484
20120704,-3.476
20120705,-3.491
20120706,-3.46
20120707,-3.471
20120708,-3.459
20120709,-3.45
20120710,-3.433
20120711,-3.39
20120712,-3.316
20120713,-3.265
20120714,-3.259
20120715,-3.264
20120716,-3.28
20120717,-3.262
20120718,-3.197
20120719,-3.171
20120720,-3.18
20120721,-3.21
20120722,-3.252
20120723,-3.274
20120724,-3.019
20120725,-3.271
20120726,-3.351
20120727,-3.204
20120728,-3.384
20120729,-3.402
20120730,-3.381
20120731,-3.366
20120801,-3.319
20120802,-3.301
20120803,-3.294
20120804,-3.298
20120805,-3.302
20120806,-3.243
20120807,-3.245
20120808,-3.242
20120809,-3.258
20120810,-3.278
20120811,-3.284
20120812,-3.297
20120813,-3.332
20120814,-3.351
20120815,-3.364
20120816,-3.418
20120817,-3.411
20120818,-3.411
20120819,-3.424
20120820,-3.462
20120821,-3.446
20120822,-3.454
20120823,-3.462
20120824,-3.46
20120825,-3.456
20120826,-3.437
20120827,-3.394
20120828,-3.361
20120829,-3.335
20120830,-3.352
20120831,-3.348
20120901,-3.277
20120902,-3.252
20120903,-3.275
20120904,-3.043
20120905,-3.332
20120906,-3.347
20120907,-3.339
20120908,-3.373
20120909,-3.368
20120910,-3.387
20120911,-3.403
20120912,-3.423
20120913,-3.448
20120914,-3.43
20120915,-3.453
20120916,-3.453
20120917,-3.479
20120918,-3.468
20120919,-3.491
20120920,-3.474
20120921,-3.461
20120922,-3.463
20120923,-3.426
20120924,-3.383
20120925,-3.34
20120926,-3.319
20120927,-3.322
20120928,-3.331
20120929,-3.339
20120930,-3.346
20121001,-3.189
20121002,-3.368
20121003,-3.332
20121004,-3.286
20121207,-3.14
20121208,-3.192
20121209,-3.135
20121210,-3.16
20121211,-3.155
20121212,-3.09
20121213,-3.081
20121214,-3.075
20121215,-3.081
20121216,-3.118
20121217,-3.116
20121218,-3.114
20121219,-3.136
20121220,-3.106
20121221,-3.144
20121222,-3.11
20121223,-3.073
20121224,-3.044
20121225,-3.028
20121226,-3.06
20121227,-3.031
20121228,-3.064
20121229,-3.055
20121230,-3.098
20121231,-3.088
20130101,-3.113
20130102,-3.133
20130103,-3.131
20130104,-3.15
20130105,-3.164
20130106,-3.163
20130107,-3.162
20130108,-3.185
20130209,-3.177
20130210,-3.172
20130211,-3.222
20130411,-3.3116250000000003
20130412,-2.9204166666666675
20130413,-2.330791666666667
20130414,-2.2382916666666666
20130415,-2.2091250000000002
20130416,-2.1937083333333334
20130417,-2.270208333333333
20130418,-2.2662916666666666
20130419,-2.2960416666666665
20130420,-2.308375
20130421,-2.2895833333333333
20130422,-2.288958333333333
20130423,-2.285625
20130424,-2.2549583333333336
20130425,-2.246375
20130426,-2.2364166666666665
20130427,-2.2419999999999995
20130428,-2.2414166666666655
20130429,-2.24175
20130430,-2.264625
20130501,-2.301625
20130502,-2.362708333333333
20130503,-2.36275
20130504,-2.368875
20130505,-2.384875
20130506,-2.3877916666666668
20130507,-2.592541666666667
20130508,-2.724083333333333
20130509,-2.735541666666666
20130510,-2.7397499999999995
20130511,-2.7384166666666663
20130512,-2.7371249999999994
20130513,-2.7207916666666665
20130514,-2.700791666666667
20130515,-2.684249999999999
20130516,-2.6777083333333334
20130517,-2.683166666666667
20130518,-2.6849166666666666
20130519,-2.687625
20130520,-2.6817499999999996
20130521,-2.962708333333333
20130522,-3.2623333333333338
20130523,-3.275625
20130524,-3.304583333333333
20130525,-3.320583333333333
20130526,-3.317916666666667
20130527,-3.3178333333333327
20130528,-3.3710555555555555
20130629,-3.631
20130728,-3.632
20130906,-3.633
20130926,-3.634
20131216,-2.525357142857143
20131217,-2.195833333333333
20131218,-2.0798333333333336
20131219,-2.035458333333333
20131220,-2.0495416666666673
20131221,-2.0308750000000004
20131222,-1.9813333333333336
20131223,-1.95125
20131224,-1.9031666666666671
20131225,-1.8938333333333335
20131226,-1.9126250000000002
20131227,-1.903833333333333
20131228,-1.920208333333333
20131229,-1.9604166666666663
20131230,-2.0318333333333336
20131231,-2.121875
20140101,-2.12925
20140102,-2.135166666666666
20140103,-2.1493333333333333
20140104,-2.15025
20140105,-2.1585833333333335
20140106,-2.1476666666666664
20140107,-2.111875
20140108,-2.2927500000000003
20140109,-2.413458333333333
20140110,-2.4007499999999995
20140111,-2.422916666666666
20140112,-2.441041666666667
20140113,-2.43575
20140114,-2.4622499999999996
20140115,-2.5330416666666666
20140116,-2.486
20140117,-2.479041666666667
20140118,-2.477041666666666
20140119,-2.5097916666666675
20140120,-2.721083333333333
20140121,-2.9058333333333333
20140122,-2.915125
20140123,-2.9307499999999997
20140124,-2.9479583333333337
20140125,-2.9613333333333336
20140126,-2.92375
20140127,-2.9632083333333337
20140128,-3.1382916666666674
20140129,-3.1854999999999993
20140130,-3.2461666666666673
20140131,-3.2515416666666668
20140201,-3.244083333333334
20140202,-3.2615416666666674
20140203,-3.2729999999999997
20140204,-3.2689583333333325
20140205,-3.1426666666666674
20140206,-3.231291666666667
20140207,-3.2114999999999996
20140208,-3.2058333333333326
20140209,-3.19375
20140210,-3.2133750000000005
20140211,-3.130041666666667
20140212,-3.3439999999999994
20140213,-3.4508333333333336
20140214,-3.477541666666666
20140215,-3.457041666666667
20140216,-3.4951666666666674
20140217,-3.5390416666666678
20140218,-3.5314583333333336
20140219,-3.5355416666666675
20140220,-3.515791666666667
20140221,-3.5224117647058826
20140318,-3.565
20140901,-2.5308235294117654
20140902,-2.235416666666667
20140903,-2.180499999999999
20140904,-2.172875
20140905,-2.170708333333333
20140906,-2.1807499999999997
20140907,-2.1960833333333336
20140908,-2.2523333333333335
20140909,-2.3557083333333337
20140910,-2.3773750000000002
20140911,-2.3948750000000003
20140912,-2.419166666666666
20140913,-2.4418333333333337
20140914,-2.4525
20140915,-2.461583333333334
20140916,-2.4145000000000003
20140917,-2.424958333333333
20140918,-2.411208333333333
20140919,-2.4219166666666667
20140920,-2.433083333333333
20140921,-2.440166666666667
20140922,-2.4443333333333337
20140923,-2.44225
20140924,-2.422916666666666
20140925,-2.4017083333333336
20140926,-2.409583333333333
20140927,-2.4146249999999996
20140928,-2.4074166666666668
20140929,-2.40475
20140930,-2.4034583333333335
20141001,-2.4126666666666665
20141002,-2.4184166666666664
20141003,-2.4077083333333333
20141004,-2.396125
20141005,-2.4116249999999995
20141006,-2.3996250000000003
20141007,-2.362333333333334
20141008,-2.337416666666667
20141009,-2.3238333333333334
20141010,-2.3355416666666664
20141011,-2.338583333333334
20141012,-2.3309166666666665
20141013,-2.3115
20141014,-2.304375
20141015,-2.3002083333333334
20141016,-2.296958333333333
20141017,-2.2988750000000002
20141018,-2.3016249999999996
20141019,-2.2968333333333333
20141020,-2.3010833333333336
20141021,-2.4528749999999997
20141022,-2.552
20141023,-2.548625
20141024,-2.542041666666666
20141025,-2.537666666666666
20141026,-2.543958333333333
20141027,-2.553
20141028,-2.5519583333333333
20141029,-2.5660000000000007
20141030,-2.5766666666666675
20141031,-2.576166666666667
20141101,-2.5767083333333334
20141102,-2.570875
20141103,-2.6747083333333332
20141104,-2.900416666666666
20141105,-2.9187499999999993
20141106,-2.934916666666666
20141107,-2.9259583333333326
20141108,-2.945874999999999
20141109,-2.9586249999999996
20141110,-2.9633749999999996
20141111,-2.9659999999999997
20141112,-2.9661250000000012
20141113,-2.9862916666666663
20141114,-2.985666666666667
20141115,-2.979625
20141116,-2.9575416666666676
20141117,-3.1025416666666668
20141118,-2.943333333333334
20141119,-3.2273750000000003
20141120,-3.004875
20141121,-3.246625
20141122,-3.2655
20141123,-3.2810833333333327
20141124,-3.2902500000000003
20141125,-3.2888333333333333
20141126,-3.3661666666666665
20141127,-3.5457083333333324
20141128,-3.5731739130434788
20150512,-3.113
20150612,-3.569
20150827,-3.581
20150831,-3.0766666666666667
20150903,-3.0712
20150904,-3.069142857142857
20150905,-3.0756666666666668
20150906,-3.0574285714285714
20150907,-3.028
20150908,-3.030375
20150909,-3.04575
20150910,-3.0323750000000005
20150911,-3.0534285714285714
20150912,-3.0653333333333337
20150913,-3.0612000000000004
20150914,-3.0484999999999998
20150916,-3.045666666666667
20150921,-3.05675
20150922,-3.0422000000000002
20151002,-3.06175
20151003,-3.067833333333333
20151004,-2.867
20151005,-3.0735
20151006,-3.06575
20151021,-3.0662857142857147
20151022,-3.077
20151024,-3.0738
20151026,-3.0814
20151028,-3.0703333333333327
20151102,-3.0829999999999997
20151103,-3.0844
20151104,-2.859
20151105,-3.086
20151106,-3.087
20151107,-3.08
20151108,-3.008333333333333
20151109,-3.061
20151112,-3.066
20151113,-3.0573333333333337
20151114,-3.0235000000000003
20151115,-3.0075
20151116,-3.0749999999999997
20151117,-3.029
20151118,-2.98625
20151119,-3.0349999999999997
20151120,-2.9805
20151121,-3.028166666666667
20151122,-3.0743333333333336
20151123,-3.058
20151124,-2.9746250000000005
20151125,-3.018
20151126,-3.064
20151127,-2.985625
20151128,-3.0048333333333335
20151129,-3.0201428571428575
20151130,-3.01275
20151201,-3.00275
20151202,-3.037125
20151203,-3.01475
20151204,-3.0149999999999997
20151205,-3.00725
20151206,-3.0730000000000004
20151208,-3.07725
20151210,-3.0598750000000003
20151211,-3.064
20151212,-2.9983333333333335
20151213,-3.04
20151214,-3.0460000000000003
20151215,-3.069
20151216,-3.071625
20151217,-3.0653750000000004
20151218,-3.0685000000000002
20151219,-3.058375
20151220,-3.0747500000000003
20151221,-3.0660000000000003
20151222,-3.0724
20151223,-3.0562500000000004
20151224,-2.9945000000000004
20151225,-3.0608750000000002
20151226,-3.0404999999999998
20151227,-3.072
20151228,-3.059125
20151229,-3.12625
20151230,-3.072875
20151231,-3.12775
20160101,-3.145
20160102,-3.0763749999999996
20160103,-3.05425
20160104,-3.09075
20160105,-3.1405000000000003
20160106,-3.164125
20160107,-3.064
20160108,-3.1724999999999994
20160109,-3.059125
20160110,-3.023875
20160111,-3.02625
20160112,-3.11175
20160113,-3.170625
20160114,-2.9884999999999997
20160115,-3.11775
20160116,-3.060875
20160117,-3.069
20160118,-2.9966250000000003
20160119,-2.989
20160120,-3.089875
20160121,-3.1246250000000004
20160122,-3.05975
20160123,-3.146125
20160124,-3.06025
20160125,-3.041125
20160126,-3.0291249999999996
20160127,-3.01775
20160128,-3.1149999999999998
20160129,-2.9931250000000005
20160130,-2.9895
20160131,-3.0078750000000003
20160201,-3.0247499999999996
20160202,-2.993625
20160203,-3.071875
20160204,-3.083875
20160205,-3.0444999999999998
20160206,-2.98575
20160207,-3.0225
20160208,-2.9915
20160209,-3.0435000000000003
20160210,-3.0917499999999998
20160211,-3.0832499999999996
20160212,-3.012625
20160213,-2.9905000000000004
20160214,-3.0868749999999996
20160215,-3.207375
20160216,-3.141125
20160217,-2.9924999999999997
20160218,-3.0714999999999995
20160219,-3.1043749999999997
20160220,-3.031125
20160221,-3.06275
20160222,-3.0706249999999997
20160223,-3.087625
20160224,-3.0312857142857146
20160225,-2.9895714285714283
20160226,-3.03925
20160227,-3.119875
20160228,-3.166625
20160229,-3.1507500000000004
20160301,-3.0247499999999996
20160302,-3.056
20160303,-3.1231250000000004
20160304,-2.994375
20160305,-3.037625
20160306,-3.0227500000000003
20160307,-3.001375
20160308,-3.0638749999999995
20160309,-3.048875
20160310,-3.176
20160311,-3.140625
20160312,-3.1528750000000003
20160313,-3.1614999999999998
20160314,-3.120125
20160315,-3.12425
20160316,-3.153375
20160317,-3.1170000000000004
20160318,-3.11275
20160319,-3.1416250000000003
20160320,-3.119
20160321,-3.1247499999999997
20160322,-3.1205
20160323,-3.1362499999999995
20160324,-3.1212500000000003
20160325,-3.1517500000000003
20160326,-3.08525
20160327,-3.120625
20160328,-3.069375
20160329,-3.19
20160330,-3.156
20160331,-3.168625
20160401,-3.154375
20160402,-3.1025
20160403,-3.1032499999999996
20160404,-3.1233750000000002
20160405,-3.1354999999999995
20160406,-3.106125
20160407,-3.15775
20160408,-3.1442500000000004
20160409,-3.115875
20160410,-3.166875
20160411,-3.122
20160412,-3.1205
20160413,-3.137625
20160414,-3.1366249999999996
20160415,-3.0802500000000004
20160416,-3.148625
20160417,-3.199875
20160418,-3.1508749999999996
20160419,-3.1833750000000003
20160420,-3.147375
20160421,-3.1026249999999997
20160422,-3.1131249999999997
20160423,-3.114125
20160424,-3.1265
20160425,-3.0685
20160426,-3.114
20160427,-3.1965
20160428,-3.1595
20160429,-3.1222499999999997
20160430,-3.1908749999999997
20160501,-3.1603749999999997
20160502,-3.0867500000000003
20160503,-3.1742500000000002
20160504,-3.144375
20160505,-3.10075
20160506,-3.084375
20160507,-3.1315
20160508,-3.14725
20160509,-3.134875
20160510,-3.109
20160511,-3.1180000000000003
20160512,-3.127125
20160513,-3.17175
20160514,-3.16575
20160515,-3.1575
20160516,-3.13325
20160517,-3.10975
20160518,-3.091625
20160519,-3.170375
20160520,-3.1457500000000005
20160521,-3.1046250000000004
20160522,-3.1228749999999996
20160523,-3.178375
20160524,-3.140375
20160525,-3.1333750000000005
20160526,-3.145875
20160527,-3.135875
20160528,-3.1167500000000006
20160529,-3.1258750000000006
20160530,-3.12125
20160531,-3.176875
20160601,-3.14725
20160602,-3.13825
20160603,-3.1371249999999997
20160604,-3.152375
20160605,-3.166875
20160606,-3.1487499999999997
20160607,-3.1418749999999998
20160608,-3.13625
20160609,-3.1208750000000003
20160610,-3.1115
20160611,-3.126
20160612,-3.108
20160613,-3.098375
20160614,-3.1265
20160615,-3.147625
20160616,-3.148625
20160617,-3.169375
20160618,-3.1766249999999996
20160619,-3.1635
20160620,-3.077
20160621,-3.166625
20160622,-3.1475000000000004
20160623,-3.1058750000000006
20160624,-3.1415
20160625,-3.118
20160626,-3.13875
20160627,-3.140625
20160628,-3.098875
20160629,-3.121375
20160630,-3.134428571428572
20160701,-3.0105
20160702,-3.0976250000000003
20160703,-3.0962500000000004
20160704,-3.08375
20160705,-3.092375
20160706,-3.168375
20160707,-3.118375
20160708,-3.1153750000000002
20160709,-3.1395
20160710,-3.0909999999999997
20160711,-3.135625
20160712,-3.1533749999999996
20160713,-3.1590000000000003
20160714,-3.16425
20160715,-3.15025
20160716,-3.124625
20160717,-3.13075
20160718,-3.1420000000000003
20160719,-3.124
20160720,-3.1382
20160721,-3.141125
20160722,-3.142125
20160723,-3.14225
20160724,-3.140625
20160725,-3.1388749999999996
20160726,-3.139249999999999
20160727,-3.1372500000000003
20160728,-3.1390000000000002
20160729,-3.135375
20160730,-3.1449999999999996
20160731,-3.1434999999999995
20160801,-3.142125
20160802,-3.1415000000000006
20160803,-3.1367499999999997
20160804,-3.1359999999999997
20160805,-3.1390000000000002
20160806,-3.1388749999999996
20160807,-3.135125
20160808,-3.136625
20160809,-3.137875
20160810,-3.138625
20160811,-3.1362500000000004
20160812,-3.137375
20160813,-3.1357500000000003
20160814,-3.137875
20160815,-3.1408750000000003
20160816,-3.1422499999999998
20160817,-3.1420000000000003
20160818,-3.1433750000000003
20160819,-3.1384999999999996
20160820,-3.134125
20160821,-3.1343750000000004
20160822,-3.13625
20160823,-3.139875
20160824,-3.138625
20160825,-3.13875
20160826,-3.1399999999999997
20160827,-3.140875
20160828,-3.1378749999999997
20160829,-3.140625
20160830,-3.139124999999999
20160831,-3.1384999999999996
20160901,-3.137875
20160902,-3.13525
20160903,-3.13625
20160904,-3.134875
20160905,-3.1380000000000003
20160906,-3.1377499999999996
20160907,-3.1398749999999995
20160908,-3.139125
20160909,-3.1384999999999996
20160910,-3.1377500000000005
20160911,-3.139125
20160912,-3.1387499999999995
20160913,-3.1401250000000003
20160914,-3.1396250000000006
20160915,-3.144375
20160916,-3.144625
20160917,-3.1491249999999997
20160918,-3.1515000000000004
20160919,-3.14925
20160920,-3.149
20160921,-3.14725
20160922,-3.14525
20160923,-3.1475000000000004
20160924,-3.1443749999999997
20160925,-3.14475
20160926,-3.147375
20160927,-3.14525
20160928,-3.1453749999999996
20160929,-3.1418749999999998
20160930,-3.145375
20161001,-3.1453750000000005
20161002,-3.14375
20161003,-3.1502499999999998
20161004,-3.1488750000000003
20161005,-3.150125
20161006,-3.14925
20161007,-3.1475
20161008,-3.1479999999999997
20161009,-3.147375
20161010,-3.1460000000000004
20161011,-3.1482500000000004
20161012,-3.1468749999999996
20161013,-3.146625
20161014,-3.1468749999999996
20161015,-3.1431250000000004
20161016,-3.14175
20161017,-3.142625
20161018,-3.1449999999999996
20161019,-3.153
20161020,-3.1548749999999997
20161021,-3.1546250000000002
20161022,-3.152875
20161023,-3.150875
20161024,-3.1517500000000003
20161025,-3.149375
20161026,-3.1468749999999996
20161027,-3.146875
20161028,-3.147
20161029,-3.146375
20161030,-3.1454999999999997
20161031,-3.146375
20161101,-3.1472499999999997
20161102,-3.1451249999999997
20161103,-3.1442500000000004
20161104,-3.14125
20161105,-3.1435
20161106,-3.14425
20161107,-3.1491249999999997
20161108,-3.1449999999999996
20161109,-3.144375
20161110,-3.1470000000000002
20161111,-3.1471249999999995
20161112,-3.14375
20161113,-3.1442499999999995
20161114,-3.1401250000000003
20161115,-3.144
20161116,-3.1442500000000004
20161117,-3.1405
20161118,-3.139125
20161119,-3.141125
20161120,-3.137
20161121,-3.141625
20161122,-3.140375
20161123,-3.1473750000000003
20161124,-3.1495
20161125,-3.1479999999999997
20161126,-3.145375
20161127,-3.14675
20161128,-3.1462499999999998
20161129,-3.1438750000000004
20161130,-3.1424999999999996
20161201,-3.1445
20161202,-3.147625
20161203,-3.1454999999999993
20161204,-3.145875
20161205,-3.144875
20161206,-3.1454999999999997
20161207,-3.146125
20161208,-2.93325
20161209,-3.14275
20161210,-3.1476249999999997
20161211,-3.15025
20161212,-2.412625
20161213,-2.463
20161214,-3.1266249999999998
20161215,-3.1403749999999997
20161216,-3.141125
20161217,-3.141
20161218,-3.141875
20161219,-3.143375
20161220,-3.1413749999999996
20161221,-3.136125
20161222,-3.1385
20161223,-3.137375
20161224,-3.1377499999999996
20161225,-3.1373750000000005
20161226,-3.1392499999999997
20161227,-3.1423750000000004
20161228,-3.1414999999999997
20161229,-3.1413749999999996
20161230,-3.13925
20161231,-3.138375
20170101,-3.1392499999999997
20170102,-3.144125
20170103,-3.142125
20170104,-3.144875
20170105,-3.144
20170106,-3.1408749999999994
20170107,-3.142125
20170108,-3.143625
20170109,-3.1401249999999994
20170110,-3.1417499999999996
20170111,-3.1376250000000003
20170112,-3.1156249999999996
20170113,-3.0856250000000003
20170114,-3.068625
20170115,-3.0208749999999998
20170116,-3.027375
20170117,-3.049375
20170118,-3.08175
20170119,-3.1285
20170120,-3.1485000000000003
20170121,-3.1405
20170122,-3.142
20170123,-3.1415
20170124,-3.0954999999999995
20170125,-3.144875
20170126,-3.144125
20170127,-3.1405000000000003
20170128,-3.138375
20170129,-3.1385
20170130,-3.1434999999999995
20170131,-2.9073749999999996
20170201,-3.1317499999999994
20170202,-3.0351250000000003
20170203,-3.0965000000000003
20170204,-3.101625
20170205,-3.0958750000000004
20170206,-3.10825
20170207,-3.108875
20170208,-3.1293750000000005
20170209,-3.0685
20170210,-3.14175
20170211,-3.146875
20170212,-3.1414999999999997
20170213,-3.141125
20170214,-3.1401250000000003
20170215,-3.1396249999999997
20170216,-3.138125
20170217,-3.14175
20170218,-3.1420000000000003
20170219,-3.138375
20170220,-3.1354999999999995
20170221,-3.1394999999999995
20170222,-3.138375
20170223,-3.0980000000000003
20170224,-3.07275
20170225,-3.0431249999999994
20170226,-3.0086250000000003
20170227,-2.9786249999999996
20170228,-2.95825
20170301,-2.957625
20170302,-2.96275
20170303,-2.9608749999999997
20170304,-2.951875
20170305,-2.9527499999999995
20170306,-2.96875
20170307,-3.0017499999999995
20170308,-3.010125
20170309,-2.9957499999999997
20170310,-3.0412500000000002
20170311,-3.040125
20170312,-3.048375
20170313,-3.079875
20170314,-3.0986249999999997
20170315,-3.1279999999999997
20170316,-3.1277499999999994
20170317,-3.12675
20170318,-3.0949999999999998
20170319,-3.06925
20170320,-3.042375
20170321,-3.029875
20170322,-3.0509999999999997
20170323,-3.07275
20170324,-3.0952499999999996
20170325,-3.1125
20170326,-3.124
20170327,-3.1396250000000006
20170328,-3.139875
20170329,-3.13775
20170330,-3.137625
20170331,-3.140125
20170401,-3.1401250000000003
20170402,-3.141
20170403,-3.1428749999999996
20170404,-3.142375
20170405,-3.142125
20170406,-3.142
20170407,-3.1335
20170408,-3.141125
20170409,-3.1396249999999997
20170410,-3.140125
20170411,-3.139125
20170412,-3.1385
20170413,-3.1390000000000002
20170414,-3.1064999999999996
20170415,-3.139875
20170416,-3.1412500000000003
20170417,-3.142125
20170418,-3.142875
20170419,-3.1421249999999996
20170420,-3.1371249999999993
20170421,-3.1412500000000003
20170422,-3.1428749999999996
20170423,-3.139125
20170424,-3.13875
20170425,-3.1382499999999998
20170426,-3.1363749999999997
20170427,-3.109375
20170428,-3.1411249999999997
20170429,-3.1415
20170430,-3.14025
20170501,-3.1401250000000003
20170502,-3.14375
20170503,-3.144125
20170504,-3.1446250000000004
20170505,-3.143375
20170506,-3.1431250000000004
20170507,-3.144875
20170508,-3.1443749999999997
20170509,-3.143
20170510,-3.1411249999999997
20170511,-3.1411249999999997
20170512,-3.1376249999999994
20170513,-3.139875
20170514,-3.139375
20170515,-3.1381249999999996
20170516,-3.139125
20170517,-3.1407499999999997
20170518,-3.1418749999999998
20170519,-3.139
20170520,-3.138
20170521,-3.1412500000000003
20170522,-3.141625
20170523,-3.141875
20170524,-3.14275
20170525,-3.143625
20170526,-3.143375
20170527,-3.1392499999999997
20170528,-3.1423749999999995
20170529,-3.145125
20170530,-3.139875
20170531,-3.1423749999999995
20170601,-3.1422499999999998
20170602,-3.1414999999999997
20170603,-3.1403749999999997
20170604,-3.1403749999999997
20170605,-3.1384999999999996
20170606,-3.1311250000000004
20170607,-3.1346249999999998
20170608,-3.1370000000000005
20170609,-3.139875
20170610,-3.1377499999999996
20170611,-3.139125
20170612,-3.13875
20170613,-3.1422499999999998
20170614,-3.1425
20170615,-3.141
20170616,-3.141875
20170617,-3.142124999999999
20170618,-3.1422499999999998
20170619,-3.1436249999999997
20170620,-3.14475
20170621,-3.1428749999999996
20170622,-3.140625
20170623,-3.1265
20170624,-3.139125
20170625,-3.140625
20170626,-3.135875
20170627,-3.14275
20170628,-3.119625
20170629,-3.126125
20170630,-3.1405000000000003
20170701,-3.1445
20170702,-3.130625
20170703,-3.0260000000000002
20170704,-3.026125000000001
20170705,-3.1133749999999996
20170706,-3.146875
20170707,-3.147125
20170708,-3.1466250000000007
20170709,-3.0965
20170710,-3.1103749999999994
20170711,-3.0985000000000005
20170712,-3.14725
20170713,-3.115875
20170714,-3.1451249999999997
20170715,-3.10075
20170716,-3.113625
20170717,-3.148625
20170718,-3.151875
20170719,-3.1486249999999996
20170720,-3.1495
20170721,-3.117125
20170722,-3.13175
20170723,-3.1473750000000003
20170724,-3.150125
20170725,-3.1439999999999997
20170726,-3.15125
20170727,-3.06875
20170728,-3.1148749999999996
20170729,-3.1165
20170730,-3.1485
20170731,-3.14675
20170801,-3.147625
20170802,-3.10825
20170803,-3.111625
20170804,-3.148375
20170805,-3.1512499999999997
20170806,-3.1485
20170807,-3.1482499999999995
20170808,-3.1282500000000004
20170809,-3.1254999999999997
20170810,-3.1515
20170811,-3.1483749999999997
20170812,-3.1477500000000003
20170813,-3.1494999999999997
20170814,-3.1488750000000003
20170815,-3.1486250000000005
20170816,-3.1485
20170817,-3.14525
20170818,-3.1455
20170819,-3.143875
20170820,-3.146
20170821,-3.1501249999999996
20170822,-3.1493749999999996
20170823,-3.146375
20170824,-3.1459999999999995
20170825,-3.14525
20170826,-3.1235
20170827,-3.152125
20170828,-3.1491249999999997
20170829,-3.1498749999999998
20170830,-3.139875
20170831,-3.1492500000000003
20170901,-3.1391249999999995
20170902,-3.15
20170903,-3.14925
20170904,-3.148125
20170905,-3.148125
20170906,-3.148
20170907,-3.146875
20170908,-3.075875
20170909,-2.9962500000000003
20170910,-3.0461249999999995
20170911,-3.044875
20170912,-3.03925
20170913,-2.85925
20170914,-2.64375
20170915,-2.7252500000000004
20170916,-2.881375
20170917,-2.91625
20170918,-2.911375
20170919,-2.9155
20170920,-2.82625
20170921,-2.8236250000000003
20170922,-2.87075
20170923,-2.875375
20170924,-2.9071249999999997
20170925,-2.890625
20170926,-2.816
20170927,-2.78025
20170928,-2.84125
20170929,-2.954125
20170930,-2.9413749999999994
20171001,-2.901
20171002,-2.7739999999999996
20171003,-2.761375
20171004,-2.8316250000000003
20171005,-2.88925
20171006,-2.85
20171007,-2.828875
20171008,-2.70875
20171009,-2.699625
20171010,-2.7421249999999993
20171011,-2.7235000000000005
20171012,-2.71125
20171013,-2.7865000000000006
20171014,-2.819875
20171015,-2.80775
20171016,-2.754
20171017,-2.8158749999999997
20171018,-2.940714285714286
20171019,-3.005625
20171020,-2.974875
20171021,-2.868375
20171022,-2.877875
20171023,-2.88175
20171024,-2.8306250000000004
20171025,-2.843125
20171026,-2.84575
20171027,-2.80075
20171028,-2.844375
20171029,-2.891
20171030,-2.8994999999999997
20171031,-2.9345
20171101,-2.9278750000000002
20171102,-2.879375
20171103,-2.9452499999999997
20171104,-2.972875
20171105,-2.9393749999999996
20171106,-2.9747500000000002
20171107,-2.9539999999999997
20171108,-2.8705000000000003
20171109,-2.9386249999999996
20171110,-2.9684999999999997
20171111,-2.901
20171112,-2.9056249999999997
20171113,-2.870375
20171114,-2.7657499999999997
20171115,-2.827625
20171116,-2.8520000000000003
20171117,-2.8042499999999997
20171118,-2.8185000000000002
20171119,-2.8085
20171120,-2.727625
20171121,-2.763625
20171122,-2.74825
20171123,-2.584875
20171124,-2.7765
20171125,-2.7888749999999995
20171126,-2.7433749999999995
20171127,-2.757875
20171128,-2.7746250000000003
20171129,-2.7386250000000003
20171130,-2.77375
20171201,-2.8125
20171202,-2.760875
20171203,-2.8165
20171204,-2.8581250000000002
20171205,-2.8157500000000004
20171206,-2.853
20171207,-2.81875
20171208,-2.7381249999999997
20171209,-2.7581249999999997
20171210,-2.779125
20171211,-2.7605000000000004
20171212,-2.8143749999999996
20171213,-2.642375
20171214,-2.686875
20171215,-2.7455000000000003
20171216,-2.8113750000000004
20171217,-2.78975
20171218,-2.8288750000000005
20171219,-2.8405
20171220,-2.76925
20171221,-2.8352500000000003
20171222,-2.8427499999999997
20171223,-2.82275
20171224,-2.869
20171225,-2.85925
20171226,-2.785875
20171227,-2.8479999999999994
20171228,-2.8808749999999996
20171229,-2.823625
20171230,-2.8391249999999997
20171231,-2.8058749999999995
20180101,-2.729
20180102,-2.7875
20180103,-2.757
20180104,-2.7125
20180105,-2.759125
20180106,-2.782625
20180107,-2.7553750000000004
20180108,-2.83725
20180109,-2.866125
20180110,-2.8518749999999997
20180111,-2.919625
20180112,-2.9364999999999997
20180113,-2.8632500000000003
20180114,-2.914875
20180115,-2.9090000000000003
20180116,-2.8154999999999997
20180117,-2.8682499999999997
20180118,-2.7554999999999996
20180119,-2.8015000000000003
20180120,-2.7441250000000004
20180121,-2.828875
20180122,-2.8562499999999997
20180123,-2.8403750000000003
20180124,-2.855
20180125,-2.815
20180126,-2.760375
20180127,-2.8028750000000002
20180128,-2.8508750000000003
20180129,-2.8115
20180130,-2.8465
20180131,-2.8075
20180201,-2.745
20180202,-2.802
20180203,-2.857
20180204,-2.85625
20180205,-2.8892499999999997
20180206,-2.887875
20180207,-2.8627499999999997
20180208,-2.93475
20180209,-2.974875
20180210,-2.9677499999999997
20180211,-2.9611249999999996
20180212,-2.971125
20180213,-2.895
20180214,-2.9546249999999996
20180215,-2.981625
20180216,-3.0537500000000004
20180217,-3.0025
20180218,-2.9986250000000005
20180219,-2.9349999999999996
20180220,-2.9957500000000006
20180221,-3.043
20180222,-3.01575
20180223,-3.04475
20180224,-3.0665
20180225,-2.998
20180226,-3.06075
20180227,-3.100875
20180228,-3.0576250000000003
20180301,-3.09975
20180302,-3.067875
20180303,-3.01075
20180304,-3.0496250000000003
20180305,-3.0822499999999997
20180306,-3.044
20180307,-3.06675
20180308,-3.0540000000000003
20180309,-2.965
20180310,-2.984375
20180311,-2.99275
20180312,-2.9565
20180313,-3.0085
20180314,-3.032625
20180315,-2.965625
20180316,-3.0286249999999995
20180317,-3.0533750000000004
20180318,-2.994125
20180319,-3.0749999999999993
20180320,-3.065
20180321,-3.067875
20180322,-3.078375
20180323,-3.086375
20180324,-3.0785
20180325,-3.0925000000000002
20180326,-3.12675
20180327,-3.146
20180328,-3.107
20180329,-3.0725
20180330,-3.046875
20180331,-2.9734999999999996
20180401,-3.007125
20180402,-3.0962499999999995
20180403,-3.0505
20180404,-3.0506249999999997
20180405,-3.045125
20180406,-2.977125
20180407,-2.9296249999999997
20180408,-2.9221250000000003
20180409,-2.991
20180410,-3.0965
20180411,-3.12175
20180412,-3.0585
20180413,-3.02325
20180414,-3.0347500000000003
20180415,-3.083375
20180416,-3.1827499999999995
20180417,-3.1945
20180418,-3.123625
20180419,-3.0976250000000007
20180420,-3.08075
20180421,-3.1635000000000004
20180422,-3.259625
20180423,-3.2595
20180424,-3.1873750000000003
20180425,-3.132875
20180426,-3.107375
20180427,-3.18125
20180428,-3.283
20180429,-3.2673750000000004
20180430,-3.1276249999999997
20180501,-3.0541249999999995
20180502,-3.026375
20180503,-3.1135
20180504,-3.214
20180505,-3.1648750000000003
20180506,-3.074875
20180507,-3.0996250000000005
20180508,-3.0595
20180509,-3.140375
20180510,-3.2344999999999997
20180511,-3.1980000000000004
20180512,-3.114125
20180513,-3.0885
20180514,-3.0540000000000003
20180515,-3.1156249999999996
20180516,-3.2281250000000004
20180517,-3.2013749999999996
20180518,-3.101
20180519,-3.09375
20180520,-3.0891249999999997
20180521,-3.15575
20180522,-3.281125
20180523,-3.266
20180524,-3.1893749999999996
20180525,-3.1502499999999998
20180526,-3.164
20180527,-3.248625
20180528,-3.3562499999999997
20180529,-3.3289999999999997
20180530,-3.1728750000000003
20180531,-3.060375
20180601,-2.973625
20180602,-3.00725
20180603,-3.1090000000000004
20180604,-3.0715000000000003
20180605,-2.98675
20180606,-2.9561249999999997
20180607,-2.9675000000000002
20180608,-3.0650000000000004
20180609,-3.1925
20180610,-3.166625
20180611,-3.1025
20180612,-3.130375
20180613,-3.13825
20180614,-3.1977499999999996
20180615,-3.328625
20180616,-3.3258750000000004
20180617,-3.23625
20180618,-3.2057500000000005
20180619,-3.18925
20180620,-3.278
20180621,-3.3671249999999997
20180622,-3.353875
20180623,-3.2595
20180624,-3.231375
20180625,-3.2171249999999993
20180626,-3.308125
20180627,-3.414125
20180628,-3.35825
20180629,-3.2665000000000006
20180630,-3.2462500000000003
20180701,-3.2335
20180702,-3.3179999999999996
20180703,-3.4962500000000003
20180704,-3.429625
20180705,-3.3001249999999995
20180706,-3.265875
20180707,-3.289125
20180708,-3.3637500000000005
20180709,-3.463625
20180710,-3.4283750000000004
20180711,-3.31225
20180712,-3.3303750000000005
20180713,-3.3675
20180714,-3.43
20180715,-3.53575
20180716,-3.5117499999999997
20180717,-3.537625
20180718,-3.6220000000000003
20180719,-3.60725
20180720,-3.548875
20180721,-3.576875
20180722,-3.5920000000000005
20180723,-3.5995000000000004
20180724,-3.6101249999999996
20180725,-3.621375
20180726,-3.6286250000000004
20180727,-3.6292500000000003
20180728,-3.538875
20180729,-3.408625
20180730,-3.46425
20180731,-3.4665
20180801,-3.4915
20180802,-3.433375
20180803,-3.4635000000000002
20180804,-3.393375
20180805,-3.4388750000000003
20180806,-3.535
20180807,-3.5781249999999996
20180808,-3.432625
20180809,-3.33425
20180810,-3.2627499999999996
20180811,-3.239625
20180812,-3.226375
20180813,-3.175125
20180814,-3.136375
20180815,-3.0927499999999997
20180816,-3.0963749999999997
20180817,-3.1908750000000006
20180818,-3.215875
20180819,-3.185875
20180820,-3.15325
20180821,-3.118875
20180822,-3.126375
20180823,-3.182875
20180824,-3.2251250000000002
20180825,-3.1717500000000003
20180826,-3.13325
20180827,-3.0922500000000004
20180828,-3.0948750000000005
20180829,-3.139875
20180830,-3.2571250000000003
20180831,-3.277625
20180901,-3.19275
20180902,-3.1185
20180903,-3.115375
20180904,-3.1942500000000007
20180905,-3.26225
20180906,-3.3035
20180907,-3.209
20180908,-3.1291250000000006
20180909,-3.1192499999999996
20180910,-3.2025
20180911,-3.3009999999999997
20180912,-3.30875
20180913,-3.2088750000000004
20180914,-3.140875
20180915,-3.1229999999999998
20180916,-3.1944999999999997
20180917,-3.2988750000000002
20180918,-3.324
