3887
2
date,-9999
head_nap,-9999.0
19850129,-1.41
19850228,-1.64
19850328,-1.52
19850429,-1.58
19850529,-1.61
19850628,-1.6
19850729,-1.44
19851029,-1.6
19851129,-1.49
19851228,-1.39
19860114,-1.25
19860128,-1.38
19860214,-1.61
19860314,-1.62
19860328,-1.42
19860414,-1.56
19860428,-1.61
19860514,-1.71
19860528,-1.71
19860614,-1.57
19860628,-1.71
19860714,-1.67
19860728,-1.73
19860814,-1.8
19860828,-1.76
19860914,-1.71
19860928,-1.7
19861014,-1.73
19861028,-1.56
19861114,-1.56
19861128,-1.44
19861214,-1.48
19861228,-1.31
19870113,-1.28
19870128,-1.54
19870212,-1.49
19870226,-1.48
19870312,-1.57
19870326,-1.38
19870428,-1.6
19870514,-1.62
19870526,-1.64
19870615,-1.52
19870629,-1.54
19870714,-1.67
19870728,-1.55
19870814,-1.58
19870828,-1.6
19870914,-1.51
19870928,-1.5
19871014,-1.46
19871028,-1.46
19871114,-1.44
19871128,-1.32
19871214,-1.44
19871228,-1.44
19880114,-1.35
19880314,-1.38
19880328,-1.41
19880414,-1.65
19880428,-1.73
19880514,-1.79
19880528,-1.77
19880614,-1.73
19880628,-1.78
19880714,-1.67
19880728,-1.68
19880815,-1.69
19880829,-1.68
19880914,-1.68
19880928,-1.58
19881014,-1.46
19881028,-1.68
19881114,-1.65
19881128,-1.61
19881214,-1.55
19881228,-1.58
19890114,-1.64
19890128,-1.7
19890214,-1.63
19890228,-1.57
19890314,-1.53
19890328,-1.6
19890414,-1.65
19890428,-1.74
19890515,-1.81
19890529,-1.89
19890614,-1.87
19890628,-1.92
19890728,-1.88
19890814,-1.96
19890828,-1.91
19890914,-1.89
19890928,-1.95
19900115,-1.75
19900129,-1.59
19900214,-1.45
19900314,-1.68
19900328,-1.74
19900414,-1.78
19900428,-1.71
19900528,-1.88
19900614,-1.82
19900628,-1.85
19900714,-1.85
19900728,-1.92
19900814,-1.97
19900828,-1.89
19900914,-1.74
19900928,-1.61
19901015,-1.72
19901029,-1.64
19901114,-1.51
19901128,-1.48
19901214,-1.56
19901228,-1.5
19910114,-1.53
19910128,-1.64
19910214,-1.72
19910228,-1.63
19910314,-1.68
19910328,-1.77
19910414,-1.84
19910428,-1.77
19910514,-1.8
19910528,-1.91
19910614,-1.84
19910628,-1.64
19910714,-1.91
19910814,-1.92
19910828,-1.99
19910914,-2.03
19910928,-1.9
19911014,-1.96
19911028,-1.83
19911114,-1.57
19911128,-1.69
19911214,-1.79
19911228,-1.66
19920114,-1.63
19920128,-1.76
19920214,-1.65
19920228,-1.7
19920314,-1.54
19920328,-1.64
19920414,-1.74
19920428,-1.69
19920514,-1.63
19920528,-1.89
19920615,-1.9
19920629,-2.0
19920728,-1.91
19920828,-1.89
19920928,-1.88
19921014,-1.85
19921028,-1.61
19921114,-1.52
19921128,-1.52
19921214,-1.5
19921228,-1.67
19930114,-1.54
19930128,-1.51
19930228,-1.63
19930315,-1.77
19930329,-1.83
19930414,-1.82
19930428,-1.86
19930514,-1.91
19930528,-1.86
19930614,-2.01
19930628,-2.02
19930714,-2.04
19930728,-1.79
19930814,-1.7
19930828,-1.77
19930914,-1.74
19930928,-1.56
19931027,-1.64
19931129,-1.76
19931214,-1.46
19931228,-1.51
19940113,-1.51
19940126,-1.47
19940214,-1.66
19940228,-1.71
19940315,-1.61
19940328,-1.52
19940414,-1.56
19940429,-1.71
19940517,-1.71
19940527,-1.71
19940613,-1.71
19940627,-1.86
19940714,-1.81
19940727,-1.94
19940816,-1.94
19940830,-1.91
19941014,-1.76
19941027,-1.71
19941115,-1.51
19941129,-1.61
19941213,-1.56
19941227,-1.61
19950117,-1.56
19950131,-1.48
19950213,-1.56
19950227,-1.56
19950315,-1.56
19950329,-1.56
19950412,-1.76
19950427,-1.71
19950517,-1.75
19950530,-1.76
19950629,-1.71
19950712,-1.73
19950731,-1.87
19950815,-1.98
19950830,-1.84
19950914,-1.99
19950926,-1.72
19951016,-1.76
19951031,-1.84
19951113,-1.81
19951128,-1.74
19951214,-1.76
19951228,-1.75
19960115,-1.73
19960130,-1.73
19960215,-1.66
19960228,-1.58
19960313,-1.61
19960327,-1.71
19960416,-1.73
19960502,-1.76
19960627,-1.96
19960722,-1.96
19960815,-1.97
19960930,-1.77
19961014,-1.77
19961030,-1.69
19961115,-1.58
19961129,-1.49
19961213,-1.58
19961231,-1.73
19970128,-1.66
19970214,-1.47
19970228,-1.56
19970313,-1.68
19970327,-1.63
19970414,-1.75
19970428,-1.82
19970516,-1.75
19970526,-1.68
19970611,-1.76
19970623,-1.78
19970714,-1.76
19970728,-1.8
19970814,-1.97
19970830,-1.83
19970903,-1.83
19970917,-1.86
19970930,-1.9
19971013,-1.79
19971028,-1.8
19971112,-1.78
19971201,-1.78
19971216,-1.62
19971230,-1.53
19980114,-1.51
19980128,-1.57
19980213,-1.7
19980227,-1.65
19980316,-1.54
19980331,-1.66
19980427,-1.54
19980513,-1.84
19980528,-1.85
19980615,-1.69
19980629,-1.67
19980714,-1.67
19980728,-1.65
19980814,-1.73
19980828,-1.58
19980914,-1.5
19980929,-1.61
19981015,-1.44
19981029,-1.38
19981117,-1.58
19981130,-1.58
19981215,-1.46
19981229,-1.44
19990115,-1.52
19990129,-1.53
19990216,-1.57
19990302,-1.49
19990316,-1.67
19990330,-1.64
19990414,-1.56
19990427,-1.72
19990517,-1.8
19990527,-1.84
19990616,-1.85
19990629,-1.85
19990715,-1.88
19990729,-1.94
19990814,-1.84
19990830,-1.85
19990915,-1.88
19990928,-1.81
19991013,-1.65
19991026,-1.74
19991116,-1.7
19991130,-1.57
19991215,-1.57
19991227,-1.39
20000114,-1.58
20000126,-1.62
20000214,-1.52
20000229,-1.52
20000313,-1.56
20000329,-1.57
20000626,-1.83
20000815,-1.87
20000829,-1.84
20000913,-1.74
20000927,-1.52
20001013,-1.54
20001027,-1.52
20001113,-1.41
20001129,-1.44
20001214,-1.44
20010116,-2.13
20010131,-2.15
20010215,-2.2
20010711,-1.8
20010828,-1.71
20010913,-1.56
20011001,-1.47
20011016,-1.54
20011029,-1.57
20011114,-1.5
20011128,-1.51
20011214,-1.57
20020115,-2.17
20020128,-2.31
20020215,-1.51
20020301,-1.35
20030708,-1.79
20031008,-1.68
20040102,-1.607
20040103,-1.624666666666667
20040104,-1.6269166666666666
20040105,-1.625
20040106,-1.5978749999999995
20040107,-1.5838333333333334
20040108,-1.5639166666666666
20040109,-1.5676249999999998
20040110,-1.593041666666667
20040111,-1.5605833333333334
20040112,-1.5345833333333332
20040113,-1.5116666666666667
20040114,-1.5305833333333336
20040115,-1.5551250000000003
20040116,-1.51625
20040117,-1.527875
20040118,-1.5737083333333333
20040119,-1.5405000000000004
20040120,-1.5263749999999998
20040121,-1.5425833333333332
20040122,-1.5511666666666664
20040123,-1.5737916666666667
20040124,-1.583125
20040125,-1.5925833333333335
20040126,-1.5997916666666665
20040127,-1.6092083333333334
20040128,-1.6087083333333332
20040129,-1.62075
20040130,-1.5978750000000002
20040131,-1.5479583333333338
20040201,-1.519833333333333
20040202,-1.4995833333333335
20040203,-1.4986249999999999
20040204,-1.5032083333333333
20040205,-1.514125
20040206,-1.5198749999999999
20040207,-1.4923333333333335
20040208,-1.484875
20040209,-1.5165833333333334
20040210,-1.5155
20040211,-1.5100833333333334
20040212,-1.5255
20040213,-1.5417500000000004
20040214,-1.5531249999999996
20040215,-1.5752083333333333
20040216,-1.6037916666666667
20040217,-1.617791666666667
20040218,-1.6302916666666665
20040219,-1.6420833333333331
20040220,-1.6554166666666668
20040221,-1.660541666666667
20040222,-1.6669999999999996
20040223,-1.6903750000000002
20040224,-1.6917499999999996
20040225,-1.6552083333333334
20040226,-1.6511250000000004
20040227,-1.6456666666666664
20040228,-1.6706249999999996
20040229,-1.7118749999999998
20040301,-1.7322499999999996
20040302,-1.7288750000000002
20040303,-1.7300833333333336
20040304,-1.7302916666666668
20040305,-1.7401249999999997
20040306,-1.7467500000000002
20040307,-1.7627499999999998
20040308,-1.7854583333333336
20040309,-1.7935416666666664
20040310,-1.7892499999999993
20040311,-1.7838749999999997
20040312,-1.758
20040313,-1.726
20040314,-1.723
20040315,-1.716
20040316,-1.726
20040317,-1.722
20040318,-1.723
20040319,-1.787
20040320,-1.775
20040321,-1.76
20040322,-2.011
20040323,-2.043
20040324,-1.835
20040325,-1.816
20040326,-1.825
20040327,-1.823
20040328,-1.831
20040329,-1.842
20040330,-1.898
20040331,-1.846
20040401,-1.793
20040402,-1.83
20040403,-1.831
20040404,-1.819
20040405,-1.79
20040406,-1.733
20040407,-1.711
20040408,-1.696
20040409,-1.679
20040410,-1.689
20040411,-1.709
20040412,-1.717
20040413,-1.742
20040414,-1.794
20040415,-1.85
20040416,-1.877
20040417,-1.881
20040418,-1.888
20040419,-1.929
20040420,-1.959
20040421,-1.977
20040422,-1.998
20040423,-2.015
20040424,-2.017
20040425,-2.029
20040426,-2.022
20040427,-2.018
20040428,-2.022
20040429,-1.999
20040430,-1.998
20040501,-2.017
20040502,-2.03
20040503,-2.027
20040504,-2.006
20040505,-2.03
20040506,-2.057
20040507,-2.041
20040508,-2.038
20040509,-2.047
20040510,-2.052
20040511,-2.065
20040512,-2.073
20040513,-2.078
20040514,-2.082
20040515,-2.092
20040516,-2.098
20040517,-2.089
20040518,-2.099
20040519,-2.1
20040520,-2.1
20040521,-2.12
20040522,-2.123
20040523,-2.122
20040524,-2.12
20040525,-2.247
20040526,-2.189
20040527,-2.29
20040528,-2.3
20040529,-2.294
20040530,-2.293
20040531,-2.258
20040601,-2.274
20040602,-2.288
20040603,-2.299
20040604,-2.267
20040605,-2.267
20040606,-2.267
20040607,-2.27
20040608,-2.281
20040609,-2.288
20040610,-2.299
20040611,-2.306
20040612,-2.315
20040613,-2.346
20040614,-2.335
20040615,-2.329
20040616,-2.338
20040617,-2.317
20040618,-2.333
20040619,-2.317
20040620,-2.295
20040621,-2.3
20040622,-2.278
20040623,-2.235
20040624,-2.151
20040625,-2.1
20040626,-2.079
20040627,-2.061
20040628,-2.083
20040629,-2.097
20040630,-2.114
20040701,-2.112
20040702,-2.128
20040703,-2.099
20040704,-2.118
20040705,-2.134
20040706,-2.157
20040707,-2.206
20040708,-2.276
20040709,-2.287
20040710,-2.28
20040711,-2.274
20040712,-2.282
20040713,-2.317
20040714,-2.325
20040715,-2.335
20040716,-2.295
20040717,-2.25
20040718,-2.202
20040719,-2.17
20040720,-2.164
20040721,-2.173
20040722,-2.2
20040723,-2.217
20040724,-2.247
20040725,-2.256
20040726,-2.251
20040727,-2.246
20040728,-2.287
20040729,-2.294
20040730,-2.308
20040731,-2.335
20040801,-2.353
20040802,-2.343
20040803,-2.362
20040804,-2.38
20040805,-2.355
20040806,-2.402
20040807,-2.411
20040808,-2.416
20040809,-2.436
20040810,-2.452
20040811,-2.438
20040812,-2.405
20040813,-2.307
20040814,-2.213
20040815,-2.177
20040816,-2.144
20040817,-2.123
20040818,-2.123
20040819,-2.128
20040820,-2.143
20040821,-2.129
20040822,-2.123
20040823,-2.084
20040824,-2.196
20040825,-2.169
20040826,-2.163
20040827,-2.131
20040828,-2.137
20040829,-2.139
20040830,-2.137
20040831,-2.13
20040901,-2.132
20040902,-2.155
20040903,-2.184
20040904,-2.224
20040905,-2.248
20040906,-2.271
20040907,-2.297
20040908,-2.311
20040909,-2.209
20040910,-2.293
20040911,-2.33
20040912,-2.34
20040913,-2.324
20040914,-2.326
20040915,-2.334
20040916,-2.325
20040917,-2.352
20040918,-2.354
20040919,-2.369
20040920,-2.353
20040921,-2.355
20040922,-2.355
20040923,-2.322
20040924,-2.302
20040925,-2.276
20040926,-2.262
20040927,-2.262
20040928,-1.974
20040929,-1.949
20040930,-2.284
20041001,-2.279
20041002,-2.273
20041003,-2.262
20041004,-2.171
20041005,-2.233
20041006,-2.266
20041007,-2.292
20041008,-2.31
20041009,-2.337
20041010,-2.357
20041011,-2.374
20041012,-2.384
20041013,-2.389
20041014,-2.379
20041015,-2.391
20041016,-2.405
20041017,-2.421
20041018,-2.432
20041019,-2.424
20041020,-2.389
20041021,-2.389
20041022,-2.397
20041023,-2.384
20041024,-2.322
20041025,-2.269
20041026,-2.288
20041027,-2.303
20041028,-2.387
20041029,-2.415
20041030,-2.412
20041031,-2.423
20041101,-2.431
20041102,-2.43
20041103,-2.431
20041104,-2.428
20041105,-2.452
20041106,-2.449
20041107,-2.457
20041108,-2.451
20041109,-2.458
20041110,-2.44
20041111,-2.438
20041112,-2.408
20041113,-2.408
20041114,-2.39
20041115,-2.368
20041116,-2.38
20041117,-2.364
20041118,-2.351
20041119,-2.33
20041120,-2.306
20041121,-2.307
20041122,-2.281
20041123,-2.316
20041124,-2.337
20041125,-2.335
20041126,-2.336
20041127,-2.347
20041128,-2.346
20041129,-2.375
20041130,-2.384
20041201,-2.386
20041202,-2.393
20041203,-2.422
20041204,-2.431
20041205,-2.438
20041206,-2.445
20041207,-2.452
20041208,-2.468
20041209,-2.44
20041210,-2.472
20041211,-2.487
20041212,-2.494
20041213,-2.479
20041214,-2.491
20041215,-2.378
20041216,-2.447
20041217,-2.438
20041218,-2.446
20041219,-2.417
20041220,-2.408
20041221,-2.423
20041222,-2.399
20041223,-2.381
20041224,-2.38
20041225,-2.352
20041226,-2.394
20041227,-2.413
20041228,-2.39
20041229,-2.432
20041230,-2.392
20041231,-2.361
20050101,-2.345
20050102,-2.303
20050103,-2.365
20050104,-2.363
20050105,-2.373
20050106,-2.382
20050107,-2.366
20050108,-2.323
20050109,-2.383
20050110,-2.389
20050111,-2.383
20050112,-2.367
20050113,-2.394
20050114,-2.409
20050115,-2.41
20050116,-2.414
20050117,-2.406
20050118,-2.365
20050119,-2.359
20050120,-2.339
20050121,-2.347
20050122,-2.363
20050123,-2.365
20050124,-2.365
20050125,-2.379
20050126,-2.393
20050127,-2.381
20050128,-2.386
20050129,-2.406
20050130,-2.043
20050131,-2.224
20050201,-2.248
20050202,-2.29
20050203,-2.311
20050204,-2.386
20050205,-2.4
20050206,-2.425
20050207,-2.375
20050208,-2.466
20050209,-2.472
20050210,-2.439
20050211,-2.381
20050212,-2.283
20050213,-2.265
20050214,-2.229
20050215,-2.281
20050216,-2.288
20050217,-2.314
20050218,-2.309
20050219,-2.312
20050220,-2.313
20050221,-2.304
20050222,-2.25
20050223,-2.259
20050224,-2.262
20050225,-2.274
20050226,-2.262
20050227,-2.291
20050228,-2.294
20050301,-2.278
20050302,-2.274
20050303,-2.316
20050304,-2.314
20050305,-2.335
20050306,-2.369
20050307,-2.351
20050308,-2.299
20050309,-2.13
20050310,-2.208
20050311,-2.111
20050312,-2.162
20050313,-2.205
20050314,-2.228
20050315,-2.246
20050316,-2.255
20050317,-2.281
20050318,-2.309
20050319,-2.318
20050320,-2.333
20050321,-2.334
20050322,-2.003
20050323,-2.354
20050324,-2.371
20050325,-2.382
20050326,-2.374
20050327,-2.374
20050328,-2.38
20050329,-2.363
20050330,-2.37
20050331,-2.402
20050401,-2.412
20050402,-2.425
20050403,-2.427
20050404,-2.443
20050405,-2.45
20050406,-2.43
20050407,-2.401
20050408,-2.437
20050409,-2.457
20050410,-2.453
20050411,-2.451
20050412,-2.44
20050413,-2.438
20050414,-2.419
20050415,-2.384
20050416,-2.391
20050417,-2.393
20050418,-2.391
20050419,-2.418
20050420,-2.421
20050421,-2.421
20050422,-2.416
20050423,-2.418
20050424,-2.433
20050425,-2.442
20050426,-2.46
20050427,-2.423
20050428,-2.45
20050429,-2.456
20050430,-2.433
20050501,-2.427
20050502,-2.413
20050503,-2.429
20050504,-2.416
20050505,-2.452
20050506,-2.445
20050507,-2.421
20050508,-2.405
20050509,-2.395
20050510,-2.397
20050511,-2.405
20050512,-2.407
20050513,-2.413
20050514,-2.401
20050515,-2.411
20050516,-2.382
20050517,-2.379
20050518,-2.393
20050519,-2.39
20050520,-2.381
20050521,-2.389
20050522,-2.399
20050523,-2.432
20050524,-2.445
20050525,-2.459
20050526,-2.448
20050527,-2.461
20050528,-2.484
20050529,-2.495
20050530,-2.506
20050531,-2.504
20050601,-2.487
20050602,-2.478
20050603,-2.303
20050604,-2.396
20050605,-2.433
20050606,-2.418
20050607,-2.45
20050608,-2.478
20050609,-2.459
20050610,-2.467
20050611,-2.464
20050612,-2.47
20050613,-2.468
20050614,-2.485
20050615,-2.491
20050616,-2.513
20050617,-2.528
20050618,-2.614
20050619,-2.616
20050620,-2.612
20050621,-2.64
20050622,-2.66
20050623,-2.617
20050624,-2.653
20050625,-2.432
20050626,-2.654
20050627,-2.67
20050628,-2.664
20050629,-2.668
20050630,-2.668
20050701,-2.599
20050702,-2.573
20050703,-2.557
20050704,-2.533
20050705,-2.553
20050706,-2.535
20050707,-2.547
20050708,-2.563
20050709,-2.55
20050710,-2.555
20050711,-2.568
20050712,-2.577
20050713,-2.576
20050714,-2.583
20050715,-2.568
20050716,-2.554
20050717,-2.623
20050718,-2.628
20050719,-2.623
20050720,-2.605
20050721,-2.604
20050722,-2.613
20050723,-2.607
20050724,-2.612
20050725,-2.613
20050726,-2.61
20050727,-2.607
20050728,-2.608
20050729,-2.611
20050730,-2.57
20050731,-2.518
20050801,-2.418
20050802,-2.429
20050803,-2.453
20050804,-2.475
20050805,-2.47
20050806,-2.45
20050807,-2.408
20050808,-2.393
20050809,-2.399
20050810,-2.388
20050811,-2.402
20050812,-2.422
20050813,-2.442
20050814,-2.434
20050815,-2.44
20050816,-2.448
20050817,-2.457
20050818,-2.465
20050819,-2.484
20050820,-2.508
20050821,-2.513
20050822,-2.516
20050823,-2.533
20050824,-2.522
20050825,-2.508
20050826,-2.493
20050827,-2.485
20050828,-2.485
20050829,-2.492
20050830,-2.509
20050831,-2.505
20050901,-2.521
20050902,-2.565
20050903,-2.576
20050904,-2.571
20050905,-2.561
20050906,-2.57
20050907,-2.584
20050908,-2.6
20050909,-2.607
20050910,-2.614
20050911,-2.614
20050912,-2.641
20050913,-2.642
20050914,-2.627
20050915,-2.635
20050916,-2.604
20050917,-2.509
20050918,-2.581
20050919,-2.579
20050920,-2.58
20050921,-2.593
20050922,-2.507
20050923,-2.585
20050924,-2.616
20050925,-2.6
20050926,-2.575
20050927,-2.598
20050928,-2.599
20050929,-2.567
20050930,-2.515
20051001,-2.457
20051002,-2.458
20051003,-2.47
20051004,-2.478
20051005,-2.481
20051006,-2.482
20051007,-2.481
20051008,-2.493
20051009,-2.523
20051010,-2.515
20051011,-2.524
20051012,-2.535
20051013,-2.55
20051014,-2.573
20051015,-2.583
20051016,-2.576
20051017,-2.589
20051018,-2.59
20051019,-2.563
20051020,-2.573
20051021,-2.564
20051022,-2.568
20051023,-2.525
20051024,-2.467
20051025,-2.331
20051026,-2.446
20051027,-2.434
20051028,-2.436
20051029,-2.453
20051030,-2.447
20051031,-2.455
20051101,-2.468
20051102,-2.472
20051103,-2.461
20051104,-2.455
20051105,-2.476
20051106,-2.48
20051107,-2.495
20051108,-2.4
20051109,-2.455
20051110,-2.487
20051111,-2.354
20051112,-2.422
20051113,-2.462
20051114,-2.461
20051115,-2.444
20051116,-2.407
20051117,-2.378
20051118,-2.339
20051119,-2.329
20051120,-2.332
20051121,-2.249
20051122,-2.355
20051123,-2.36
20051124,-2.293
20051125,-2.256
20051126,-2.286
20051127,-2.304
20051128,-2.312
20051129,-2.342
20051130,-2.359
20051201,-2.35
20051202,-2.343
20051203,-2.353
20051204,-2.367
20051205,-2.351
20051206,-2.335
20051207,-2.336
20051208,-2.349
20051209,-2.376
20051210,-2.384
20051211,-2.347
20051212,-2.392
20051213,-2.387
20051214,-2.375
20051215,-2.393
20051216,-2.367
20051217,-2.37
20051218,-2.345
20051219,-2.318
20051220,-2.09
20051221,-2.314
20051222,-2.332
20051223,-2.313
20051224,-2.306
20051225,-2.321
20051226,-2.321
20051227,-2.333
20051228,-2.345
20051229,-2.348
20051230,-2.348
20051231,-2.342
20060101,-2.326
20060102,-2.268
20060103,-2.343
20060104,-2.36
20060105,-2.358
20060106,-2.381
20060107,-2.396
20060108,-2.413
20060109,-2.418
20060110,-2.419
20060111,-2.409
20060112,-2.429
20060113,-2.412
20060114,-2.421
20060115,-2.419
20060116,-2.422
20060117,-2.398
20060118,-2.428
20060119,-2.426
20060120,-2.361
20060121,-2.367
20060122,-2.39
20060123,-2.379
20060124,-2.392
20060125,-2.395
20060126,-2.434
20060127,-2.435
20060128,-2.366
20060129,-2.507
20060130,-2.515
20060131,-2.518
20060201,-2.499
20060202,-2.508
20060203,-2.501
20060204,-2.522
20060205,-2.508
20060206,-2.499
20060207,-2.48
20060208,-2.447
20060209,-2.433
20060210,-2.455
20060211,-2.447
20060212,-2.445
20060213,-2.433
20060214,-2.435
20060215,-2.388
20060216,-2.345
20060217,-2.333
20060218,-2.343
20060219,-2.371
20060220,-2.401
20060221,-2.43
20060222,-2.457
20060223,-2.45
20060224,-2.47
20060225,-2.477
20060226,-2.495
20060227,-2.48
20060228,-2.445
20060301,-2.434
20060302,-2.431
20060303,-2.429
20060304,-2.409
20060305,-2.42
20060306,-2.425
20060307,-2.413
20060308,-2.378
20060309,-2.363
20060310,-2.333
20060311,-2.378
20060312,-2.396
20060313,-2.367
20060314,-2.401
20060315,-2.434
20060316,-2.457
20060317,-2.451
20060318,-2.466
20060319,-2.466
20060320,-2.469
20060321,-2.476
20060322,-2.485
20060323,-2.4
20060324,-2.452
20060325,-2.501
20060326,-2.482
20060327,-2.417
20060328,-2.4
20060329,-2.415
20060330,-2.38
20060331,-2.374
20060401,-2.356
20060402,-2.352
20060403,-2.353
20060404,-2.337
20060405,-2.338
20060406,-2.221
20060407,-2.399
20060408,-2.4
20060409,-2.391
20060410,-2.423
20060411,-2.427
20060412,-2.453
20060413,-2.407
20060414,-2.429
20060415,-2.447
20060416,-2.457
20060417,-2.446
20060418,-2.466
20060419,-2.481
20060420,-2.284
20060421,-2.495
20060422,-2.516
20060423,-2.519
20060424,-2.544
20060425,-2.552
20060426,-2.497
20060427,-2.478
20060428,-2.573
20060429,-2.592
20060430,-2.584
20060501,-2.583
20060502,-2.601
20060503,-2.61
20060504,-2.622
20060505,-2.62
20060506,-2.647
20060507,-2.648
20060508,-2.646
20060509,-2.668
20060510,-2.688
20060511,-2.706
20060512,-2.714
20060513,-2.703
20060514,-2.649
20060515,-2.707
20060516,-2.729
20060517,-2.628
20060518,-2.719
20060519,-2.689
20060520,-2.626
20060521,-2.648
20060522,-2.49
20060523,-2.66
20060524,-2.637
20060525,-2.649
20060526,-2.633
20060527,-2.635
20060528,-2.621
20060529,-2.615
20060530,-2.623
20060531,-2.625
20060601,-2.653
20060602,-2.664
20060603,-2.654
20060604,-2.667
20060605,-2.525
20060606,-2.683
20060607,-2.69
20060608,-2.69
20060609,-2.688
20060610,-2.647
20060611,-2.703
20060612,-2.703
20060613,-2.691
20060614,-2.735
20060615,-2.657
20060616,-2.703
20060617,-2.706
20060618,-2.706
20060619,-2.714
20060620,-2.694
20060621,-2.724
20060622,-2.713
20060623,-2.583
20060624,-2.725
20060625,-2.74
20060626,-2.697
20060627,-2.678
20060628,-2.674
20060629,-2.668
20060630,-2.644
20060701,-2.702
20060702,-2.701
20060703,-2.72
20060704,-2.728
20060705,-2.744
20060706,-2.782
20060707,-2.794
20060708,-2.787
20060709,-2.788
20060710,-2.83
20060711,-2.813
20060712,-2.774
20060713,-2.759
20060714,-2.777
20060715,-2.79
20060716,-2.799
20060717,-2.807
20060718,-2.823
20060719,-2.834
20060720,-2.838
20060721,-2.864
20060722,-2.856
20060723,-2.842
20060724,-2.836
20060725,-2.849
20060726,-2.855
20060727,-2.87
20060728,-2.858
20060729,-2.858
20060730,-2.853
20060731,-2.854
20060801,-2.833
20060802,-2.833
20060803,-2.836
20060804,-2.835
20060805,-2.851
20060806,-2.85
20060807,-2.736
20060808,-2.821
20060809,-2.82
20060810,-2.819
20060811,-2.79
20060812,-2.786
20060813,-2.793
20060814,-2.769
20060815,-2.748
20060816,-2.738
20060817,-2.748
20060818,-2.751
20060819,-2.76
20060820,-2.755
20060821,-2.729
20060822,-2.677
20060823,-2.676
20060824,-2.671
20060826,-2.661
20060827,-2.664
20060828,-2.626
20060829,-2.583
20060830,-2.567
20060831,-2.551
20060901,-2.54
20060902,-2.549
20060903,-2.537
20060904,-2.566
20060905,-2.578
20060906,-2.562
20060907,-2.595
20060908,-2.634
20060909,-2.625
20060910,-2.627
20060911,-2.641
20060912,-2.667
20060913,-2.664
20060914,-2.678
20060915,-2.693
20060916,-2.692
20060917,-2.717
20060918,-2.721
20060919,-2.738
20060920,-2.738
20060921,-2.741
20060922,-2.755
20060923,-2.759
20060924,-2.763
20060925,-2.765
20060926,-2.774
20060927,-2.777
20060928,-2.763
20060929,-2.751
20060930,-2.732
20061001,-2.747
20061002,-2.683
20061003,-2.699
20061004,-2.668
20061005,-2.649
20061006,-2.591
20061007,-2.576
20061008,-2.565
20061009,-2.557
20061010,-2.566
20061011,-2.561
20061012,-2.595
20061013,-2.624
20061014,-2.611
20061015,-2.62
20061016,-2.613
20061017,-2.608
20061018,-2.604
20061019,-2.604
20061020,-2.614
20061021,-2.628
20061022,-2.637
20061023,-2.619
20061024,-2.518
20061025,-2.5
20061026,-2.448
20061027,-2.483
20061028,-2.463
20061029,-2.474
20061030,-2.456
20061031,-2.444
20061101,-2.479
20061102,-2.471
20061103,-2.428
20061104,-2.42
20061105,-2.414
20061106,-2.425
20061107,-2.433
20061108,-2.432
20061109,-2.47
20061110,-2.479
20061111,-2.443
20061112,-2.422
20061113,-2.376
20061114,-2.389
20061115,-2.379
20061116,-2.348
20061117,-2.345
20061118,-2.372
20061119,-2.364
20061120,-2.353
20061121,-2.317
20061122,-2.311
20061123,-2.26
20061124,-2.294
20061125,-2.276
20061126,-2.313
20061127,-2.325
20061128,-2.333
20061129,-2.369
20061130,-2.379
20061201,-2.39
20061202,-2.356
20061203,-2.291
20061204,-2.293
20061205,-2.263
20061206,-2.3
20061207,-2.238
20061208,-2.227
20061209,-2.267
20061210,-2.293
20061211,-2.249
20061212,-2.255
20061213,-2.278
20061214,-2.284
20061215,-2.301
20061216,-2.315
20061217,-2.316
20061218,-2.304
20061219,-2.317
20061220,-2.334
20061221,-2.35
20061222,-2.369
20061223,-2.362
20061224,-2.367
20061225,-2.305
20061226,-2.373
20061227,-2.372
20061228,-2.38
20061229,-2.37
20061230,-2.377
20061231,-2.373
20070101,-2.327
20070102,-2.301
20070103,-2.273
20070104,-2.25
20070105,-2.26
20070106,-2.258
20070107,-2.231
20070108,-2.215
20070109,-2.217
20070110,-2.223
20070111,-2.169
20070112,-2.206
20070113,-2.213
20070114,-2.258
20070115,-2.266
20070116,-2.284
20070117,-2.247
20070118,-2.164
20070119,-2.156
20070120,-2.147
20070121,-2.181
20070122,-2.211
20070123,-2.195
20070124,-2.231
20070125,-2.262
20070126,-2.245
20070127,-2.279
20070128,-2.254
20070129,-2.278
20070130,-2.299
20070131,-2.29
20070201,-2.33
20070202,-2.322
20070203,-2.356
20070204,-2.354
20070205,-2.337
20070206,-2.338
20070207,-2.35
20070208,-2.343
20070209,-2.396
20070210,-2.375
20070211,-2.334
20070212,-2.267
20070213,-2.277
20070214,-2.243
20070215,-2.256
20070216,-2.253
20070217,-2.258
20070218,-2.3
20070219,-2.306
20070220,-2.316
20070221,-2.309
20070222,-2.314
20070223,-2.303
20070224,-2.29
20070225,-2.276
20070226,-2.264
20070227,-2.246
20070228,-2.194
20070301,-2.151
20070302,-2.175
20070303,-2.201
20070304,-2.2
20070305,-2.206
20070306,-2.174
20070307,-2.156
20070308,-2.189
20070309,-2.19
20070310,-2.223
20070311,-2.238
20070312,-2.224
20070313,-2.289
20070314,-2.313
20070315,-2.338
20070316,-2.363
20070317,-2.37
20070318,-2.246
20070319,-2.297
20070320,-2.306
20070321,-2.305
20070322,-2.326
20070323,-2.35
20070324,-2.36
20070325,-2.4
20070326,-2.407
20070327,-2.278
20070328,-2.425
20070329,-2.447
20070330,-2.453
20070331,-2.48
20070401,-2.502
20070402,-2.502
20070403,-2.504
20070404,-2.522
20070405,-2.528
20070406,-2.541
20070407,-2.553
20070408,-2.547
20070409,-2.545
20070410,-2.566
20070411,-2.576
20070412,-2.58
20070413,-2.582
20070414,-2.588
20070415,-2.593
20070416,-2.601
20070417,-2.614
20070418,-2.612
20070419,-2.6
20070420,-2.635
20070421,-2.624
20070422,-2.629
20070423,-2.623
20070424,-2.632
20070425,-2.625
20070426,-2.653
20070427,-2.666
20070428,-2.665
20070429,-2.671
20070430,-2.67
20070501,-2.672
20070502,-2.687
20070503,-2.689
20070504,-2.695
20070505,-2.706
20070506,-2.692
20070507,-2.681
20070508,-2.669
20070509,-2.702
20070510,-2.684
20070511,-2.702
20070512,-2.651
20070513,-2.624
20070514,-2.642
20070515,-2.63
20070516,-2.623
20070517,-2.621
20070518,-2.567
20070519,-2.622
20070520,-2.638
20070521,-2.65
20070522,-2.67
20070523,-2.657
20070524,-2.661
20070525,-2.663
20070526,-2.684
20070527,-2.674
20070528,-2.678
20070529,-2.672
20070530,-2.668
20070531,-2.671
20070601,-2.663
20070602,-2.664
20070603,-2.639
20070604,-2.664
20070605,-2.668
20070606,-2.665
20070607,-2.666
20070608,-2.672
20070609,-2.693
20070610,-2.703
20070611,-2.706
20070612,-2.72
20070613,-2.72
20070614,-2.726
20070615,-2.71
20070616,-2.685
20070617,-2.637
20070618,-2.563
20070619,-2.357
20070620,-2.435
20070621,-2.471
20070622,-2.5
20070623,-2.517
20070624,-2.501
20070625,-2.452
20070626,-2.411
20070627,-2.384
20070628,-2.396
20070629,-2.388
20070630,-2.392
20070701,-2.357
20070702,-2.302
20070703,-2.277
20070704,-2.266
20070705,-2.269
20070706,-2.256
20070707,-2.224
20070708,-2.267
20070709,-2.29
20070710,-2.318
20070711,-2.343
20070712,-2.237
20070713,-2.086
20070714,-2.353
20070715,-2.422
20070716,-2.403
20070717,-2.201
20070718,-2.31
20070719,-2.328
20070720,-2.345
20070721,-2.338
20070722,-2.282
20070723,-2.331
20070724,-2.332
20070725,-2.303
20070726,-2.319
20070727,-2.341
20070728,-2.377
20070729,-2.386
20070730,-2.414
20070731,-2.428
20070801,-2.432
20070802,-2.448
20070803,-2.49
20070804,-2.5
20070805,-2.492
20070806,-2.51
20070807,-2.55
20070808,-2.555
20070809,-2.557
20070810,-2.569
20070811,-2.578
20070812,-2.567
20070813,-2.588
20070814,-2.574
20070815,-2.561
20070816,-2.569
20070817,-2.552
20070818,-2.528
20070819,-2.521
20070820,-2.531
20070821,-2.548
20070822,-2.558
20070823,-2.303
20070824,-2.571
20070825,-2.592
20070826,-2.605
20070827,-2.599
20070828,-2.606
20070829,-2.61
20070830,-2.61
20070831,-2.615
20070901,-2.623
20070902,-2.62
20070903,-2.633
20070904,-2.644
20070905,-2.639
20070906,-2.645
20070907,-2.643
20070908,-2.629
20070909,-2.634
20070910,-2.618
20070911,-2.686
20070912,-2.65
20070913,-2.646
20070914,-2.616
20070915,-2.643
20070916,-2.615
20070917,-2.641
20070918,-2.657
20070919,-2.635
20070920,-2.634
20070921,-2.616
20070922,-2.627
20070923,-2.618
20070924,-2.591
20070925,-2.611
20070926,-2.594
20070927,-2.57
20070928,-2.532
20070929,-2.481
20070930,-2.418
20071001,-2.369
20071002,-2.367
20071003,-2.224
20071004,-2.38
20071005,-2.415
20071006,-2.427
20071007,-2.436
20071008,-2.441
20071009,-2.464
20071010,-2.49
20071011,-2.491
20071012,-2.505
20071013,-2.515
20071014,-2.506
20071015,-2.507
20071016,-2.525
20071017,-2.534
20071018,-2.494
20071019,-2.464
20071020,-2.464
20071021,-2.451
20071022,-2.424
20071023,-2.466
20071024,-2.477
20071025,-2.483
20071026,-2.489
20071027,-2.51
20071028,-2.479
20071029,-2.484
20071030,-2.486
20071031,-2.474
20071101,-2.487
20071102,-2.5
20071103,-2.491
20071104,-2.51
20071105,-2.491
20071106,-2.505
20071107,-2.438
20071108,-2.405
20071109,-2.434
20071110,-2.346
20071111,-2.356
20071112,-2.331
20071113,-2.297
20071114,-2.328
20071115,-2.344
20071116,-2.35
20071117,-2.356
20071118,-2.351
20071119,-2.373
20071120,-2.386
20071121,-2.392
20071122,-2.4
20071123,-2.458
20071124,-2.441
20071125,-2.448
20071126,-2.431
20071127,-2.422
20071128,-2.382
20071129,-2.348
20071130,-2.379
20071201,-2.383
20071202,-2.312
20071203,-2.298
20071204,-2.315
20071205,-2.268
20071206,-2.261
20071207,-2.235
20071208,-2.208
20071209,-2.173
20071210,-2.237
20071211,-2.28
20071212,-2.303
20071213,-2.312
20071214,-2.314
20071215,-2.338
20071216,-2.362
20071217,-2.375
20071218,-2.344
20071219,-2.407
20071220,-2.408
20071221,-2.406
20071222,-2.418
20071223,-2.442
20071224,-2.428
20071225,-2.412
20071226,-2.441
20071227,-2.424
20071228,-2.411
20071229,-2.409
20071230,-2.448
20071231,-2.435
20080101,-2.435
20080102,-2.428
20080103,-2.424
20080104,-2.43
20080105,-2.429
20080106,-2.454
20080107,-2.413
20080108,-2.424
20080109,-2.407
20080110,-2.396
20080111,-2.396
20080112,-2.385
20080113,-2.367
20080114,-2.354
20080115,-2.328
20080116,-2.345
20080117,-2.346
20080316,-2.357
20080317,-2.388
20080318,-2.393
20080319,-2.407
20080320,-2.391
20080321,-2.281
20080322,-2.295
20080323,-2.295
20080324,-2.289
20080325,-2.3
20080326,-2.305
20080327,-2.318
20080328,-2.336
20080329,-2.332
20080330,-2.299
20080331,-2.318
20080401,-2.299
20080402,-2.316
20080403,-1.997
20080404,-2.321
20080405,-2.324
20080406,-2.335
20080407,-2.275
20080408,-2.376
20080409,-2.39
20080410,-2.407
20080411,-2.391
20080412,-2.437
20080413,-2.463
20080414,-2.486
20080415,-2.492
20080519,-2.637
20080520,-2.631
20080521,-2.644
20080522,-2.637
20080523,-2.609
20080524,-2.646
20080525,-2.664
20080526,-2.658
20080527,-2.665
20080528,-2.654
20080529,-2.674
20080530,-2.656
20080531,-2.683
20080601,-2.651
20080602,-2.627
20080603,-2.639
20080604,-2.644
20080605,-2.241
20080606,-2.604
20080607,-2.634
20080608,-2.653
20080609,-2.676
20080610,-2.689
20080611,-2.693
20080612,-2.69
20080613,-2.684
20080614,-2.7
20080615,-2.697
20080616,-2.724
20080617,-2.724
20080618,-2.709
20080619,-2.701
20080620,-2.727
20080621,-2.742
20080622,-2.704
20080623,-2.749
20080624,-2.751
20080625,-2.742
20080626,-2.761
20080627,-2.745
20080628,-2.747
20080629,-2.733
20080630,-2.761
20080701,-2.759
20080702,-2.753
20080703,-2.779
20080704,-2.778
20080705,-2.774
20080706,-2.81
20080707,-2.796
20080708,-2.763
20080709,-2.706
20080710,-2.533
20080711,-2.649
20080712,-2.634
20080713,-2.644
20110315,-2.553
20110316,-2.181
20110317,-2.533
20110318,-2.567
20110319,-2.575
20110320,-2.583
20110321,-2.59
20110322,-2.606
20110323,-2.617
20110324,-2.613
20110325,-2.595
20110326,-2.585
20110327,-2.595
20110328,-2.614
20110329,-2.621
20110330,-2.621
20110331,-2.605
20110401,-2.193
20110402,-2.567
20110403,-2.578
20110404,-2.611
20110405,-2.144
20110406,-2.583
20110407,-2.624
20110408,-2.631
20110409,-2.645
20110410,-2.651
20110411,-2.646
20110412,-2.649
20110413,-2.651
20110414,-2.653
20110415,-2.665
20110416,-2.665
20110417,-2.667
20110418,-2.652
20110419,-2.667
20110420,-2.678
20110421,-2.683
20110422,-2.681
20110423,-2.692
20110424,-2.702
20110425,-2.715
20110426,-2.719
20110427,-2.717
20110428,-2.712
20110429,-2.711
20110430,-2.719
20110501,-2.719
20110502,-2.725
20110503,-2.737
20110504,-2.748
20110505,-2.747
20110506,-2.738
20110507,-2.739
20110508,-2.743
20110509,-2.761
20110510,-2.754
20110511,-2.748
20110512,-2.737
20110513,-2.743
20110514,-2.738
20110515,-2.753
20110516,-2.739
20110517,-2.72
20110518,-2.702
20110519,-2.698
20110520,-2.71
20110521,-2.723
20110522,-2.71
20110523,-2.722
20110524,-2.734
20110525,-2.746
20110526,-2.719
20110527,-2.734
20110528,-2.729
20110529,-2.711
20110530,-2.708
20110531,-2.714
20110601,-2.739
20110602,-2.746
20110603,-2.75
20110604,-2.744
20110605,-2.742
20110606,-2.709
20110607,-2.706
20110608,-2.694
20110609,-2.706
20110610,-2.719
20110611,-2.72
20110612,-2.73
20110613,-2.716
20110614,-2.741
20110615,-2.736
20110616,-2.722
20110617,-2.696
20110618,-2.661
20110619,-2.654
20110620,-2.643
20110621,-2.635
20110622,-2.637
20110623,-2.628
20110624,-2.631
20110625,-2.62
20110626,-2.616
20110627,-2.622
20110628,-2.636
20110629,-2.641
20110630,-2.644
20110701,-2.649
20110702,-2.651
20110703,-2.66
20110704,-2.67
20110705,-2.676
20110706,-2.671
20110707,-2.687
20110708,-2.693
20110709,-2.703
20110710,-2.709
20110711,-2.718
20110712,-2.722
20110713,-2.692
20110714,-2.611
20110715,-2.601
20110716,-2.565
20110717,-2.517
20110718,-2.49
20110719,-2.42
20110720,-2.488
20110721,-2.537
20110722,-2.555
20110723,-2.562
20110724,-2.501
20110725,-2.456
20110726,-2.431
20110727,-2.443
20110728,-2.455
20110729,-2.469
20110730,-2.484
20110731,-2.498
20110801,-2.517
20110802,-2.538
20110803,-2.551
20110804,-2.545
20110805,-2.512
20110806,-2.487
20110807,-2.468
20110808,-2.46
20110809,-2.443
20110810,-2.468
20110811,-2.424
20110812,-2.396
20110813,-2.396
20110814,-2.319
20110815,-2.422
20110816,-2.44
20110817,-2.472
20110818,-2.49
20110819,-2.5
20110820,-2.509
20110821,-2.517
20110822,-2.551
20110823,-2.556
20110824,-2.563
20110825,-2.55
20110826,-2.528
20110827,-2.52
20110828,-2.516
20110829,-2.486
20110830,-2.457
20110831,-2.462
20110901,-2.463
20110902,-2.475
20110903,-2.485
20110904,-2.503
20110905,-2.504
20110906,-2.503
20110907,-2.477
20110908,-2.41
20110909,-2.357
20110910,-2.339
20110911,-2.342
20110912,-2.336
20110913,-2.365
20110914,-2.401
20110915,-2.42
20110916,-2.427
20110917,-2.423
20110918,-2.406
20110919,-2.42
20110920,-2.442
20110921,-2.449
20110922,-2.465
20110923,-2.482
20110924,-2.492
20110925,-2.514
20110926,-2.528
20110927,-2.553
20110928,-2.56
20110929,-2.559
20110930,-2.564
20111001,-2.576
20111002,-2.582
20111003,-2.23
20111004,-2.579
20111005,-2.589
20111006,-2.554
20111007,-2.491
20111008,-2.444
20111009,-2.405
20111010,-2.353
20111011,-2.332
20111012,-2.105
20111013,-2.343
20111014,-2.358
20111015,-2.382
20111016,-2.396
20111017,-2.392
20111018,-2.387
20111019,-2.373
20111020,-2.346
20111021,-2.367
20111022,-2.372
20111023,-2.382
20111024,-2.384
20111025,-2.41
20111026,-2.423
20111027,-2.439
20111028,-2.465
20111029,-2.471
20111030,-2.455
20111031,-2.451
20111101,-2.467
20111102,-2.475
20111103,-2.453
20111104,-2.464
20111105,-2.479
20111106,-2.52
20111107,-2.535
20111108,-2.518
20111109,-2.523
20111110,-2.548
20111111,-2.553
20111112,-2.567
20111113,-2.565
20111114,-2.551
20111115,-2.573
20111116,-2.566
20111117,-2.575
20111118,-2.567
20111119,-2.581
20111120,-2.583
20111121,-2.582
20111122,-2.583
20111123,-2.591
20111124,-2.591
20111125,-2.576
20111126,-2.578
20111127,-2.557
20111128,-2.584
20111129,-2.562
20111130,-2.586
20111201,-2.56
20111202,-2.488
20111203,-2.409
20111204,-2.381
20111205,-2.354
20111206,-2.319
20111207,-2.292
20111208,-2.303
20111209,-2.271
20111210,-2.279
20111211,-2.285
20111212,-2.288
20111213,-2.254
20111214,-2.25
20111215,-2.262
20111216,-2.242
20111217,-2.265
20111218,-2.269
20111219,-2.281
20111220,-2.259
20111221,-2.272
20111222,-2.283
20111223,-2.28
20111224,-2.216
20111225,-2.262
20111226,-2.288
20111227,-2.312
20111228,-2.298
20111229,-2.316
20111230,-2.303
20111231,-2.293
20120101,-2.286
20120102,-2.236
20120103,-2.191
20120104,-2.198
20120105,-2.146
20120106,-2.206
20120107,-2.194
20120108,-2.212
20120109,-2.231
20120110,-2.261
20120111,-2.282
20120112,-2.275
20120113,-2.317
20120114,-2.34
20120115,-2.356
20120116,-2.374
20120117,-2.389
20120118,-2.394
20120119,-2.366
20120120,-2.353
20120121,-2.315
20120122,-2.304
20120123,-2.315
20120124,-2.32
20120125,-2.328
20120126,-2.317
20120127,-2.323
20120128,-2.354
20120129,-2.368
20120130,-2.38
20120131,-2.409
20120201,-2.452
20120202,-2.473
20120203,-2.475
20120204,-2.497
20120205,-2.494
20120206,-2.509
20120207,-2.53
20120208,-2.531
20120209,-2.524
20120210,-2.531
20120211,-2.529
20120212,-2.51
20120213,-2.502
20120214,-2.49
20120215,-2.46
20120216,-2.455
20120217,-2.429
20120218,-2.39
20120219,-2.378
20120220,-2.307
20120221,-1.962
20120222,-2.322
20120223,-2.334
20120224,-2.349
20120225,-2.371
20120226,-2.397
20120227,-2.301
20120228,-2.386
20120229,-2.419
20120301,-2.416
20120302,-2.448
20120303,-2.443
20120304,-2.451
20120305,-2.436
20120306,-2.457
20120307,-2.447
20120308,-2.426
20120309,-2.401
20120310,-2.421
20120311,-2.436
20120312,-2.446
20120313,-2.463
20120314,-2.472
20120315,-2.47
20120316,-2.475
20120317,-2.48
20120318,-2.487
20120319,-2.531
20120320,-2.539
20120321,-2.552
20120322,-2.546
20120323,-2.555
20120324,-2.566
20120325,-2.578
20120326,-2.567
20120327,-2.141
20120328,-2.559
20120329,-2.575
20120330,-2.584
20120331,-2.587
20120401,-2.605
20120402,-2.6
20120403,-2.599
20120404,-2.624
20120405,-2.633
20120406,-2.623
20120407,-2.618
20120408,-2.625
20120409,-2.594
20120410,-2.568
20120411,-2.569
20120412,-2.583
20120413,-2.581
20120414,-2.589
20120415,-2.616
20120416,-2.629
20120417,-2.597
20120418,-2.586
20120419,-2.586
20120420,-2.522
20120421,-2.598
20120422,-2.606
20120423,-2.528
20120424,-2.553
20120425,-2.523
20120426,-2.516
20120427,-2.408
20120428,-2.547
20120429,-2.534
20120430,-2.544
20120501,-2.551
20120502,-2.564
20120503,-2.563
20120504,-2.557
20120505,-2.585
20120506,-2.602
20120507,-2.617
20120508,-2.599
20120509,-2.576
20120510,-2.523
20120511,-2.528
20120512,-2.559
20120513,-2.553
20120514,-2.544
20120515,-2.543
20120516,-2.552
20120517,-2.545
20120518,-2.534
20120519,-2.555
20120520,-2.57
20120521,-2.583
20120522,-2.605
20120523,-2.63
20120524,-2.648
20120525,-2.659
20120526,-2.658
20120527,-2.669
20120528,-2.675
20120529,-2.626
20120530,-2.685
20120531,-2.676
20120601,-2.669
20120602,-2.662
20120603,-2.652
20120604,-2.656
20120605,-2.667
20120606,-2.643
20120607,-2.635
20120608,-2.624
20120609,-2.623
20120610,-2.638
20120611,-2.637
20120612,-2.594
20120613,-2.597
20120614,-2.609
20120615,-2.595
20120616,-2.595
20120617,-2.606
20120618,-2.603
20120619,-2.609
20120620,-2.617
20120621,-2.612
20120622,-2.601
20120623,-2.57
20120624,-2.526
20120625,-2.488
20120626,-2.492
20120627,-2.493
20120628,-2.491
20120629,-2.51
20120630,-2.537
20120701,-2.562
20120702,-2.588
20120703,-2.602
20120704,-2.609
20120705,-2.617
20120706,-2.576
20120707,-2.583
20120708,-2.58
20120709,-2.569
20120710,-2.564
20120711,-2.51
20120712,-2.434
20120713,-2.385
20120714,-2.365
20120715,-2.387
20120716,-2.392
20120717,-2.367
20120718,-2.328
20120719,-2.288
20120720,-2.306
20120721,-2.336
20120722,-2.368
20120723,-2.392
20120724,-2.36
20120725,-2.429
20120726,-2.479
20120727,-2.477
20120728,-2.503
20120729,-2.521
20120730,-2.496
20120731,-2.467
20120801,-2.439
20120802,-2.416
20120803,-2.406
20120804,-2.412
20120805,-2.416
20120806,-2.372
20120807,-2.352
20120808,-2.356
20120809,-2.378
20120810,-2.401
20120811,-2.425
20120812,-2.441
20120813,-2.463
20120814,-2.483
20120815,-2.499
20120816,-2.523
20120817,-2.543
20120818,-2.554
20120819,-2.566
20120820,-2.594
20120821,-2.593
20120822,-2.586
20120823,-2.592
20120824,-2.595
20120825,-2.581
20120826,-2.549
20120827,-2.502
20120828,-2.472
20120829,-2.475
20120830,-2.484
20120831,-2.458
20120901,-2.395
20120902,-2.381
20120903,-2.403
20120904,-2.354
20120905,-2.446
20120906,-2.473
20120907,-2.477
20120908,-2.497
20120909,-2.508
20120910,-2.521
20120911,-2.532
20120912,-2.549
20120913,-2.576
20120914,-2.561
20120915,-2.588
20120916,-2.591
20120917,-2.6
20120918,-2.59
20120919,-2.612
20120920,-2.613
20120921,-2.603
20120922,-2.584
20120923,-2.575
20120924,-2.524
20120925,-2.46
20120926,-2.434
20120927,-2.443
20120928,-2.46
20120929,-2.47
20120930,-2.481
20121001,-2.455
20121002,-2.477
20121003,-2.451
20121004,-2.388
20121005,-2.334
20121006,-2.305
20121007,-2.322
20121008,-2.332
20121009,-2.353
20121010,-2.379
20121011,-2.395
20121012,-2.388
20121013,-2.361
20121014,-2.318
20121015,-2.312
20121016,-2.301
20121017,-2.32
20121018,-2.332
20121019,-2.318
20121020,-2.32
20121021,-2.335
20121022,-2.348
20121023,-2.371
20121024,-2.376
20121025,-2.379
20121026,-2.39
20121027,-2.41
20121028,-2.414
20121029,-2.406
20121030,-2.34
20121031,-2.306
20121101,-2.289
20121102,-2.308
20121103,-2.319
20121104,-2.321
20121105,-2.293
20121106,-2.292
20121107,-2.292
20121108,-2.28
20121109,-2.28
20121110,-2.285
20121111,-2.308
20121112,-2.339
20121113,-2.352
20121114,-2.362
20121115,-2.378
20121116,-2.37
20121117,-2.371
20121118,-2.387
20121119,-2.373
20121120,-2.401
20121121,-2.398
20121122,-2.425
20121123,-2.431
20121124,-2.428
20121125,-2.364
20121126,-2.372
20121127,-2.383
20121128,-2.394
20121129,-2.413
20121130,-2.41
20121201,-2.383
20121202,-2.342
20121203,-2.308
20121204,-2.284
20121205,-2.285
20121206,-2.305
20121207,-2.291
20121208,-2.336
20121209,-2.309
20121210,-2.286
20121211,-2.057
20121212,-2.257
20121213,-2.254
20121214,-2.254
20121215,-2.231
20121216,-2.259
20121217,-2.253
20121218,-2.261
20121219,-2.087
20121220,-2.276
20121221,-2.291
20121222,-2.278
20121223,-2.217
20121224,-2.202
20121225,-2.187
20121226,-2.197
20121227,-2.195
20121228,-2.239
20121229,-2.23
20121230,-2.249
20121231,-2.265
20130101,-2.258
20130102,-2.277
20130103,-2.283
20130104,-2.303
20130105,-2.318
20130106,-2.324
20130107,-2.33
20130108,-2.33
20130109,-2.323
20130110,-2.29
20130111,-2.299
20130112,-2.307
20130113,-2.337
20130114,-2.339
20130115,-2.36
20130116,-2.393
20130117,-2.421
20130118,-2.436
20130119,-2.428
20130120,-2.449
20130121,-2.459
20130122,-2.484
20130123,-2.498
20130124,-2.51
20130125,-2.517
20130126,-2.501
20130127,-2.475
20130128,-2.236
20130129,-2.374
20130130,-2.308
20130131,-2.273
20130201,-2.251
20130202,-2.268
20130203,-2.273
20130204,-2.242
20130205,-2.228
20130206,-2.259
20130207,-2.047
20130208,-2.29
20130209,-2.315
20130210,-2.313
20130211,-2.333
20130212,-2.375
20130213,-2.396
20130214,-2.189
20130215,-2.392
20130216,-2.402
20130217,-2.419
20130218,-2.418
20130219,-2.406
20130220,-2.433
20130221,-2.45
20130222,-2.456
20130223,-2.453
20130224,-2.464
20130225,-2.471
20130227,-2.4744705882352935
20130228,-2.4729166666666664
20130301,-2.47475
20130302,-2.4844583333333334
20130303,-2.4899583333333335
20130304,-2.4869999999999997
20130305,-2.486541666666666
20130306,-2.4767083333333337
20130307,-2.4966666666666666
20130308,-2.5067083333333335
20130309,-2.505708333333333
20130310,-2.48075
20130311,-2.470666666666667
20130312,-2.466666666666667
20130313,-2.4799583333333333
20130314,-2.491375
20130315,-2.4902916666666663
20130316,-2.4736666666666665
20130317,-2.458125000000001
20130318,-2.440166666666667
20130319,-2.446041666666667
20130320,-2.4581250000000003
20130321,-2.4855416666666663
20130322,-2.489833333333333
20130323,-2.5092083333333335
20130324,-2.5271666666666666
20130325,-2.543541666666666
20130326,-2.5532916666666665
20130327,-2.556333333333334
20130328,-2.5606249999999995
20130329,-2.55575
20130330,-2.553291666666667
20130331,-2.558333333333333
20130401,-2.5524583333333335
20130402,-2.566333333333333
20130403,-2.5853333333333333
20130404,-2.6090416666666667
20130405,-2.6418333333333335
20130406,-2.6468333333333334
20130407,-2.629541666666667
20130408,-2.6227916666666666
20130409,-2.625
20130410,-2.619166666666667
20130411,-2.4986666666666664
20130412,-2.128625
20130413,-1.8082500000000001
20130414,-1.7351666666666672
20130415,-1.7088333333333336
20130416,-1.6976249999999997
20130417,-1.7353333333333332
20130418,-1.7414166666666662
20130419,-1.7707916666666665
20130420,-1.7949166666666665
20130421,-1.781
20130422,-1.7777916666666673
20130423,-1.7807083333333338
20130424,-1.7693333333333328
20130425,-1.764833333333333
20130426,-1.7543750000000005
20130427,-1.7558750000000003
20130428,-1.7594999999999998
20130429,-1.757375
20130430,-1.7795000000000003
20130501,-1.8047083333333334
20130502,-1.8466666666666665
20130503,-1.846875
20130504,-1.849333333333333
20130505,-1.8676666666666666
20130506,-1.8735000000000002
20130507,-1.9480000000000002
20130508,-1.9985
20130509,-2.0065416666666667
20130510,-2.009541666666667
20130511,-2.011375
20130512,-2.0044999999999997
20130513,-1.9922083333333331
20130514,-1.9714166666666666
20130515,-1.9511666666666672
20130516,-1.9548333333333334
20130517,-1.9476666666666664
20130518,-1.9498333333333335
20130519,-1.9566666666666668
20130520,-1.9500833333333336
20130521,-2.03475
20130522,-2.1641249999999994
20130523,-2.177875
20130524,-2.204333333333334
20130525,-2.2235
20130526,-2.2174583333333335
20130527,-2.2165416666666666
20130528,-2.2819583333333333
20130529,-2.4205416666666673
20130530,-2.4639166666666665
20130531,-2.48975
20130601,-2.509958333333333
20130602,-2.5317499999999997
20130603,-2.5457916666666662
20130604,-2.546416666666666
20130605,-2.5484583333333326
20130606,-2.556333333333333
20130607,-2.5727499999999996
20130608,-2.5787500000000008
20130609,-2.579041666666667
20130610,-2.5858333333333334
20130611,-2.595166666666667
20130612,-2.6179166666666673
20130613,-2.6134166666666663
20130614,-2.6141249999999996
20130615,-2.600333333333334
20130616,-2.6020833333333333
20130617,-2.618958333333333
20130618,-2.6249999999999996
20130619,-2.6394583333333337
20130620,-2.6379583333333336
20130621,-2.568875
20130622,-2.4731666666666667
20130623,-2.425791666666666
20130624,-2.413291666666666
20130625,-2.4287499999999995
20130626,-2.4393333333333334
20130627,-2.4477500000000005
20130628,-2.4375
20130629,-2.437333333333334
20130630,-2.4422083333333338
20130701,-2.450958333333333
20130702,-2.4663750000000007
20130703,-2.4801249999999997
20130704,-2.510500000000001
20130705,-2.5404583333333326
20130706,-2.5595416666666675
20130707,-2.5774166666666667
20130708,-2.586041666666667
20130709,-2.5912500000000005
20130710,-2.5972916666666666
20130711,-2.6080833333333335
20130712,-2.6177083333333337
20130713,-2.6297500000000005
20130714,-2.6380000000000003
20130715,-2.6499166666666665
20130716,-2.6666666666666656
20130717,-2.6794166666666666
20130718,-2.688333333333334
20130719,-2.6950000000000003
20130720,-2.7005
20130721,-2.7033750000000007
20130722,-2.712541666666667
20130723,-2.7225416666666664
20130724,-2.7258333333333327
20130725,-2.727083333333333
20130726,-2.7267499999999996
20130727,-2.7135833333333337
20130728,-2.692375
20130729,-2.685625
20130730,-2.676541666666667
20130731,-2.639333333333334
20130801,-2.641958333333333
20130802,-2.650041666666667
20130803,-2.6712916666666664
20130804,-2.689416666666667
20130805,-2.6898750000000002
20130806,-2.7000000000000006
20130807,-2.70175
20130808,-2.6809166666666666
20130809,-2.6645000000000003
20130810,-2.6709583333333335
20130811,-2.6726666666666663
20130812,-2.6765000000000003
20130813,-2.6880833333333345
20130814,-2.7008750000000004
20130815,-2.6911666666666663
20130816,-2.6944999999999997
20130817,-2.697083333333333
20130818,-2.6974583333333335
20130819,-2.7042500000000005
20130820,-2.6783333333333332
20130821,-2.662458333333332
20130822,-2.6557083333333327
20130823,-2.6623749999999995
20130824,-2.669666666666666
20130825,-2.690375
20130826,-2.7159999999999997
20130827,-2.7266250000000003
20130828,-2.7445
20130829,-2.750833333333333
20130830,-2.7508333333333326
20130831,-2.7624999999999997
20130901,-2.772083333333334
20130902,-2.7711666666666672
20130903,-2.7825
20130904,-2.787625
20130905,-2.782208333333333
20130906,-2.7895833333333333
20130907,-2.8048333333333333
20130908,-2.779458333333333
20130909,-2.725458333333334
20130910,-2.6906249999999994
20130911,-2.6773749999999996
20130912,-2.664291666666666
20130913,-2.659125
20130914,-2.628333333333333
20130915,-2.5912916666666668
20130916,-2.5649583333333337
20130917,-2.5438333333333327
20130918,-2.5299583333333326
20130919,-2.5319999999999996
20130920,-2.5338749999999997
20130921,-2.542666666666666
20130922,-2.547375
20130923,-2.5415
20130924,-2.5135416666666663
20130925,-2.5472499999999996
20130926,-2.559416666666667
20130927,-2.585083333333334
20130928,-2.6011249999999997
20130929,-2.6121250000000003
20130930,-2.6278333333333337
20131001,-2.6465416666666663
20131002,-2.6610833333333335
20131003,-2.6688333333333336
20131004,-2.545708333333334
20131005,-2.37525
20131006,-2.6002500000000004
20131007,-2.6557500000000007
20131008,-2.6629166666666664
20131009,-2.6477083333333336
20131010,-2.643125
20131011,-2.6658749999999993
20131012,-2.6445
20131013,-2.6034166666666665
20131014,-2.5517500000000006
20131015,-2.5385000000000004
20131016,-2.533291666666666
20131017,-2.523166666666666
20131018,-2.5461666666666662
20131019,-2.534833333333332
20131020,-2.510291666666667
20131021,-2.5126666666666675
20131022,-2.510791666666667
20131023,-2.512875
20131024,-2.545166666666667
20131025,-2.537875
20131026,-2.5348333333333333
20131027,-2.5224166666666665
20131028,-2.4883333333333337
20131029,-2.487624999999999
20131030,-2.4788333333333328
20131031,-2.4599583333333346
20131101,-2.439416666666667
20131102,-2.399458333333334
20131103,-2.387458333333333
20131104,-2.3597499999999996
20131105,-2.3349166666666665
20131106,-2.315958333333333
20131107,-2.292791666666666
20131108,-2.2835416666666664
20131109,-2.285
20131110,-2.265083333333334
20131111,-2.271041666666667
20131112,-2.2715833333333335
20131113,-2.2810833333333336
20131114,-2.273916666666666
20131115,-2.30725
20131116,-2.31725
20131117,-2.3245833333333334
20131118,-2.3092083333333338
20131119,-2.313125
20131120,-2.3107499999999996
20131121,-2.3373333333333335
20131122,-2.369833333333333
20131123,-2.3870000000000005
20131124,-2.402208333333333
20131125,-2.4124166666666667
20131126,-2.4084166666666667
20131127,-2.4034999999999997
20131128,-2.403625
20131129,-2.3643749999999994
20131130,-2.343041666666667
20131201,-2.343291666666667
20131202,-2.3504166666666673
20131203,-2.345083333333333
20131204,-2.3499166666666667
20131205,-2.325416666666667
20131206,-2.316875
20131207,-2.3129166666666667
20131208,-2.3037916666666667
20131209,-2.3152916666666665
20131210,-2.33475
20131211,-2.343
20131212,-2.3475555555555556
20131217,-1.63675
20131218,-1.5861249999999993
20131219,-1.5507916666666663
20131220,-1.56325
20131221,-1.5451666666666668
20131222,-1.499666666666667
20131223,-1.47475
20131224,-1.4330416666666663
20131225,-1.4232916666666668
20131226,-1.4422083333333333
20131227,-1.433958333333333
20131228,-1.449083333333333
20131229,-1.4852916666666662
20131230,-1.5232916666666665
20131231,-1.5826666666666667
20140101,-1.5899999999999999
20140102,-1.5943750000000003
20140103,-1.6069166666666665
20140104,-1.6064166666666664
20140105,-1.6129166666666663
20140106,-1.6025
20140107,-1.574041666666667
20140108,-1.621041666666667
20140109,-1.667416666666666
20140110,-1.6640833333333334
20140111,-1.6791666666666665
20140112,-1.695
20140113,-1.6883333333333335
20140114,-1.7082083333333327
20140115,-1.7565833333333334
20140116,-1.7255833333333337
20140117,-1.7173333333333332
20140118,-1.7222083333333333
20140119,-1.7472083333333333
20140120,-1.835
20140121,-1.9412500000000001
20140122,-1.9479166666666667
20140123,-1.9600000000000002
20140124,-1.97825
20140125,-1.987833333333333
20140126,-1.948625
20140127,-1.9206666666666667
20140128,-1.9928750000000004
20140129,-2.0362499999999994
20140130,-2.0881666666666665
20140131,-2.1052500000000003
20140201,-2.0905416666666667
20140202,-2.110833333333333
20140203,-2.1185833333333335
20140204,-2.1192083333333334
20140205,-2.060583333333333
20140206,-2.104125
20140207,-2.0813333333333337
20140208,-2.0569583333333337
20140209,-2.0461249999999995
20140210,-2.0657083333333337
20140211,-2.035458333333333
20140212,-2.1069166666666668
20140213,-2.172375
20140214,-2.1997916666666666
20140215,-2.1776666666666666
20140216,-2.214166666666666
20140217,-2.252666666666667
20140218,-2.2507916666666667
20140219,-2.25625
20140220,-2.245166666666667
20140221,-2.2511666666666668
20140222,-2.3206666666666664
20140223,-2.3541249999999994
20140224,-2.3688333333333333
20140225,-2.374958333333333
20140226,-2.399625
20140227,-2.403458333333333
20140228,-2.3939166666666667
20140301,-2.3997083333333333
20140302,-2.4041666666666663
20140303,-2.4077499999999996
20140304,-2.450083333333333
20140305,-2.4974583333333333
20140306,-2.4922500000000003
20140307,-2.490458333333333
20140308,-2.5142916666666664
20140309,-2.5109999999999997
20140310,-2.5155833333333324
20140311,-2.5389166666666663
20140312,-2.5397499999999993
20140313,-2.5375416666666664
20140314,-2.5332500000000007
20140315,-2.529208333333333
20140316,-2.5296249999999993
20140317,-2.5396249999999996
20140318,-2.5220416666666674
20140319,-2.509125
20140320,-2.5011249999999996
20140321,-2.4763750000000004
20140322,-2.417833333333333
20140323,-2.4175
20140324,-2.437416666666666
20140325,-2.4432500000000004
20140326,-2.4459166666666667
20140327,-2.4512083333333337
20140328,-2.4707916666666665
20140329,-2.4695
20140330,-2.470666666666667
20140331,-2.4797499999999997
20140401,-2.480541666666666
20140402,-2.49225
20140403,-2.5130000000000003
20140404,-2.530583333333333
20140405,-2.5332500000000002
20140406,-2.5364166666666668
20140407,-2.514625
20140408,-2.490041666666666
20140409,-2.47725
20140410,-2.467875
20140411,-2.498958333333334
20140412,-2.5027083333333335
20140413,-2.515375
20140414,-2.530249999999999
20140415,-2.554916666666666
20140416,-2.5642500000000004
20140417,-2.5520416666666663
20140418,-2.560458333333333
20140419,-2.5774999999999997
20140420,-2.5749999999999997
20140421,-2.5758750000000004
20140422,-2.5862916666666673
20140423,-2.596958333333333
20140424,-2.567416666666667
20140425,-2.5459583333333335
20140426,-2.5399999999999996
20140427,-2.538041666666667
20140428,-2.5436666666666663
20140429,-2.5387083333333327
20140430,-2.527083333333333
20140501,-2.516458333333334
20140502,-2.5226666666666664
20140503,-2.5327083333333325
20140504,-2.529874999999999
20140505,-2.5287916666666663
20140506,-2.5309166666666667
20140507,-2.549375
20140508,-2.5416666666666656
20140509,-2.523833333333334
20140510,-2.486916666666667
20140511,-2.444083333333333
20140512,-2.42025
20140513,-2.421791666666666
20140514,-2.440208333333333
20140515,-2.456416666666667
20140516,-2.46275
20140517,-2.4629166666666666
20140518,-2.462708333333334
20140519,-2.479833333333333
20140520,-2.544083333333333
20140521,-2.5567916666666664
20140522,-2.560375
20140523,-2.5745833333333334
20140524,-2.575875000000001
20140525,-2.58475
20140526,-2.5892083333333336
20140527,-2.474916666666667
20140528,-2.3874999999999993
20140529,-2.3246249999999997
20140530,-2.315958333333334
20140531,-2.331791666666667
20140601,-2.360333333333333
20140602,-2.388958333333333
20140603,-2.410708333333333
20140604,-2.416541666666667
20140605,-2.3949166666666666
20140606,-2.3649166666666663
20140607,-2.398875
20140608,-2.4269166666666666
20140609,-2.4305
20140610,-2.4640416666666662
20140611,-2.4792499999999995
20140612,-2.497333333333333
20140613,-2.509
20140614,-2.515083333333334
20140615,-2.5325
20140616,-2.541708333333333
20140617,-2.5435000000000003
20140618,-2.563125
20140619,-2.562291666666667
20140620,-2.571291666666667
20140621,-2.577166666666667
20140622,-2.5915416666666666
20140623,-2.59625
20140624,-2.5824583333333333
20140625,-2.5822083333333334
20140626,-2.5855000000000006
20140627,-2.577166666666667
20140628,-2.5619583333333327
20140629,-2.5537916666666662
20140630,-2.5591666666666666
20140701,-2.563916666666667
20140702,-2.5720000000000005
20140703,-2.5717999999999996
20141030,-1.9157
20141031,-1.9162499999999998
20141101,-1.916041666666666
20141102,-1.9132499999999997
20141103,-1.9270833333333333
20141104,-2.019958333333333
20141105,-2.038708333333333
20141106,-2.053291666666666
20141107,-2.0465416666666663
20141108,-2.0652500000000003
20141109,-2.079125
20141110,-2.083750000000001
20141111,-2.0856250000000003
20141112,-2.085666666666667
20141113,-2.1037500000000002
20141114,-2.1040833333333335
20141115,-2.0985833333333335
20141116,-2.073958333333333
20141117,-2.094458333333333
20141118,-2.04175
20141119,-2.157208333333333
20141120,-2.0852916666666665
20141121,-2.178458333333334
20141122,-2.195208333333334
20141123,-2.2089166666666666
20141124,-2.2159166666666668
20141125,-2.215708333333334
20141126,-2.233583333333333
20141127,-2.318625
20141128,-2.345
20141129,-2.370208333333333
20141130,-2.379291666666667
20141201,-2.3922083333333335
20141202,-2.402958333333332
20141203,-2.4194583333333326
20141204,-2.4196666666666666
20141205,-2.4186666666666663
20141206,-2.4361666666666673
20141207,-2.4215
20141208,-2.4476666666666667
20141209,-2.4832083333333332
20141210,-2.4410416666666666
20141211,-2.423666666666666
20141212,-2.4008749999999996
20141213,-2.398916666666667
20141214,-2.404125
20141215,-2.4021249999999994
20141216,-2.4095416666666662
20141217,-2.398791666666667
20141218,-2.4139166666666663
20141219,-2.403625
20141220,-2.397625
20141221,-2.3963333333333336
20141222,-2.389041666666667
20141223,-2.3895416666666667
20141224,-2.3638333333333326
20141225,-2.3823333333333334
20141226,-2.396291666666667
20141227,-2.3865416666666666
20141228,-2.442833333333334
20141229,-2.4555833333333337
20141230,-2.4527083333333337
20141231,-2.4473750000000005
20150101,-2.447791666666667
20150102,-2.4311666666666665
20150103,-2.4405
20150104,-2.4651666666666663
20150105,-2.470333333333333
20150106,-2.467958333333334
20150107,-2.4742916666666672
20150108,-2.463083333333334
20150109,-2.4121666666666663
20150110,-2.3801666666666663
20150111,-2.3868750000000003
20150112,-2.386333333333334
20150113,-2.3300416666666663
20150114,-2.2905
20150115,-2.254583333333333
20150116,-2.2654583333333327
20150117,-2.290791666666667
20150118,-2.298291666666666
20150119,-2.303666666666667
20150120,-2.316625
20150121,-2.343458333333333
20150122,-2.378083333333333
20150123,-2.4055
20150124,-2.4123749999999995
20150125,-2.4313749999999996
20150126,-2.385125
20150127,-2.3580416666666664
20150128,-2.3134166666666656
20150129,-2.263041666666666
20150130,-2.2535833333333337
20150131,-2.276708333333333
20150201,-2.31075
20150202,-2.3329166666666667
20150203,-2.3408333333333338
20150204,-2.365458333333333
20150205,-2.351913043478261
20150206,-2.395125
20150207,-2.407125
20150208,-2.4011249999999995
20150209,-2.404583333333333
20150210,-2.411708333333333
20150211,-2.408583333333333
20150212,-2.414041666666666
20150213,-2.4146249999999996
20150214,-2.431666666666666
20150215,-2.4637500000000006
20150216,-2.478875
20150217,-2.503791666666667
20150218,-2.5150833333333336
20150219,-2.3880434782608697
20150220,-2.433833333333333
20150221,-2.3835
20150222,-2.3685416666666668
20150223,-2.3280833333333333
20150224,-2.3313333333333337
20150225,-2.344375
20150226,-2.313791666666667
20150227,-2.2944999999999998
20150228,-2.2880833333333332
20150301,-2.283208333333333
20150302,-2.3186666666666667
20150303,-2.363916666666667
20150304,-2.363916666666667
20150305,-2.383833333333334
20150306,-2.3830833333333334
20150307,-2.3882499999999998
20150308,-2.410333333333333
20150309,-2.437416666666666
20150310,-2.453208333333333
20150311,-2.4750833333333335
20150312,-2.5063333333333335
20150313,-2.520125
20150314,-2.5528333333333335
20150315,-2.567041666666667
20150316,-2.566666666666667
20150317,-2.5564999999999993
20150318,-2.581833333333333
20150319,-2.5987916666666666
20150320,-2.6024999999999996
20150321,-2.5872916666666663
20150322,-2.600166666666667
20150323,-2.5854166666666667
20150324,-2.5864166666666666
20150325,-2.5785000000000005
20150326,-2.5535624999999995
20150327,-2.5487499999999996
20150328,-2.53375
20150329,-2.4757499999999997
20150330,-2.461375
20150331,-2.42575
20150401,-2.445125
20150402,-2.41775
20150403,-2.423
20150404,-2.444
20150405,-2.474875
20150406,-2.495
20150407,-2.518375
20150408,-2.510875
20150409,-2.505625
20150410,-2.533375
20150411,-2.5168749999999998
20150412,-2.543
20150413,-2.568125
20150414,-2.5568750000000002
20150415,-2.584
20150416,-2.617
20150417,-2.63225
20150418,-2.6595
20150419,-2.66375
20150420,-2.67575
20150421,-2.674285714285714
20150422,-2.668625
20150423,-2.666125
20150424,-2.673375
20150425,-2.660625
20150426,-2.675875
20150427,-2.679
20150428,-2.68825
20150429,-2.70075
20150430,-2.65325
20150501,-2.639875
20150502,-2.6252500000000003
20150503,-2.620125
20150504,-2.6078749999999995
20150505,-2.6051249999999997
20150506,-2.601375
20150507,-2.626875
20150508,-2.631375
20150509,-2.612625
20150510,-2.6396249999999997
20150511,-2.651875
20150512,-2.6235714285714287
20150513,-2.66075
20150514,-2.6598749999999995
20150515,-2.6854999999999998
20150516,-2.679125
20150517,-2.694
20150518,-2.6612499999999994
20150519,-2.660625
20150520,-2.6657500000000005
20150521,-2.68525
20150522,-2.681375
20150523,-2.68575
20150524,-2.6872499999999997
20150525,-2.6751250000000004
20150526,-2.7003749999999997
20150527,-2.6992499999999997
20150528,-2.6883749999999993
20150529,-2.684875
20150530,-2.689125
20150531,-2.68675
20150601,-2.675625
20150602,-2.6605
20150603,-2.7015
20150604,-2.724
20150605,-2.701375
20150606,-2.716125
20150607,-2.737125
20150608,-2.746375
20150609,-2.751125
20150610,-2.7555
20150611,-2.740875
20150612,-2.6934285714285715
20150613,-2.7363750000000002
20150614,-2.761125
20150615,-2.7795
20150616,-2.7865
20150617,-2.782375
20150618,-2.76825
20150619,-2.775875
20150620,-2.777875
20150621,-2.766375
20150622,-2.747375000000001
20150623,-2.7608749999999995
20150624,-2.7488749999999995
20150625,-2.7594999999999996
20150626,-2.69825
20150627,-2.6753750000000003
20150628,-2.6908749999999997
20150629,-2.690625
20150630,-2.6883749999999997
20150701,-2.6875
20150702,-2.7351250000000005
20150703,-2.7352500000000006
20150704,-2.6965
20150705,-2.6697499999999996
20150706,-2.631875
20150707,-2.611875
20150708,-2.613375
20150709,-2.6195000000000004
20150710,-2.647625
20150711,-2.654875
20150712,-2.666375
20150713,-2.6460000000000004
20150714,-2.6412500000000003
20150715,-2.635625
20150716,-2.618375
20150717,-2.6075000000000004
20150718,-2.6308749999999996
20150719,-2.609125
20150720,-2.6087499999999997
20150721,-2.618
20150722,-2.638625
20150723,-2.6464999999999996
20150724,-2.64525
20150725,-2.62275
20150726,-2.6236250000000005
20150727,-2.5612500000000002
20150728,-2.475
20150729,-2.435625
20150730,-2.39025
20150731,-2.40125
20150801,-2.409375
20150802,-2.429625
20150803,-2.46
20150804,-2.49325
20150805,-2.50325
20150806,-2.489375
20150807,-2.5090000000000003
20150808,-2.541125
20150809,-2.506375
20150810,-2.538625
20150811,-2.5557499999999997
20150812,-2.5715
20150813,-2.577
20150814,-2.577125
20150815,-2.597875
20150816,-2.59775
20150817,-2.521
20150818,-2.445375
20150819,-2.4145
20150820,-2.4301250000000003
20150821,-2.46175
20150822,-2.47075
20150823,-2.476625
20150824,-2.485875
20150825,-2.4755000000000003
20150826,-2.45775
20150827,-2.398375
20150828,-2.346375
20150829,-2.351
20150830,-2.3583750000000006
20150831,-2.33575
20150901,-2.288125
20150902,-2.282
20150903,-2.281125
20150904,-2.249625
20150905,-2.20725
20150906,-2.204375
20150907,-2.2016250000000004
20150908,-2.22175
20150909,-2.2385
20150910,-2.26575
20150911,-2.3041250000000004
20150912,-2.2995
20150913,-2.3203750000000003
20150914,-2.319375
20150915,-2.3324999999999996
20150916,-2.3120000000000003
20150917,-2.2996250000000003
20150918,-2.292125
20150919,-2.3278749999999997
20150920,-2.3394999999999997
20150921,-2.334875
20150922,-2.3161249999999995
20150923,-2.3436250000000003
20150924,-2.3585000000000003
20150925,-2.3655
20150926,-2.3685
20150927,-2.3909999999999996
20150928,-2.406875
20150929,-2.414
20150930,-2.410625
20151001,-2.4262499999999996
20151002,-2.4219999999999997
20151003,-2.42475
20151004,-2.4382499999999996
20151005,-2.4723749999999995
20151006,-2.471
20151007,-2.4786250000000005
20151008,-2.4777500000000003
20151009,-2.462875
20151010,-2.4482500000000003
20151011,-2.463
20151012,-2.465125
20151013,-2.5078750000000003
20151014,-2.517
20151015,-2.51075
20151016,-2.481125
20151017,-2.431625
20151018,-2.4326250000000003
20151019,-2.425375
20151020,-2.4157499999999996
20151021,-2.400625
20151022,-2.389125
20151023,-2.4091250000000004
20151024,-2.403375
20151025,-2.433
20151026,-2.445125
20151027,-2.442125
20151028,-2.4227499999999997
20151029,-2.461625
20151030,-2.4822499999999996
20151031,-2.495625
20151101,-2.497
20151102,-2.5052499999999998
20151103,-2.506
20151104,-2.467625
20151105,-2.50375
20151106,-2.485125
20151107,-2.4397499999999996
20151108,-2.4185
20151109,-2.4004999999999996
20151110,-2.3797499999999996
20151111,-2.374625
20151112,-2.37925
20151113,-2.3605
20151114,-2.355
20151115,-2.275
20151116,-2.24125
20151117,-2.20875
20151118,-2.1980000000000004
20151119,-2.1769999999999996
20151120,-2.19475
20151121,-2.18825
20151122,-2.209
20151123,-2.229375
20151124,-2.197375
20151125,-2.1891249999999998
20151126,-2.2113750000000003
20151127,-2.2113750000000003
20151128,-2.204375
20151129,-2.1938750000000002
20151130,-2.20325
20151201,-2.1921250000000003
20151202,-2.196875
20151203,-2.2083749999999998
20151204,-2.2182500000000003
20151205,-2.2331250000000002
20151206,-2.24725
20151207,-2.2948749999999998
20151208,-2.3181249999999998
20151209,-2.3064999999999998
20151210,-2.3085
20151211,-2.3083333333333336
20170915,-2.0886
20170916,-2.126125
20170917,-2.133375
20170918,-2.1295
20170919,-2.1384999999999996
20170920,-2.124
20170921,-2.1385
20170922,-2.208375
20170923,-2.254125
20170924,-2.2745
20170925,-2.2812500000000004
20170926,-2.273125
20170927,-2.2627499999999996
20170928,-2.2975
20170929,-2.3345000000000002
20170930,-2.308375
20171001,-2.27925
20171002,-2.2312499999999997
20171003,-2.2358750000000005
20171004,-2.2606249999999997
20171005,-2.273625
20171006,-2.2431249999999996
20171007,-2.2106250000000003
20171008,-2.161875
20171009,-2.160125
20171010,-2.165375
20171011,-2.166375
20171012,-2.15875
20171013,-2.21075
20171014,-2.2449999999999997
20171015,-2.247
20171016,-2.2359999999999998
20171017,-2.2535
20171018,-2.2962499999999997
20171019,-2.3110000000000004
20171020,-2.29225
20171021,-2.225375
20171022,-2.194
20171023,-2.17775
20171024,-2.157
20171025,-2.1512499999999997
20171026,-2.1658749999999998
20171027,-2.165375
20171028,-2.17125
20171029,-2.199
20171030,-2.23475
20171031,-2.247625
20171101,-2.2422500000000003
20171102,-2.232
20171103,-2.261625
20171104,-2.269
20171105,-2.265625
20171106,-2.279125
20171107,-2.2683750000000003
20171108,-2.23675
20171109,-2.259
20171110,-2.267375
20171111,-2.22425
20171112,-2.2025
20171113,-2.18325
20171114,-2.1263750000000003
20171115,-2.146125
20171116,-2.151625
20171117,-2.1405
20171118,-2.134125
20171119,-2.12925
20171120,-2.09325
20171121,-2.08275
20171122,-2.052375
20171123,-1.99575
20171124,-2.0842499999999995
20171125,-2.10625
20171126,-2.10225
20171127,-2.08275
20171128,-2.0772500000000003
20171129,-2.075625
20171130,-2.0892500000000003
20171201,-2.132
20171202,-2.1266249999999998
20171203,-2.142
20171204,-2.1624999999999996
20171205,-2.1487499999999997
20171206,-2.161375
20171207,-2.1405000000000003
20171208,-2.09975
20171209,-2.0869999999999997
20171210,-2.0782499999999997
20171211,-2.090375
20171212,-2.122
20171213,-2.02875
20171214,-2.0375
20171215,-2.0633749999999997
20171216,-2.1077500000000002
20171217,-2.1187500000000004
20171218,-2.136125
20171219,-2.152875
20171220,-2.1302499999999993
20171221,-2.1544999999999996
20171222,-2.1674999999999995
20171223,-2.156625
20171224,-2.17275
20171225,-2.171375
20171226,-2.1425
20171227,-2.163125
20171228,-2.17675
20171229,-2.146
20171230,-2.1365
20171231,-2.112
20180101,-2.076625
20180102,-2.0999999999999996
20180103,-2.05075
20180104,-2.034875
20180105,-2.0584999999999996
20180106,-2.091625
20180107,-2.11275
20180108,-2.153375
20180109,-2.1645
20180110,-2.17675
20180111,-2.218375
20180112,-2.2399999999999998
20180113,-2.214875
20180114,-2.228375
20180115,-2.2032499999999997
20180116,-2.1395
20180117,-2.1628749999999997
20180118,-2.1048750000000003
20180119,-2.109625
20180120,-2.0927500000000006
20180121,-2.13525
20180122,-2.1445
20180123,-2.15875
20180124,-2.147625
20180125,-2.125625
20180126,-2.117
20180127,-2.130875
20180128,-2.1494999999999997
20180129,-2.1432499999999997
20180130,-2.152
20180131,-2.1171249999999997
20180201,-2.0987500000000003
20180202,-2.1245000000000003
20180203,-2.152875
20180204,-2.1801250000000003
20180205,-2.19825
20180206,-2.199875
20180207,-2.214875
20180208,-2.251
20180209,-2.269125
20180210,-2.28575
20180211,-2.258625
20180212,-2.275125
20180213,-2.2457499999999997
20180214,-2.2695
20180215,-2.2775
20180216,-2.2931250000000003
20180217,-2.311125
20180218,-2.316
20180219,-2.29425
20180220,-2.3197500000000004
20180221,-2.34725
20180222,-2.34825
20180223,-2.35975
20180224,-2.383
20180225,-2.3665000000000003
20180226,-2.391375
20180227,-2.4063749999999997
20180228,-2.3979999999999997
20180301,-2.4128750000000005
20180302,-2.398125
20180303,-2.3842499999999998
20180304,-2.3893750000000002
20180305,-2.398
20180306,-2.3895
20180307,-2.3906249999999996
20180308,-2.3796250000000003
20180309,-2.3315
20180310,-2.3104999999999998
20180311,-2.2965
20180312,-2.29
20180313,-2.320375
20180314,-2.3425000000000002
20180315,-2.31875
20180316,-2.3516249999999994
20180317,-2.3695
20180318,-2.348875
20180319,-2.3994999999999997
20180320,-2.3993749999999996
20180321,-2.4234999999999998
20180322,-2.4026249999999996
20180323,-2.39
20180324,-2.391
20180325,-2.4102500000000004
20180326,-2.42075
20180327,-2.4242500000000002
20180328,-2.406375
20180329,-2.373125
20180330,-2.336625
20180331,-2.307875
20180401,-2.3378750000000004
20180402,-2.365
20180403,-2.335375
20180404,-2.3051250000000003
20180405,-2.268875
20180406,-2.25425
20180407,-2.2485
20180408,-2.2646249999999997
20180409,-2.2971250000000003
20180410,-2.3395
20180411,-2.3686249999999998
20180412,-2.36375
20180413,-2.37425
20180414,-2.39975
20180415,-2.4087500000000004
20180416,-2.431
20180417,-2.440375
20180418,-2.43325
20180419,-2.437
20180420,-2.4375000000000004
20180421,-2.468
20180422,-2.4924999999999997
20180423,-2.505125
20180424,-2.493125
20180425,-2.47225
20180426,-2.4646250000000003
20180427,-2.4836250000000004
20180428,-2.516375
20180429,-2.5106250000000006
20180430,-2.429875
20180501,-2.3885
20180502,-2.3770000000000002
20180503,-2.41425
20180504,-2.4519999999999995
20180505,-2.4274999999999998
20180506,-2.41025
20180507,-2.444
20180508,-2.4317499999999996
20180509,-2.461125
20180510,-2.4926250000000003
20180511,-2.4761249999999997
20180512,-2.4536249999999997
20180513,-2.45575
20180514,-2.43425
20180515,-2.4446250000000003
20180516,-2.483125
20180517,-2.479125
20180518,-2.44775
20180519,-2.461875
20180520,-2.472125
20180521,-2.4899999999999993
20180522,-2.5362500000000003
20180523,-2.5451250000000005
20180524,-2.5253750000000004
20180525,-2.5201249999999997
20180526,-2.543375
20180527,-2.57525
20180528,-2.6101250000000005
20180529,-2.59775
20180530,-2.502375
20180531,-2.4335
20180601,-2.36025
20180602,-2.34
20180603,-2.36075
20180604,-2.3461250000000002
20180605,-2.3295
20180606,-2.3365
20180607,-2.3581250000000002
20180608,-2.3991249999999997
20180609,-2.45175
20180610,-2.447
20180611,-2.440875
20180612,-2.4777500000000003
20180613,-2.501375
20180614,-2.515375
20180615,-2.5695
20180616,-2.5765
20180617,-2.552
20180618,-2.5536250000000003
20180619,-2.5528750000000002
20180620,-2.580625
20180621,-2.6050000000000004
20180622,-2.6025
20180623,-2.573875
20180624,-2.57375
20180625,-2.575875
20180626,-2.610375
20180627,-2.64625
20180628,-2.61825
20180629,-2.59025
20180630,-2.5966249999999995
20180701,-2.60325
20180702,-2.635375
20180703,-2.7047499999999998
20180704,-2.685
20180705,-2.63525
20180706,-2.63125
20180707,-2.65675
20180708,-2.68525
20180709,-2.70775
20180710,-2.6892500000000004
20180711,-2.649625
20180712,-2.680125
20180713,-2.714875
20180714,-2.73675
20180715,-2.7708749999999998
20180716,-2.7615
20180717,-2.7871249999999996
20180718,-2.864375
20180719,-2.860125
20180720,-2.823375
20180721,-2.8381250000000002
20180722,-2.8521250000000005
20180723,-2.860375
20180724,-2.866625
20180725,-2.881125
20180726,-2.88475
20180727,-2.889875
20180728,-2.853
20180729,-2.779
20180730,-2.78925
20180731,-2.790125
20180801,-2.7916250000000002
20180802,-2.7766249999999997
20180803,-2.77625
20180804,-2.763375
20180805,-2.77125
20180806,-2.8001250000000004
20180807,-2.823375
20180808,-2.779625
20180809,-2.7315000000000005
20180810,-2.642625
20180811,-2.5748749999999996
20180812,-2.534625
20180813,-2.51425
20180814,-2.503375
20180815,-2.4813750000000003
20180816,-2.484125
20180817,-2.5357499999999997
20180818,-2.537875
20180819,-2.5343750000000003
20180820,-2.53375
20180821,-2.521625
20180822,-2.52525
20180823,-2.5424999999999995
20180824,-2.5507500000000003
20180825,-2.5288749999999998
20180826,-2.5140000000000002
20180827,-2.4865000000000004
20180828,-2.49
20180829,-2.4961249999999997
20180830,-2.54125
20180831,-2.5599999999999996
20180901,-2.542375
20180902,-2.52275
20180903,-2.5185000000000004
20180904,-2.548125
20180905,-2.581125
20180906,-2.591125
20180907,-2.5626250000000006
20180908,-2.53375
20180909,-2.519
20180910,-2.552125
20180911,-2.580125
20180912,-2.588
20180913,-2.564
20180914,-2.5589999999999997
