5139
2
date,-9999
head_nap,-9999.0
19810128,-1.48
19810227,-1.56
19810331,-1.46
19810428,-1.74
19810529,-1.71
19810629,-1.6
19810729,-1.65
19810828,-1.77
19810929,-1.76
19811030,-1.51
19811127,-1.48
19820127,-1.47
19820227,-1.67
19820329,-1.58
19820428,-1.74
19820527,-1.81
19820629,-1.8
19820828,-1.67
19820928,-1.77
19821028,-1.63
19821129,-1.57
19821228,-1.44
19830128,-1.48
19830228,-1.45
19830328,-1.4
19830429,-1.6
19830528,-1.4
19830628,-1.78
19830729,-1.88
19830829,-1.88
19830928,-1.71
19831028,-1.63
19831128,-1.71
19831228,-1.54
19840128,-1.55
19840228,-1.61
19840329,-1.6
19840428,-1.75
19840528,-1.55
19840728,-1.59
19840828,-1.86
19840928,-1.54
19841029,-1.51
19841128,-1.43
19841228,-1.53
19850128,-1.56
19850228,-1.59
19850328,-1.63
19850429,-1.65
19850529,-1.74
19850628,-1.52
19850729,-1.66
19851029,-1.73
19851129,-1.78
19851228,-1.71
19860114,-1.42
19860128,-1.48
19860214,-1.52
19860228,-1.53
19860314,-1.78
19860328,-1.53
19860414,-1.65
19860428,-1.67
19860514,-1.72
19860528,-1.85
19860614,-1.86
19860628,-1.86
19860714,-1.8
19860728,-1.85
19860814,-1.9
19860828,-1.8
19860914,-1.74
19860928,-1.85
19861014,-1.85
19861028,-1.69
19861114,-1.71
19861128,-1.58
19861214,-1.61
19861228,-1.4
19870113,-1.45
19870128,-1.58
19870212,-1.45
19870226,-1.65
19870312,-1.72
19870326,-1.49
19870428,-1.78
19870514,-1.74
19870526,-1.8
19870615,-1.69
19870629,-1.68
19870714,-1.79
19870728,-1.62
19870814,-1.66
19870828,-1.7
19870914,-1.77
19870928,-1.68
19871014,-1.65
19871028,-1.67
19871114,-1.6
19871128,-1.45
19871214,-1.62
19871228,-1.69
19880114,-1.56
19880229,-1.58
19880314,-1.52
19880328,-1.52
19880414,-1.77
19880428,-1.83
19880514,-1.9
19880528,-1.88
19880614,-1.71
19880628,-1.85
19880714,-1.82
19880728,-1.65
19880815,-1.85
19880829,-1.65
19880914,-1.78
19880928,-1.63
19881014,-1.55
19881028,-1.74
19881114,-1.72
19881128,-1.72
19881214,-1.69
19881228,-1.69
19890114,-1.78
19890128,-1.81
19890214,-1.74
19890228,-1.69
19890314,-1.59
19890328,-1.73
19890414,-1.78
19890428,-1.85
19890515,-1.92
19890529,-1.98
19890614,-1.96
19890628,-2.03
19890714,-1.96
19890728,-2.06
19890814,-1.97
19890828,-2.0
19890914,-2.0
19890928,-2.05
19891014,-1.94
19891028,-1.9
19891114,-1.85
19891128,-1.91
19891214,-1.78
19900115,-1.81
19900129,-1.7
19900214,-1.58
19900314,-1.79
19900328,-1.85
19900414,-1.89
19900428,-1.85
19900528,-1.99
19900614,-1.93
19900628,-1.96
19900714,-1.93
19900728,-2.04
19900814,-2.08
19900828,-1.99
19900914,-1.84
19900928,-1.72
19901015,-1.82
19901029,-1.76
19901114,-1.63
19901128,-1.6
19901214,-1.7
19901228,-1.64
19910114,-1.64
19910128,-1.75
19910214,-1.83
19910228,-1.74
19910314,-1.79
19910328,-1.88
19910414,-1.95
19910428,-1.88
19910514,-1.92
19910528,-2.02
19910614,-1.94
19910628,-1.71
19910714,-1.92
19910814,-2.02
19910828,-2.09
19910914,-2.12
19910928,-2.0
19911014,-1.95
19911028,-1.92
19911114,-1.67
19911128,-1.79
19911214,-1.89
19911228,-1.77
19920114,-1.73
19920128,-1.86
19920214,-1.76
19920228,-1.8
19920314,-1.67
19920324,-1.62
19920328,-1.73
19920414,-1.85
19920428,-1.8
19920514,-1.73
19920528,-2.0
19920615,-2.0
19920629,-2.1
19920728,-2.01
19920828,-1.99
19920914,-1.93
19920928,-1.98
19921014,-1.94
19921028,-1.71
19921114,-1.64
19921128,-1.61
19921214,-1.61
19921228,-1.78
19930114,-1.65
19930128,-1.65
19930228,-1.74
19930315,-1.83
19930329,-1.89
19930414,-1.87
19930428,-1.91
19930514,-2.01
19930528,-1.96
19930614,-2.06
19930628,-2.08
19930714,-2.08
19930728,-1.89
19930814,-1.8
19930828,-1.83
19930914,-1.74
19930928,-1.72
19931014,-1.65
19931027,-1.74
19931111,-1.81
19931129,-1.85
19931214,-1.55
19931228,-1.6
19940113,-1.64
19940126,-1.59
19940214,-1.76
19940228,-1.82
19940315,-1.65
19940328,-1.63
19940414,-1.7
19940429,-1.84
19940517,-1.84
19940527,-1.7
19940613,-1.8
19940627,-1.95
19940714,-1.89
19940727,-2.03
19940816,-2.04
19940830,-2.03
19941014,-1.87
19941027,-1.85
19941115,-1.65
19941129,-1.7
19941213,-1.65
19941227,-1.65
19950117,-1.63
19950131,-1.63
19950213,-1.6
19950227,-1.67
19950315,-1.67
19950329,-1.65
19950412,-1.85
19950427,-1.85
19950517,-1.95
19950530,-1.85
19950615,-1.66
19950629,-1.85
19950712,-1.9
19950731,-1.95
19950815,-2.1
19950830,-1.95
19950914,-1.8
19950926,-1.85
19951016,-1.77
19951031,-1.93
19951113,-1.9
19951128,-1.83
19951214,-1.9
19951228,-1.81
19960115,-1.85
19960130,-1.89
19960215,-1.89
19960228,-1.75
19960313,-1.8
19960327,-1.85
19960416,-1.9
19960502,-1.95
19960627,-2.04
19960722,-2.06
19960815,-2.0
19960830,-1.96
19960917,-1.92
19960930,-1.9
19961014,-1.88
19961030,-1.82
19961115,-1.68
19961129,-1.59
19961213,-1.7
19961231,-1.66
19970114,-1.66
19970128,-1.79
19970214,-1.59
19970228,-1.71
19970313,-1.8
19970327,-1.75
19970414,-1.88
19970428,-1.95
19970516,-1.84
19970526,-1.76
19970604,-1.9
19970611,-1.92
19970623,-1.86
19970714,-1.85
19970728,-1.9
19970818,-2.03
19970830,-1.96
19970917,-1.97
19970930,-2.02
19971013,-1.87
19971028,-1.94
19971112,-1.89
19971201,-1.87
19971216,-1.73
19971230,-1.65
19980114,-1.63
19980128,-1.7
19980213,-1.79
19980227,-1.76
19980316,-1.67
19980331,-1.78
19980415,-1.6
19980427,-1.67
19980513,-1.9
19980528,-1.95
19980615,-1.76
19980629,-1.76
19980714,-1.8
19980728,-1.88
19980814,-1.85
19980828,-1.71
19980915,-1.65
19980929,-1.74
19981015,-1.58
19981029,-1.46
19981117,-1.65
19981130,-1.71
19981215,-1.6
19981229,-1.58
19990115,-1.62
19990129,-1.62
19990216,-1.67
19990302,-1.59
19990316,-1.75
19990330,-1.73
19990414,-1.71
19990427,-1.85
19990517,-1.92
19990527,-1.96
19990616,-1.94
19990629,-2.0
19990715,-1.99
19990729,-2.05
19990816,-1.95
19990830,-1.95
19990915,-2.04
19990928,-1.9
19991013,-1.77
19991026,-1.85
19991116,-1.82
19991130,-1.7
19991215,-1.57
19991227,-1.53
20000114,-1.7
20000126,-1.75
20000214,-1.65
20000229,-1.65
20000313,-1.65
20000413,-1.83
20000427,-1.84
20000515,-1.94
20000530,-1.76
20000615,-1.91
20000626,-1.95
20000713,-1.9
20000725,-1.92
20000815,-1.99
20000829,-1.96
20000913,-1.85
20000927,-1.66
20001013,-1.67
20001027,-1.67
20001113,-1.53
20001129,-1.56
20001214,-1.56
20010116,-1.71
20010131,-1.69
20010215,-1.65
20010627,-1.91
20010711,-1.99
20010814,-1.68
20010828,-1.85
20010913,-1.67
20011001,-1.58
20011016,-1.72
20011029,-1.7
20011114,-1.64
20011128,-1.64
20011214,-1.69
20011228,-1.63
20020115,-1.68
20020128,-1.55
20020215,-1.64
20020301,-1.48
20020426,-1.898
20020427,-1.876
20020428,-1.796
20020429,-1.741
20020430,-1.725
20020501,-1.71
20020502,-1.715
20020503,-1.717
20020504,-1.721
20020505,-1.719
20020506,-1.727
20020507,-1.72
20020508,-1.725
20020509,-1.727
20020510,-1.742
20020511,-1.765
20020512,-1.798
20020513,-1.809
20020514,-1.813
20020515,-1.851
20020516,-1.855
20020517,-1.863
20020518,-1.86
20020519,-1.881
20020520,-1.88
20020521,-1.873
20020522,-1.881
20020523,-1.902
20020524,-1.904
20020525,-1.91
20020526,-1.908
20020527,-1.921
20020528,-1.928
20020529,-1.932
20020530,-1.936
20020531,-1.935
20020601,-1.944
20020602,-1.935
20020603,-1.922
20020604,-1.925
20020605,-1.912
20020606,-1.939
20020607,-1.943
20020608,-1.963
20020609,-1.965
20020610,-1.965
20020611,-1.983
20020612,-1.971
20020613,-1.968
20020614,-1.968
20020615,-1.964
20020616,-1.969
20020617,-1.968
20020618,-1.976
20020619,-2.001
20020620,-1.977
20020621,-1.96
20020622,-1.937
20020623,-1.945
20020624,-1.959
20020625,-1.968
20020626,-1.961
20020627,-1.959
20020628,-1.964
20020629,-1.965
20020630,-1.947
20020701,-1.921
20020702,-1.908
20020703,-1.883
20020704,-1.895
20020705,-1.874
20020706,-1.864
20020707,-1.852
20020708,-1.844
20020709,-1.857
20020710,-1.874
20020711,-1.854
20020712,-1.836
20020713,-1.83
20020714,-1.834
20020715,-1.827
20020716,-1.832
20020717,-1.852
20020718,-1.871
20020719,-1.887
20020720,-1.902
20020721,-1.906
20020722,-1.919
20020723,-1.912
20020724,-1.926
20020725,-1.937
20020726,-1.94
20020727,-1.955
20020728,-1.959
20020729,-1.972
20020730,-1.964
20020731,-1.96
20020801,-1.958
20020802,-1.952
20020803,-1.952
20020804,-1.946
20020805,-1.952
20020806,-1.9
20020807,-1.857
20020808,-1.831
20020809,-1.819
20020810,-1.83
20020811,-1.831
20020812,-1.832
20020813,-1.848
20020814,-1.859
20020815,-1.868
20020816,-1.881
20020817,-1.894
20020818,-1.9
20020819,-1.918
20020820,-1.926
20020821,-1.902
20020822,-1.877
20020823,-1.852
20020824,-1.857
20020825,-1.849
20020826,-1.835
20020827,-1.838
20020828,-1.852
20020829,-1.858
20020830,-1.866
20020831,-1.888
20020901,-1.916
20020902,-1.93
20020903,-1.916
20020904,-1.909
20020905,-1.924
20020906,-1.934
20020907,-1.937
20020908,-1.911
20020909,-1.892
20020910,-1.892
20020911,-1.862
20020912,-1.847
20020913,-1.845
20020914,-1.847
20020915,-1.864
20020916,-1.87
20020917,-1.881
20020918,-1.892
20020919,-1.902
20020920,-1.913
20020921,-1.914
20020922,-1.898
20020923,-1.911
20020924,-1.906
20020925,-1.871
20020926,-1.845
20020927,-1.858
20020928,-1.87
20020929,-1.874
20020930,-1.872
20021001,-1.873
20021002,-1.881
20021003,-1.891
20021004,-1.912
20021005,-1.886
20021006,-1.894
20021007,-1.889
20021008,-1.886
20021009,-1.883
20021010,-1.894
20021011,-1.909
20021012,-1.913
20021013,-1.921
20021014,-1.912
20021015,-1.922
20021016,-1.88
20021017,-1.881
20021018,-1.882
20021019,-1.9
20021020,-1.891
20021021,-1.837
20021022,-1.795
20021023,-1.8
20021024,-1.812
20021025,-1.762
20021026,-1.782
20021027,-1.727
20021028,-1.771
20021029,-1.734
20021030,-1.729
20021031,-1.745
20021101,-1.744
20021102,-1.746
20021103,-1.697
20021104,-1.706
20021105,-1.717
20021106,-1.693
20021107,-1.69
20021108,-1.665
20021109,-1.645
20021110,-1.634
20021111,-1.631
20021112,-1.639
20021113,-1.63
20021114,-1.633
20021115,-1.667
20021116,-1.695
20021117,-1.721
20021118,-1.729
20021119,-1.737
20021120,-1.736
20021121,-1.715
20021122,-1.731
20021123,-1.759
20021124,-1.768
20021125,-1.765
20021126,-1.761
20021127,-1.739
20021128,-1.721
20021129,-1.719
20021130,-1.727
20021201,-1.691
20021202,-1.674
20021203,-1.709
20021204,-1.708
20021205,-1.747
20021206,-1.767
20021207,-1.765
20021208,-1.779
20021209,-1.799
20021210,-1.81
20021211,-1.83
20021212,-1.837
20021213,-1.863
20021214,-1.865
20021215,-1.86
20021216,-1.87
20021217,-1.9
20021218,-1.907
20021219,-1.906
20021220,-1.875
20021221,-1.876
20021222,-1.84
20021223,-1.824
20021224,-1.783
20021225,-1.743
20021226,-1.678
20021227,-1.64
20021228,-1.622
20021229,-1.62
20021230,-1.607
20021231,-1.616
20030101,-1.58
20030102,-1.544
20030103,-1.559
20030104,-1.581
20030105,-1.586
20030106,-1.645
20030107,-1.677
20030108,-1.697
20030109,-1.727
20030110,-1.755
20030111,-1.787
20030112,-1.793
20030113,-1.771
20030114,-1.73
20030115,-1.682
20030116,-1.69
20030117,-1.67
20030118,-1.687
20030119,-1.66
20030120,-1.673
20030121,-1.66
20030122,-1.657
20030123,-1.719
20030124,-1.728
20030125,-1.699
20030126,-1.701
20030127,-1.681
20030128,-1.637
20030129,-1.645
20030130,-1.63
20030131,-1.679
20030201,-1.663
20030202,-1.66
20030203,-1.633
20030204,-1.642
20030205,-1.663
20030206,-1.668
20030207,-1.652
20030208,-1.661
20030209,-1.66
20030210,-1.68
20030211,-1.703
20030212,-1.72
20030213,-1.735
20030214,-1.76
20030215,-1.785
20030216,-1.802
20030217,-1.813
20030218,-1.805
20030219,-1.803
20030220,-1.817
20030221,-1.837
20030222,-1.856
20030223,-1.858
20030224,-1.866
20030225,-1.856
20030226,-1.837
20030227,-1.847
20030228,-1.859
20030301,-1.848
20030302,-1.815
20030303,-1.833
20030304,-1.812
20030305,-1.809
20030306,-1.813
20030307,-1.818
20030308,-1.817
20030309,-1.771
20030310,-1.731
20030311,-1.707
20030312,-1.751
20030313,-1.775
20030314,-1.782
20030315,-1.802
20030316,-1.813
20030317,-1.812
20030318,-1.82
20030319,-1.824
20030320,-1.825
20030321,-1.837
20030322,-1.845
20030323,-1.854
20030324,-1.853
20030325,-1.866
20030326,-1.871
20030327,-1.873
20030328,-1.879
20030329,-1.878
20030330,-1.893
20030331,-1.924
20030401,-1.874
20030402,-1.872
20030403,-1.886
20030404,-1.879
20030405,-1.881
20030406,-1.888
20030407,-1.889
20030408,-1.885
20030409,-1.876
20030410,-1.873
20030411,-1.887
20030412,-1.904
20030413,-1.924
20030414,-1.925
20030415,-1.935
20030416,-1.946
20030417,-1.964
20030418,-1.964
20030419,-1.948
20030420,-1.928
20030421,-1.938
20030422,-1.957
20030423,-1.964
20030424,-1.959
20030425,-1.953
20030426,-1.946
20030427,-1.927
20030428,-1.9
20030429,-1.912
20030430,-1.879
20030501,-1.888
20030502,-1.868
20030503,-1.887
20030504,-1.857
20030505,-1.857
20030506,-1.878
20030507,-1.875
20030508,-1.861
20030509,-1.874
20030510,-1.893
20030511,-1.891
20030512,-1.877
20030513,-1.833
20030514,-1.797
20030515,-1.778
20030516,-1.745
20030517,-1.75
20030518,-1.756
20030519,-1.748
20030520,-1.736
20030521,-1.73
20030522,-1.708
20030523,-1.685
20030524,-1.672
20030525,-1.681
20030526,-1.695
20030527,-1.718
20030528,-1.737
20030529,-1.753
20030530,-1.778
20030531,-1.803
20030601,-1.811
20030602,-1.824
20030603,-1.833
20030604,-1.816
20030605,-1.807
20030606,-1.793
20030607,-1.794
20030608,-1.794
20030609,-1.826
20030610,-1.819
20030611,-1.842
20030612,-1.847
20030613,-1.868
20030614,-1.883
20030615,-1.884
20030616,-1.891
20030617,-1.89
20030618,-1.913
20030619,-1.919
20030620,-1.921
20030621,-1.93
20030622,-1.937
20030623,-1.911
20030624,-1.97
20030625,-1.983
20030626,-1.974
20030627,-1.974
20030628,-1.979
20030629,-1.98
20030630,-1.974
20030701,-1.962
20030702,-1.923
20030703,-1.897
20030704,-1.859
20030705,-1.859
20030706,-1.863
20030707,-1.867
20030708,-1.873
20030709,-1.889
20030710,-1.891
20030711,-1.902
20030712,-1.921
20030713,-1.934
20030714,-1.932
20030715,-1.938
20030716,-1.945
20030717,-1.969
20030718,-1.978
20030719,-1.974
20030720,-1.972
20030721,-1.993
20030722,-2.011
20030723,-2.012
20030724,-2.011
20030725,-1.999
20030726,-2.005
20030727,-2.003
20030728,-2.034
20030729,-2.032
20030730,-2.021
20030731,-2.02
20030801,-2.018
20030802,-2.022
20030803,-2.026
20030804,-2.039
20030805,-2.047
20030806,-2.06
20030807,-2.056
20030808,-2.071
20030809,-2.076
20030810,-2.082
20030811,-2.093
20030812,-2.09
20030813,-2.109
20030814,-2.108
20030815,-2.115
20030816,-2.117
20030817,-2.12
20030818,-2.113
20030819,-2.129
20030820,-2.112
20030821,-2.088
20030822,-2.089
20030823,-2.104
20030824,-2.113
20030825,-2.108
20030826,-2.104
20030827,-2.1
20030828,-2.097
20030829,-2.088
20030830,-2.097
20030831,-2.107
20030901,-2.102
20030902,-2.117
20030903,-2.119
20030904,-2.113
20030905,-2.094
20030906,-2.084
20030907,-2.09
20030908,-2.07
20030909,-2.074
20030910,-2.062
20030911,-2.079
20030912,-2.093
20030913,-2.096
20030914,-2.084
20030915,-2.071
20030916,-2.066
20030917,-2.069
20030918,-2.063
20030919,-2.081
20030920,-2.095
20030921,-2.097
20030922,-2.055
20030923,-2.082
20030924,-2.082
20030925,-2.045
20030926,-2.026
20030927,-2.033
20030928,-2.01
20030929,-2.016
20030930,-1.986
20031001,-1.966
20031002,-1.981
20031003,-1.966
20031004,-1.982
20031005,-1.987
20031006,-1.954
20031007,-1.926
20031008,-1.9
20031009,-1.87
20031010,-1.85
20031011,-1.862
20031012,-1.88
20031013,-1.882
20031014,-1.9
20031015,-1.906
20031016,-1.912
20031017,-1.909
20031018,-1.899
20031019,-1.898
20031020,-1.908
20031021,-1.921
20031022,-1.93
20031023,-1.95
20031024,-1.934
20031025,-1.924
20031026,-1.935
20031027,-1.913
20031028,-1.884
20031029,-1.846
20031030,-1.854
20031031,-1.851
20031101,-1.873
20031102,-1.846
20031103,-1.845
20031104,-1.874
20031105,-1.855
20031106,-1.853
20031107,-1.867
20031108,-1.845
20031109,-1.856
20031110,-1.871
20031111,-1.871
20031112,-1.865
20031113,-1.892
20031114,-1.858
20031115,-1.865
20031116,-1.879
20031117,-1.888
20031118,-1.874
20031119,-1.846
20031120,-1.839
20031121,-1.834
20031122,-1.819
20031123,-1.816
20031124,-1.782
20031125,-1.737
20031126,-1.689
20031127,-1.718
20031128,-1.747
20031129,-1.744
20031130,-1.742
20031201,-1.75
20031202,-1.759
20031203,-1.772
20031204,-1.776
20031205,-1.783
20031206,-1.801
20031207,-1.801
20031208,-1.793
20031209,-1.798
20031210,-1.79
20031211,-1.799
20031212,-1.831
20031213,-1.754
20031214,-1.693
20031215,-1.662
20031216,-1.663
20031217,-1.654
20031218,-1.652
20031219,-1.667
20031220,-1.654
20031221,-1.643
20031222,-1.673
20031223,-1.643
20031224,-1.649
20031225,-1.639
20031226,-1.628
20031227,-1.641
20031228,-1.645
20031229,-1.65
20031230,-1.653
20031231,-1.668
20040101,-1.637
20040102,-1.696
20040103,-1.699
20040104,-1.698
20040105,-1.705
20040106,-1.662
20040107,-1.661
20040108,-1.614
20040109,-1.621
20040110,-1.662
20040111,-1.579
20040112,-1.576
20040113,-1.541
20040114,-1.591
20040115,-1.612
20040116,-1.554
20040117,-1.604
20040118,-1.648
20040119,-1.585
20040120,-1.594
20040121,-1.597
20040122,-1.586
20040123,-1.615
20040124,-1.621
20040125,-1.636
20040126,-1.632
20040127,-1.641
20040128,-1.646
20040129,-1.673
20040130,-1.659
20040131,-1.588
20040201,-1.6
20040202,-1.574
20040203,-1.555
20040204,-1.55
20040205,-1.563
20040206,-1.54
20040207,-1.547
20040208,-1.54
20040209,-1.578
20040210,-1.548
20040211,-1.571
20040212,-1.556
20040213,-1.573
20040214,-1.578
20040215,-1.61
20040216,-1.633
20040217,-1.643
20040218,-1.658
20040219,-1.68
20040220,-1.677
20040221,-1.677
20040222,-1.699
20040223,-1.724
20040224,-1.701
20040225,-1.691
20040226,-1.658
20040227,-1.677
20040228,-1.704
20040229,-1.755
20040301,-1.766
20040302,-1.761
20040303,-1.759
20040304,-1.752
20040305,-1.759
20040306,-1.764
20040307,-1.793
20040308,-1.814
20040309,-1.822
20040310,-1.81
20040311,-1.8
20040312,-1.784
20040313,-1.799
20040314,-1.804
20040315,-1.815
20040316,-1.816
20040317,-1.81
20040318,-1.803
20040319,-1.774
20040320,-1.767
20040321,-1.758
20040322,-1.727
20040323,-1.841
20040324,-1.828
20040325,-1.808
20040326,-1.807
20040327,-1.805
20040328,-1.818
20040329,-1.85
20040330,-1.856
20040331,-1.858
20040401,-1.846
20040402,-1.853
20040403,-1.874
20040404,-1.871
20040405,-1.837
20040406,-1.79
20040407,-1.776
20040408,-1.757
20040409,-1.739
20040410,-1.737
20040411,-1.759
20040412,-1.766
20040413,-1.78
20040414,-1.788
20040415,-1.815
20040416,-1.831
20040417,-1.834
20040418,-1.835
20040419,-1.894
20040420,-1.934
20040421,-1.949
20040422,-1.975
20040423,-1.986
20040424,-1.99
20040425,-1.988
20040426,-1.983
20040427,-1.972
20040428,-1.982
20040429,-1.967
20040430,-1.965
20040501,-1.985
20040502,-1.999
20040503,-1.991
20040504,-1.961
20040505,-1.994
20040506,-2.02
20040507,-2.001
20040508,-2.013
20040509,-2.021
20040510,-2.024
20040511,-2.041
20040512,-2.041
20040513,-2.044
20040514,-2.046
20040515,-2.059
20040516,-2.064
20040517,-2.052
20040518,-2.062
20040519,-2.06
20040520,-2.06
20040521,-2.087
20040522,-2.081
20040523,-2.093
20040524,-2.081
20040525,-2.111
20040526,-2.134
20040527,-2.148
20040528,-2.156
20040529,-2.154
20040530,-2.149
20040531,-2.145
20040601,-2.139
20040602,-2.161
20040603,-2.16
20040604,-2.127
20040605,-2.132
20040606,-2.132
20040607,-2.131
20040608,-2.142
20040609,-2.149
20040610,-2.156
20040611,-2.163
20040612,-2.177
20040613,-2.215
20040614,-2.194
20040615,-2.181
20040616,-2.197
20040617,-2.179
20040618,-2.186
20040619,-2.177
20040620,-2.162
20040621,-2.163
20040622,-2.142
20040623,-2.084
20040624,-2.05
20040625,-2.008
20040626,-1.953
20040627,-1.935
20040628,-1.96
20040629,-1.964
20040630,-1.959
20040701,-1.981
20040702,-1.986
20040703,-1.974
20040704,-1.983
20040705,-2.007
20040706,-2.012
20040707,-2.01
20040708,-2.04
20040709,-2.054
20040710,-2.064
20040711,-2.041
20040712,-2.054
20040713,-2.067
20040714,-2.046
20040715,-2.05
20040716,-2.031
20040717,-1.978
20040718,-1.944
20040719,-1.913
20040720,-1.88
20040721,-1.894
20040722,-1.919
20040723,-1.938
20040724,-1.96
20040725,-1.97
20040726,-1.985
20040727,-1.995
20040728,-2.008
20040729,-2.012
20040730,-2.034
20040731,-2.057
20040801,-2.072
20040802,-2.062
20040803,-2.073
20040804,-2.092
20040805,-2.107
20040806,-2.117
20040807,-2.133
20040808,-2.129
20040809,-2.157
20040810,-2.168
20040811,-2.165
20040812,-2.118
20040813,-2.056
20040814,-1.989
20040815,-1.903
20040816,-1.866
20040817,-1.856
20040818,-1.856
20040819,-1.847
20040820,-1.879
20040821,-1.888
20040822,-1.869
20040823,-1.839
20040824,-1.868
20040825,-1.864
20040826,-1.862
20040827,-1.818
20040828,-1.826
20040829,-1.815
20040830,-1.823
20040831,-1.828
20040901,-1.809
20040902,-1.821
20040903,-1.854
20040904,-1.893
20040905,-1.916
20040906,-1.942
20040907,-1.971
20040908,-1.986
20040909,-2.013
20040910,-1.962
20040911,-2.0
20040912,-2.02
20040913,-1.992
20040914,-1.997
20040915,-2.053
20040916,-2.047
20040917,-2.026
20040918,-2.017
20040919,-2.053
20040920,-2.015
20040921,-2.055
20040922,-2.031
20040923,-2.009
20040924,-2.006
20040925,-1.971
20040926,-1.954
20040927,-1.957
20040928,-1.95
20040929,-1.971
20040930,-1.934
20041001,-1.928
20041002,-1.918
20041003,-1.918
20041004,-1.866
20041005,-1.895
20041006,-1.91
20041007,-1.931
20041008,-1.952
20041009,-1.973
20041010,-1.988
20041011,-2.002
20041012,-2.005
20041013,-2.011
20041014,-1.997
20041015,-2.018
20041016,-2.032
20041017,-2.053
20041018,-2.077
20041019,-2.069
20041020,-2.014
20041021,-2.057
20041022,-2.038
20041023,-2.025
20041024,-1.991
20041025,-1.934
20041026,-1.941
20041027,-1.921
20041028,-1.94
20041029,-1.971
20041030,-2.005
20041031,-2.005
20041101,-1.999
20041102,-1.976
20041103,-2.0
20041104,-1.988
20041105,-2.017
20041106,-2.013
20041107,-2.012
20041108,-2.002
20041109,-2.004
20041110,-2.01
20041111,-2.013
20041112,-1.96
20041113,-1.992
20041114,-1.964
20041115,-1.923
20041116,-1.933
20041117,-1.917
20041118,-1.912
20041119,-1.926
20041120,-1.884
20041121,-1.87
20041122,-1.836
20041123,-1.903
20041124,-1.893
20041125,-1.887
20041126,-1.889
20041127,-1.907
20041128,-1.892
20041129,-1.931
20041130,-1.934
20041201,-1.937
20041202,-1.954
20041203,-1.988
20041204,-2.002
20041205,-1.994
20041206,-2.004
20041207,-2.011
20041208,-2.024
20041209,-2.019
20041210,-2.026
20041211,-2.044
20041212,-2.051
20041213,-2.036
20041214,-2.024
20041215,-1.987
20041216,-1.969
20041217,-1.979
20041218,-2.003
20041219,-2.002
20041220,-1.979
20041221,-1.983
20041222,-1.927
20041223,-1.937
20041224,-1.949
20041225,-1.93
20041226,-1.968
20041227,-1.97
20041228,-1.936
20041229,-2.016
20041230,-1.96
20041231,-1.927
20050101,-1.902
20050102,-1.903
20050103,-1.928
20050104,-1.914
20050105,-1.93
20050106,-1.962
20050107,-1.92
20050108,-1.887
20050109,-1.949
20050110,-1.935
20050111,-1.951
20050112,-1.927
20050113,-1.962
20050114,-1.971
20050115,-1.957
20050116,-1.951
20050117,-1.944
20050118,-1.926
20050119,-1.948
20050120,-1.896
20050121,-1.924
20050122,-1.942
20050123,-1.928
20050124,-1.944
20050125,-1.94
20050126,-1.953
20050127,-1.924
20050128,-1.942
20050129,-1.974
20050130,-1.905
20050131,-1.871
20050201,-1.925
20050202,-1.923
20050203,-1.933
20050204,-1.938
20050205,-1.936
20050206,-1.984
20050207,-1.997
20050208,-2.015
20050209,-2.018
20050210,-2.0
20050211,-1.971
20050212,-1.843
20050213,-1.851
20050214,-1.824
20050215,-1.889
20050216,-1.884
20050217,-1.892
20050218,-1.876
20050219,-1.896
20050220,-1.911
20050221,-1.915
20050222,-1.891
20050223,-1.901
20050224,-1.921
20050225,-1.924
20050226,-1.917
20050227,-1.942
20050228,-1.923
20050301,-1.91
20050302,-1.926
20050303,-1.976
20050304,-1.934
20050305,-1.975
20050306,-1.998
20050307,-1.988
20050308,-1.963
20050309,-1.909
20050310,-1.851
20050311,-1.777
20050312,-1.798
20050313,-1.849
20050314,-1.868
20050315,-1.888
20050316,-1.899
20050317,-1.923
20050318,-1.944
20050319,-1.964
20050320,-1.961
20050321,-1.956
20050322,-1.983
20050323,-1.999
20050324,-1.994
20050325,-2.023
20050326,-2.005
20050327,-2.009
20050328,-2.027
20050329,-2.017
20050330,-2.015
20050331,-2.036
20050401,-2.047
20050402,-2.044
20050403,-2.063
20050404,-2.066
20050405,-2.087
20050406,-2.043
20050407,-2.021
20050408,-2.074
20050409,-2.101
20050410,-2.106
20050411,-2.099
20050412,-2.07
20050413,-2.058
20050414,-2.054
20050415,-2.036
20050416,-2.05
20050417,-2.039
20050418,-2.05
20050419,-2.084
20050420,-2.1
20050421,-2.085
20050422,-2.074
20050423,-2.076
20050424,-2.086
20050425,-2.101
20050426,-2.12
20050427,-2.137
20050428,-2.124
20050429,-2.118
20050430,-2.087
20050501,-2.087
20050502,-2.078
20050503,-2.085
20050504,-2.103
20050505,-2.115
20050506,-2.116
20050507,-2.089
20050508,-2.086
20050509,-2.077
20050510,-2.073
20050511,-2.079
20050512,-2.079
20050513,-2.073
20050514,-2.07
20050515,-2.082
20050516,-2.057
20050517,-2.055
20050518,-2.064
20050519,-2.048
20050520,-2.044
20050521,-2.066
20050522,-2.065
20050523,-2.102
20050524,-2.109
20050525,-2.134
20050526,-2.104
20050527,-2.119
20050528,-2.151
20050529,-2.167
20050530,-2.177
20050531,-2.168
20050601,-2.159
20050602,-2.144
20050603,-2.116
20050604,-2.102
20050605,-2.102
20050606,-2.112
20050607,-2.134
20050608,-2.135
20050609,-2.122
20050610,-2.125
20050611,-2.112
20050612,-2.121
20050613,-2.133
20050614,-2.145
20050615,-2.153
20050616,-2.176
20050617,-2.181
20050618,-2.198
20050619,-2.203
20050620,-2.208
20050621,-2.242
20050622,-2.255
20050623,-2.241
20050624,-2.248
20050625,-2.267
20050626,-2.264
20050627,-2.254
20050628,-2.264
20050629,-2.252
20050630,-2.263
20050701,-2.224
20050702,-2.183
20050703,-2.16
20050704,-2.092
20050705,-2.159
20050706,-2.127
20050707,-2.147
20050708,-2.151
20050709,-2.146
20050710,-2.148
20050711,-2.161
20050712,-2.158
20050713,-2.163
20050714,-2.169
20050715,-2.176
20050716,-2.178
20050717,-2.215
20050718,-2.203
20050719,-2.232
20050721,-2.189
20050722,-2.194
20050723,-2.196
20050724,-2.187
20050725,-2.195
20050726,-2.21
20050727,-2.196
20050728,-2.198
20050729,-2.203
20050730,-2.179
20050731,-2.13
20050801,-2.083
20050802,-2.057
20050803,-2.048
20050804,-2.07
20050805,-2.049
20050806,-2.054
20050807,-2.018
20050808,-2.008
20050809,-1.986
20050810,-1.987
20050811,-2.005
20050812,-2.019
20050813,-2.037
20050814,-2.037
20050815,-2.07
20050816,-2.048
20050817,-2.053
20050818,-2.058
20050819,-2.066
20050820,-2.103
20050821,-2.112
20050822,-2.098
20050823,-2.119
20050824,-2.1
20050825,-2.101
20050826,-2.117
20050827,-2.091
20050828,-2.093
20050829,-2.097
20050830,-2.117
20050831,-2.089
20050901,-2.126
20050902,-2.164
20050903,-2.172
20050904,-2.156
20050905,-2.143
20050906,-2.15
20050907,-2.182
20050908,-2.193
20050909,-2.202
20050910,-2.204
20050911,-2.218
20050912,-2.257
20050913,-2.247
20050914,-2.238
20050915,-2.227
20050916,-2.217
20050917,-2.173
20050918,-2.185
20050919,-2.174
20050920,-2.173
20050921,-2.18
20050922,-2.182
20050923,-2.169
20050924,-2.203
20050925,-2.185
20050926,-2.204
20050927,-2.188
20050928,-2.204
20050929,-2.184
20050930,-2.123
20051001,-2.07
20051002,-2.073
20051003,-2.087
20051004,-2.076
20051005,-2.066
20051006,-2.081
20051007,-2.07
20051008,-2.088
20051009,-2.126
20051010,-2.114
20051011,-2.109
20051012,-2.128
20051013,-2.147
20051014,-2.184
20051015,-2.184
20051016,-2.175
20051017,-2.177
20051018,-2.17
20051019,-2.158
20051020,-2.165
20051021,-2.136
20051022,-2.169
20051023,-2.184
20051024,-2.159
20051025,-2.099
20051026,-2.088
20051027,-2.038
20051028,-2.031
20051029,-2.046
20051030,-2.046
20051031,-2.036
20051101,-2.071
20051102,-2.06
20051103,-2.067
20051104,-2.068
20051105,-2.091
20051106,-2.084
20051107,-2.102
20051108,-2.08
20051109,-2.081
20051110,-2.078
20051111,-2.077
20051112,-2.04
20051113,-2.076
20051114,-2.051
20051115,-2.041
20051116,-2.028
20051117,-2.017
20051118,-1.984
20051119,-1.952
20051120,-1.935
20051121,-1.939
20051122,-1.958
20051123,-1.96
20051124,-1.855
20051125,-1.859
20051126,-1.9
20051127,-1.912
20051128,-1.927
20051129,-1.951
20051130,-1.975
20051201,-1.955
20051202,-1.934
20051203,-1.957
20051204,-1.981
20051205,-1.982
20051206,-1.964
20051207,-1.959
20051208,-1.982
20051209,-2.014
20051210,-1.998
20051211,-1.959
20051212,-1.999
20051213,-1.995
20051214,-2.031
20051215,-1.969
20051216,-1.981
20051217,-1.955
20051218,-1.957
20051219,-1.942
20051220,-1.931
20051221,-1.914
20051222,-1.926
20051223,-1.915
20051224,-1.91
20051225,-1.921
20051226,-1.913
20051227,-1.924
20051228,-1.936
20051229,-1.941
20051230,-1.937
20051231,-1.93
20060101,-1.959
20060102,-1.942
20060103,-1.949
20060104,-1.974
20060105,-1.942
20060106,-1.98
20060107,-1.99
20060108,-2.007
20060109,-2.006
20060110,-2.005
20060111,-1.999
20060112,-2.035
20060113,-2.001
20060114,-2.006
20060115,-2.008
20060116,-2.004
20060117,-1.97
20060118,-2.051
20060119,-2.015
20060120,-1.964
20060121,-1.989
20060122,-1.998
20060123,-1.977
20060124,-1.974
20060125,-1.96
20060126,-2.031
20060127,-2.025
20060128,-2.06
20060129,-2.074
20060130,-2.086
20060131,-2.092
20060201,-2.069
20060202,-2.078
20060203,-2.076
20060204,-2.103
20060205,-2.081
20060206,-2.071
20060207,-2.051
20060208,-2.021
20060209,-2.0
20060210,-2.057
20060211,-2.035
20060212,-2.002
20060213,-2.005
20060214,-1.991
20060215,-1.916
20060216,-1.936
20060217,-1.917
20060218,-1.93
20060219,-1.961
20060220,-1.993
20060221,-2.016
20060222,-2.037
20060223,-2.015
20060224,-2.044
20060225,-2.041
20060226,-2.061
20060227,-2.043
20060228,-2.011
20060301,-2.009
20060302,-2.005
20060303,-1.998
20060304,-1.983
20060305,-2.004
20060306,-2.013
20060307,-2.003
20060308,-1.942
20060309,-1.966
20060310,-1.934
20060311,-1.986
20060312,-1.997
20060313,-1.968
20060314,-1.965
20060315,-2.002
20060316,-2.029
20060317,-2.028
20060318,-2.026
20060319,-2.027
20060320,-2.037
20060321,-2.049
20060322,-2.07
20060323,-2.079
20060324,-2.018
20060325,-2.082
20060326,-2.089
20060327,-2.018
20060328,-1.996
20060329,-2.028
20060330,-1.991
20060331,-1.993
20060401,-1.953
20060402,-1.932
20060403,-1.982
20060404,-1.946
20060405,-1.933
20060406,-1.934
20060407,-1.945
20060408,-1.954
20060409,-1.958
20060410,-1.971
20060411,-1.945
20060412,-1.992
20060413,-1.95
20060414,-1.971
20060415,-1.959
20060416,-2.008
20060417,-1.99
20060418,-2.004
20060419,-2.014
20060420,-2.03
20060421,-2.033
20060422,-2.056
20060423,-2.063
20060424,-2.077
20060425,-2.081
20060426,-2.104
20060427,-2.115
20060428,-2.094
20060429,-2.114
20060430,-2.113
20060501,-2.1
20060502,-2.138
20060503,-2.147
20060504,-2.151
20060505,-2.162
20060506,-2.172
20060507,-2.177
20060508,-2.172
20060509,-2.198
20060510,-2.204
20060511,-2.213
20060512,-2.214
20060513,-2.224
20060514,-2.219
20060515,-2.207
20060516,-2.242
20060517,-2.247
20060518,-2.23
20060519,-2.192
20060520,-2.111
20060521,-2.161
20060522,-2.131
20060523,-2.193
20060524,-2.146
20060525,-2.164
20060526,-2.129
20060527,-2.142
20060528,-2.144
20060529,-2.104
20060530,-2.129
20060531,-2.15
20060601,-2.158
20060602,-2.172
20060603,-2.153
20060604,-2.168
20060605,-2.219
20060606,-2.197
20060607,-2.191
20060608,-2.207
20060609,-2.208
20060610,-2.189
20060611,-2.224
20060612,-2.213
20060613,-2.218
20060614,-2.267
20060615,-2.241
20060616,-2.219
20060617,-2.227
20060618,-2.215
20060619,-2.237
20060620,-2.252
20060621,-2.23
20060622,-2.236
20060623,-2.252
20060624,-2.227
20060625,-2.235
20060626,-2.214
20060627,-2.197
20060628,-2.185
20060629,-2.186
20060630,-2.174
20060701,-2.198
20060702,-2.206
20060703,-2.216
20060704,-2.233
20060705,-2.247
20060706,-2.283
20060707,-2.29
20060708,-2.296
20060709,-2.289
20060710,-2.345
20060711,-2.322
20060712,-2.277
20060713,-2.268
20060714,-2.287
20060715,-2.283
20060716,-2.283
20060717,-2.293
20060718,-2.309
20060719,-2.318
20060720,-2.351
20060721,-2.368
20060722,-2.355
20060723,-2.359
20060724,-2.351
20060725,-2.34
20060726,-2.341
20060727,-2.368
20060728,-2.347
20060729,-2.349
20060730,-2.359
20060731,-2.356
20060801,-2.309
20060802,-2.326
20060803,-2.339
20060804,-2.344
20060805,-2.353
20060806,-2.347
20060807,-2.295
20060808,-2.319
20060809,-2.307
20060810,-2.304
20060811,-2.282
20060812,-2.27
20060813,-2.28
20060814,-2.261
20060815,-2.246
20060816,-2.231
20060817,-2.237
20060818,-2.246
20060819,-2.256
20060820,-2.249
20060821,-2.228
20060822,-2.192
20060823,-2.166
20060824,-2.146
20060825,-2.152
20060826,-2.148
20060827,-2.162
20060828,-2.117
20060829,-2.1
20060830,-2.099
20060831,-2.053
20060901,-2.036
20060902,-2.04
20060903,-2.032
20060904,-2.082
20060905,-2.067
20060906,-2.058
20060907,-2.1
20060908,-2.131
20060909,-2.124
20060910,-2.123
20060911,-2.137
20060912,-2.151
20060913,-2.234
20060914,-2.242
20060915,-2.27
20060916,-2.273
20060917,-2.296
20060918,-2.303
20060919,-2.316
20060920,-2.321
20060921,-2.307
20060922,-2.32
20060923,-2.334
20060924,-2.338
20060925,-2.333
20060926,-2.359
20060927,-2.347
20060928,-2.336
20060929,-2.334
20060930,-2.343
20061001,-2.33
20061002,-2.316
20061003,-2.277
20061004,-2.287
20061005,-2.258
20061006,-2.18
20061007,-2.203
20061008,-2.168
20061009,-2.15
20061010,-2.171
20061011,-2.141
20061012,-2.203
20061013,-2.222
20061014,-2.216
20061015,-2.215
20061016,-2.204
20061017,-2.187
20061018,-2.185
20061019,-2.191
20061020,-2.205
20061021,-2.229
20061022,-2.232
20061023,-2.218
20061024,-2.154
20061025,-2.135
20061026,-2.065
20061027,-2.121
20061028,-2.074
20061029,-2.104
20061030,-2.063
20061031,-2.036
20061101,-2.146
20061102,-2.109
20061103,-2.077
20061104,-2.052
20061105,-2.039
20061106,-2.051
20061107,-2.055
20061108,-2.066
20061109,-2.129
20061110,-2.106
20061111,-2.083
20061112,-2.082
20061113,-1.996
20061114,-2.044
20061115,-2.031
20061116,-1.984
20061117,-2.004
20061118,-2.033
20061119,-1.994
20061120,-1.969
20061121,-1.959
20061122,-1.967
20061123,-1.892
20061124,-1.945
20061125,-1.931
20061126,-1.981
20061127,-1.972
20061128,-1.969
20061129,-2.044
20061130,-2.023
20061201,-2.009
20061202,-1.983
20061203,-1.896
20061204,-1.931
20061205,-1.902
20061206,-1.946
20061207,-1.854
20061208,-1.857
20061209,-1.942
20061210,-1.944
20061211,-1.871
20061212,-1.915
20061213,-1.926
20061214,-1.927
20061215,-1.93
20061216,-1.967
20061217,-1.949
20061218,-1.969
20061219,-1.973
20061220,-1.976
20061221,-1.998
20061222,-2.006
20061223,-2.013
20061224,-2.015
20061225,-2.054
20061226,-2.021
20061227,-2.018
20061228,-2.02
20061229,-2.009
20061230,-2.019
20061231,-2.047
20070101,-1.99
20070102,-1.973
20070103,-1.933
20070104,-1.906
20070105,-1.918
20070106,-1.906
20070107,-1.877
20070108,-1.891
20070109,-1.873
20070110,-1.858
20070111,-1.767
20070112,-1.857
20070113,-1.861
20070114,-1.928
20070115,-1.894
20070116,-1.905
20070117,-1.87
20070118,-1.724
20070119,-1.855
20070120,-1.783
20070121,-1.845
20070122,-1.874
20070123,-1.816
20070124,-1.851
20070125,-1.926
20070126,-1.88
20070127,-1.957
20070128,-1.874
20070129,-1.948
20070130,-1.954
20070131,-1.931
20070201,-1.984
20070202,-1.977
20070203,-2.01
20070204,-1.985
20070205,-1.966
20070206,-1.966
20070207,-1.981
20070208,-1.958
20070209,-2.066
20070210,-2.026
20070211,-1.958
20070212,-1.906
20070213,-1.974
20070214,-1.893
20070215,-1.947
20070216,-1.887
20070217,-1.896
20070218,-1.959
20070219,-1.947
20070220,-1.966
20070221,-1.96
20070222,-1.967
20070223,-1.946
20070224,-1.925
20070225,-1.928
20070226,-1.946
20070227,-1.903
20070228,-1.846
20070301,-1.836
20070302,-1.88
20070303,-1.879
20070304,-1.881
20070305,-1.898
20070306,-1.831
20070307,-1.83
20070308,-1.886
20070309,-1.852
20070310,-1.894
20070311,-1.894
20070312,-1.9
20070313,-1.952
20070314,-1.979
20070315,-1.962
20070316,-1.996
20070317,-2.006
20070318,-1.962
20070319,-1.96
20070320,-1.969
20070321,-1.962
20070322,-1.962
20070323,-1.986
20070324,-1.993
20070325,-2.035
20070326,-2.035
20070327,-2.048
20070328,-2.049
20070329,-2.072
20070330,-2.092
20070331,-2.123
20070401,-2.145
20070402,-2.127
20070403,-2.121
20070404,-2.161
20070405,-2.163
20070406,-2.185
20070407,-2.194
20070408,-2.175
20070409,-2.188
20070410,-2.211
20070411,-2.22
20070412,-2.212
20070413,-2.214
20070414,-2.223
20070415,-2.222
20070416,-2.232
20070417,-2.244
20070418,-2.253
20070419,-2.216
20070420,-2.277
20070421,-2.252
20070422,-2.257
20070423,-2.253
20070424,-2.266
20070425,-2.253
20070426,-2.291
20070427,-2.297
20070428,-2.294
20070429,-2.291
20070430,-2.292
20070501,-2.306
20070502,-2.313
20070503,-2.314
20070504,-2.317
20070505,-2.342
20070506,-2.318
20070507,-2.293
20070508,-2.292
20070509,-2.319
20070510,-2.296
20070511,-2.337
20070512,-2.273
20070513,-2.237
20070514,-2.245
20070515,-2.243
20070516,-2.22
20070517,-2.239
20070518,-2.195
20070519,-2.225
20070520,-2.24
20070521,-2.257
20070522,-2.281
20070523,-2.27
20070524,-2.256
20070525,-2.251
20070526,-2.285
20070527,-2.264
20070528,-2.28
20070529,-2.283
20070530,-2.272
20070531,-2.276
20070601,-2.274
20070602,-2.266
20070603,-2.236
20070604,-2.262
20070605,-2.248
20070606,-2.255
20070607,-2.258
20070608,-2.269
20070609,-2.3
20070610,-2.306
20070611,-2.307
20070612,-2.318
20070613,-2.32
20070614,-2.325
20070615,-2.312
20070616,-2.303
20070617,-2.265
20070618,-2.199
20070619,-2.129
20070620,-2.088
20070621,-2.075
20070622,-2.091
20070623,-2.126
20070624,-2.122
20070625,-2.058
20070626,-2.036
20070627,-2.01
20070628,-2.028
20070629,-1.99
20070630,-2.02
20070701,-1.956
20070702,-1.927
20070703,-1.895
20070704,-1.903
20070705,-1.903
20070706,-1.882
20070707,-1.88
20070708,-1.886
20070709,-1.89
20070710,-1.917
20070711,-1.949
20070712,-1.972
20070713,-1.971
20070714,-1.982
20070715,-2.009
20070716,-2.05
20070717,-2.016
20070718,-1.969
20070719,-1.963
20070720,-1.962
20070721,-1.988
20070722,-1.966
20070723,-1.951
20070724,-1.995
20070725,-1.957
20070726,-1.927
20070727,-1.984
20070728,-2.001
20070729,-2.001
20070730,-2.045
20070731,-2.063
20070801,-2.058
20070802,-2.071
20070803,-2.129
20070804,-2.123
20070805,-2.115
20070806,-2.133
20070807,-2.181
20070808,-2.186
20070809,-2.189
20070810,-2.199
20070811,-2.197
20070812,-2.185
20070813,-2.218
20070814,-2.193
20070815,-2.196
20070816,-2.229
20070817,-2.199
20070818,-2.168
20070819,-2.141
20070820,-2.15
20070821,-2.171
20070822,-2.194
20070823,-2.199
20070824,-2.209
20070825,-2.215
20070826,-2.234
20070827,-2.208
20070828,-2.225
20070829,-2.229
20070830,-2.22
20070831,-2.23
20070901,-2.256
20070902,-2.232
20070903,-2.268
20070904,-2.285
20070905,-2.273
20070906,-2.276
20070907,-2.265
20070908,-2.248
20070909,-2.257
20070910,-2.245
20070911,-2.284
20070912,-2.274
20070913,-2.257
20070914,-2.224
20070915,-2.282
20070916,-2.224
20070917,-2.251
20070918,-2.308
20070919,-2.257
20070920,-2.259
20070921,-2.245
20070922,-2.258
20070923,-2.236
20070924,-2.173
20070925,-2.23
20070926,-2.221
20070927,-2.193
20070928,-2.166
20070929,-2.118
20070930,-2.1
20071001,-2.014
20071002,-1.997
20071003,-1.99
20071004,-2.008
20071005,-2.045
20071006,-2.052
20071007,-2.048
20071008,-2.079
20071009,-2.077
20071010,-2.12
20071011,-2.105
20071012,-2.136
20071013,-2.143
20071014,-2.119
20071015,-2.12
20071016,-2.155
20071017,-2.165
20071018,-2.177
20071019,-2.119
20071020,-2.102
20071021,-2.069
20071022,-2.085
20071023,-2.089
20071024,-2.097
20071025,-2.101
20071026,-2.107
20071027,-2.136
20071028,-2.097
20071029,-2.115
20071030,-2.146
20071031,-2.115
20071101,-2.118
20071102,-2.133
20071103,-2.121
20071104,-2.137
20071105,-2.103
20071106,-2.149
20071107,-2.061
20071108,-2.018
20071109,-2.092
20071110,-2.064
20071111,-2.037
20071112,-1.994
20071113,-1.912
20071114,-1.985
20071115,-1.986
20071116,-1.984
20071117,-1.983
20071118,-1.96
20071119,-1.999
20071120,-2.008
20071121,-2.019
20071122,-2.021
20071123,-2.117
20071124,-2.064
20071125,-2.089
20071126,-2.085
20071127,-2.067
20071128,-2.006
20071129,-1.967
20071130,-2.002
20071201,-2.054
20071202,-1.949
20071203,-1.977
20071204,-1.988
20071205,-1.887
20071206,-1.894
20071207,-1.895
20071208,-1.866
20071209,-1.838
20071210,-1.915
20071211,-1.941
20071212,-1.958
20071213,-1.954
20071214,-1.953
20071215,-1.969
20071216,-1.995
20071217,-1.998
20071218,-2.029
20071219,-2.043
20071220,-2.032
20071221,-2.033
20071222,-2.037
20071223,-2.087
20071224,-2.067
20071225,-2.039
20071226,-2.108
20071227,-2.062
20071228,-2.046
20071229,-2.043
20071230,-2.137
20071231,-2.081
20080101,-2.065
20080102,-2.057
20080103,-2.04
20080104,-2.057
20080105,-2.062
20080106,-2.113
20080107,-2.061
20080108,-2.078
20080109,-2.046
20080110,-2.029
20080111,-2.022
20080112,-2.038
20080113,-1.994
20080114,-1.971
20080115,-1.917
20080116,-1.993
20080117,-1.969
20080118,-1.959
20080119,-1.931
20080120,-1.882
20080121,-1.844
20080122,-1.828
20080123,-1.792
20080124,-1.812
20080125,-1.84
20080126,-1.865
20080127,-1.882
20080128,-1.899
20080129,-1.906
20080130,-1.918
20080131,-1.884
20080201,-1.88
20080202,-1.94
20080203,-1.944
20080204,-1.935
20080205,-1.959
20080206,-1.986
20080207,-2.001
20080208,-1.997
20080209,-2.006
20080210,-2.022
20080211,-2.035
20080212,-2.048
20080213,-2.053
20080214,-2.097
20080215,-2.077
20080216,-2.083
20080217,-2.089
20080218,-2.087
20080219,-2.081
20080220,-2.076
20080221,-2.078
20080222,-2.058
20080223,-2.074
20080224,-2.066
20080225,-2.065
20080226,-2.012
20080227,-2.014
20080228,-2.019
20080229,-2.052
20080301,-1.977
20080302,-1.975
20080303,-1.987
20080304,-2.022
20080305,-2.045
20080306,-2.024
20080307,-2.007
20080308,-2.015
20080309,-2.006
20080310,-1.967
20080311,-1.968
20080312,-1.945
20080313,-1.981
20080314,-1.975
20080315,-1.981
20080316,-1.995
20080317,-2.033
20080318,-2.036
20080319,-2.05
20080320,-2.049
20080321,-1.939
20080322,-1.951
20080323,-1.942
20080324,-1.941
20080325,-1.949
20080326,-1.95
20080327,-1.961
20080328,-1.974
20080329,-1.99
20080330,-1.948
20080331,-1.976
20080401,-1.969
20080402,-1.968
20080403,-1.987
20080404,-1.967
20080405,-1.96
20080406,-1.971
20080407,-1.989
20080408,-2.02
20080409,-2.025
20080410,-2.044
20080411,-2.06
20080412,-2.079
20080413,-2.107
20080414,-2.124
20080415,-2.137
20080416,-2.129
20080417,-2.106
20080418,-2.108
20080419,-2.123
20080420,-2.146
20080421,-2.162
20080422,-2.184
20080423,-2.2
20080424,-2.224
20080425,-2.211
20080426,-2.205
20080427,-2.191
20080428,-2.155
20080429,-2.134
20080430,-2.145
20080501,-2.191
20080502,-2.23
20080503,-2.245
20080504,-2.245
20080505,-2.256
20080506,-2.253
20080507,-2.249
20080508,-2.248
20080509,-2.252
20080510,-2.264
20080511,-2.279
20080512,-2.287
20080513,-2.288
20080514,-2.302
20080515,-2.271
20080516,-2.293
20080517,-2.3
20080518,-2.307
20080519,-2.315
20080520,-2.323
20080521,-2.32
20080522,-2.321
20080523,-2.316
20080524,-2.325
20080525,-2.337
20080526,-2.336
20080527,-2.333
20080528,-2.322
20080529,-2.338
20080530,-2.333
20080531,-2.347
20080601,-2.339
20080602,-2.309
20080603,-2.3
20080604,-2.307
20080605,-2.288
20080606,-2.27
20080607,-2.299
20080608,-2.324
20080609,-2.344
20080610,-2.351
20080611,-2.354
20080612,-2.348
20080613,-2.351
20080614,-2.36
20080615,-2.358
20080616,-2.368
20080617,-2.381
20080618,-2.377
20080619,-2.366
20080620,-2.391
20080621,-2.398
20080622,-2.375
20080623,-2.404
20080624,-2.415
20080625,-2.4
20080626,-2.416
20080627,-2.417
20080628,-2.404
20080629,-2.397
20080630,-2.413
20080701,-2.41
20080702,-2.41
20080703,-2.433
20080704,-2.444
20080705,-2.435
20080706,-2.427
20080707,-2.423
20080708,-2.414
20080709,-2.374
20080710,-2.331
20080711,-2.309
20080712,-2.308
20080713,-2.298
20080714,-2.313
20080715,-2.312
20080716,-2.305
20080717,-2.3
20080718,-2.285
20080719,-2.249
20080720,-2.206
20080721,-2.171
20080722,-2.17
20080723,-2.164
20080724,-2.166
20080725,-2.172
20080726,-2.193
20080727,-2.129
20080728,-2.065
20080729,-2.043
20080730,-2.007
20080731,-2.015
20080801,-2.031
20080802,-2.04
20080803,-2.052
20080804,-2.021
20080805,-2.02
20080806,-2.017
20080807,-2.011
20080808,-2.018
20080809,-2.027
20080810,-2.003
20080811,-2.007
20080812,-1.993
20080813,-2.014
20080814,-2.019
20080815,-2.009
20080816,-2.022
20080817,-2.032
20080818,-2.041
20080819,-2.029
20080820,-2.039
20080821,-2.005
20080822,-1.988
20080823,-1.984
20080824,-1.999
20080825,-2.005
20080826,-2.039
20080827,-2.024
20080828,-2.032
20080829,-2.082
20080830,-2.099
20080831,-2.105
20080901,-2.118
20080902,-2.096
20080903,-2.084
20080904,-2.074
20080905,-2.07
20080906,-2.075
20080907,-2.086
20080908,-2.111
20080909,-2.112
20080910,-2.122
20080911,-2.131
20080912,-2.145
20080913,-2.172
20080914,-2.17
20080915,-2.165
20080916,-2.173
20080917,-2.175
20080918,-2.189
20080919,-2.202
20080920,-2.212
20080921,-2.211
20080922,-2.21
20080923,-2.214
20080924,-2.227
20080925,-2.24
20080926,-2.247
20080927,-2.234
20080928,-2.226
20080929,-2.214
20080930,-2.172
20081001,-2.11
20081002,-2.058
20081003,-2.023
20081004,-1.992
20081005,-1.967
20081006,-1.934
20081007,-1.898
20081008,-1.888
20081009,-1.944
20081010,-1.944
20081011,-1.958
20081012,-1.981
20081013,-1.979
20081014,-2.009
20081015,-2.002
20081016,-1.989
20081017,-1.999
20081018,-1.99
20081019,-2.009
20081020,-2.002
20081021,-2.021
20081022,-2.039
20081023,-2.051
20081024,-2.042
20081025,-2.051
20081026,-2.019
20081027,-1.982
20081028,-1.966
20081029,-1.937
20081030,-1.925
20081031,-1.952
20081101,-1.978
20081102,-1.991
20081103,-1.996
20081104,-2.014
20081105,-2.016
20081106,-2.015
20081107,-2.015
20081108,-2.034
20081109,-2.04
20081110,-2.019
20081111,-1.946
20081112,-1.893
20081113,-1.875
20081114,-1.863
20081115,-1.865
20081116,-1.885
20081117,-1.907
20081118,-1.881
20081119,-1.91
20081120,-1.914
20081121,-1.908
20081122,-1.887
20081123,-1.841
20081124,-1.864
20081125,-1.893
20081126,-1.908
20081127,-1.882
20081128,-1.884
20081129,-1.89
20081130,-1.905
20081201,-1.919
20081202,-1.936
20081203,-1.922
20081204,-1.889
20081205,-1.904
20081206,-1.946
20081207,-1.979
20081208,-1.962
20081209,-1.953
20081210,-1.92
20081211,-1.936
20081212,-1.91
20081213,-1.895
20081214,-1.927
20081215,-1.955
20081216,-1.967
20081217,-1.973
20081218,-1.987
20081219,-2.002
20081220,-1.983
20081221,-1.975
20081222,-1.992
20081223,-2.0
20081224,-1.997
20081225,-2.023
20081226,-2.039
20081227,-2.043
20081228,-2.042
20081229,-2.057
20081230,-2.071
20081231,-2.084
20090101,-2.104
20090102,-2.123
20090103,-2.105
20090104,-2.091
20090105,-2.093
20090106,-2.056
20090107,-2.055
20090108,-2.075
20090109,-2.092
20090110,-2.095
20090111,-2.107
20090112,-2.092
20090113,-2.103
20090114,-2.097
20090115,-2.076
20090116,-2.059
20090117,-2.031
20090118,-1.983
20090119,-1.938
20090120,-1.954
20090121,-1.963
20090122,-1.922
20090123,-1.866
20090124,-1.892
20090125,-1.878
20090126,-1.913
20090127,-1.947
20090128,-1.96
20090129,-1.976
20090130,-1.996
20090131,-2.007
20090201,-2.017
20090202,-2.015
20090203,-2.036
20090204,-2.03
20090205,-2.018
20090206,-2.002
20090207,-2.003
20090208,-2.009
20090209,-2.003
20090210,-1.991
20090211,-1.974
20090212,-1.971
20090213,-1.938
20090214,-1.976
20090215,-1.949
20090216,-1.918
20090217,-1.896
20090218,-1.9
20090219,-1.9
20090220,-1.917
20090221,-1.92
20090222,-1.921
20090223,-1.935
20090224,-1.972
20090225,-1.975
20090226,-1.971
20090227,-1.971
20090228,-1.944
20090301,-1.95
20090302,-1.961
20090303,-1.94
20090304,-1.912
20090305,-1.954
20090306,-1.968
20090307,-1.97
20090308,-1.957
20090309,-1.943
20090310,-1.937
20090311,-1.966
20090312,-1.942
20090313,-1.962
20090314,-1.948
20090315,-1.991
20090316,-2.005
20090317,-2.027
20090318,-2.025
20090319,-2.037
20090320,-2.048
20090321,-2.054
20090322,-2.062
20090323,-2.02
20090324,-2.07
20090325,-2.006
20090326,-1.983
20090327,-1.949
20090328,-1.933
20090329,-1.936
20090330,-1.935
20090331,-1.943
20090401,-1.959
20090402,-1.961
20090403,-1.98
20090404,-2.009
20090405,-2.029
20090406,-2.03
20090407,-2.046
20090408,-2.065
20090409,-2.075
20090410,-2.068
20090411,-2.094
20090412,-2.107
20090413,-2.099
20090414,-2.12
20090415,-2.128
20090416,-2.133
20090417,-2.157
20090418,-2.186
20090419,-2.196
20090420,-2.206
20090421,-2.208
20090422,-2.205
20090423,-2.217
20090424,-2.207
20090425,-2.196
20090426,-2.205
20090427,-2.188
20090428,-2.196
20090429,-2.198
20090430,-2.207
20090501,-2.208
20090502,-2.217
20090503,-2.2
20090504,-2.201
20090505,-2.166
20090506,-2.178
20090507,-2.175
20090508,-2.154
20090509,-2.175
20090510,-2.199
20090511,-2.211
20090512,-2.211
20090513,-2.209
20090514,-2.203
20090515,-2.205
20090516,-2.206
20090517,-2.18
20090518,-2.155
20090519,-2.136
20090520,-2.136
20090521,-2.129
20090522,-2.147
20090523,-2.18
20090524,-2.189
20090525,-2.181
20090526,-2.119
20090527,-2.148
20090528,-2.161
20090529,-2.146
20090530,-2.145
20090531,-2.163
20090601,-2.179
20090602,-2.198
20090603,-2.208
20090604,-2.209
20090605,-2.217
20090606,-2.212
20090607,-2.23
20090608,-2.246
20090609,-2.234
20090610,-2.252
20090611,-2.243
20090612,-2.217
20090613,-2.199
20090614,-2.192
20090615,-2.201
20090616,-2.22
20090617,-2.179
20090618,-2.18
20090619,-2.191
20090620,-2.205
20090621,-2.216
20090622,-2.233
20090623,-2.241
20090624,-2.227
20090625,-2.213
20090626,-2.225
20090627,-2.247
20090628,-2.262
20090629,-2.275
20090630,-2.296
20090701,-2.307
20090702,-2.299
20090703,-2.289
20090704,-2.302
20090705,-2.308
20090706,-2.297
20090707,-2.279
20090708,-2.243
20090709,-2.234
20090710,-2.213
20090711,-2.182
20090712,-2.14
20090713,-2.141
20090714,-2.137
20090715,-2.151
20090716,-2.178
20090717,-2.158
20090718,-2.172
20090719,-2.195
20090720,-2.208
20090721,-2.195
20090722,-2.219
20090723,-2.188
20090724,-2.212
20090725,-2.218
20090726,-2.198
20090727,-2.187
20090728,-2.222
20090729,-2.221
20090730,-2.227
20090731,-2.229
20090801,-2.2
20090802,-2.217
20090803,-2.221
20090804,-2.225
20090805,-2.224
20090806,-2.232
20090807,-2.231
20090808,-2.259
20090809,-2.258
20090810,-2.256
20090811,-2.271
20090812,-2.265
20090813,-2.279
20090814,-2.285
20090815,-2.281
20090816,-2.297
20090817,-2.311
20090818,-2.334
20090819,-2.329
20090820,-2.325
20090821,-2.335
20090822,-2.346
20090823,-2.328
20090824,-2.314
20090825,-2.328
20090826,-2.305
20090827,-2.297
20090828,-2.295
20090829,-2.306
20090830,-2.293
20090831,-2.271
20090901,-2.267
20090902,-2.267
20090903,-2.229
20090904,-2.236
20090905,-2.254
20090906,-2.229
20090907,-2.203
20090908,-2.211
20090909,-2.236
20090910,-2.252
20090911,-2.259
20090912,-2.25
20090913,-2.246
20090914,-2.265
20090915,-2.266
20090916,-2.28
20090917,-2.288
20090918,-2.279
20090919,-2.281
20090920,-2.311
20090921,-2.319
20090922,-2.316
20090923,-2.316
20090924,-2.324
20090925,-2.328
20090926,-2.333
20090927,-2.333
20090928,-2.324
20090929,-2.315
20090930,-2.302
20091001,-2.314
20091002,-2.306
20091003,-2.265
20091004,-2.297
20091005,-2.301
20091006,-2.29
20091007,-2.305
20091008,-2.302
20091009,-2.296
20091010,-2.267
20091011,-2.233
20091012,-2.267
20091013,-2.256
20091014,-2.255
20091015,-2.243
20091016,-2.223
20091017,-2.237
20091018,-2.214
20091019,-2.199
20091020,-2.186
20091021,-2.189
20091022,-2.207
20091023,-2.232
20091024,-2.222
20091025,-2.221
20091026,-2.221
20091027,-2.223
20111116,-2.167
20111117,-2.175
20111118,-2.177
20111119,-2.182
20111120,-2.187
20111121,-2.182
20111122,-2.186
20111123,-2.196
20111124,-2.197
20111125,-2.175
20111126,-2.174
20111127,-2.152
20111128,-2.188
20111129,-2.163
20111130,-2.187
20111201,-2.161
20111202,-2.12
20111203,-2.031
20111204,-2.004
20111205,-1.974
20111206,-1.948
20111207,-1.91
20111208,-1.929
20111209,-1.899
20111210,-1.9
20111211,-1.904
20111212,-1.903
20111213,-1.871
20111214,-1.876
20111215,-1.886
20111216,-1.855
20111217,-1.895
20111218,-1.895
20111219,-1.9
20111220,-1.878
20111221,-1.897
20111222,-1.902
20111223,-1.896
20111224,-1.885
20111225,-1.886
20111226,-1.909
20111227,-1.93
20111228,-1.915
20111229,-1.926
20111230,-1.93
20111231,-1.913
20120101,-1.914
20120102,-1.872
20120103,-1.812
20120104,-1.828
20120105,-1.766
20120106,-1.829
20120107,-1.815
20120108,-1.833
20120109,-1.851
20120110,-1.88
20120111,-1.895
20120112,-1.884
20120113,-1.933
20120114,-1.958
20120115,-1.97
20120116,-1.986
20120117,-2.001
20120118,-2.003
20120119,-1.986
20120120,-1.975
20120121,-1.935
20120122,-1.92
20120123,-1.937
20120124,-1.95
20120125,-1.948
20120126,-1.934
20120127,-1.947
20120128,-1.973
20120129,-1.985
20120130,-1.989
20120131,-2.018
20120201,-2.058
20120202,-2.08
20120203,-2.086
20120204,-2.108
20120205,-2.099
20120206,-2.116
20120207,-2.139
20120208,-2.137
20120209,-2.126
20120210,-2.133
20120211,-2.133
20120212,-2.112
20120213,-2.099
20120214,-2.093
20120215,-2.07
20120216,-2.065
20120217,-2.04
20120218,-1.999
20120219,-1.994
20120220,-2.0
20120221,-1.966
20120222,-1.94
20120223,-1.948
20120224,-1.96
20120225,-1.981
20120226,-2.008
20120227,-2.05
20120228,-2.006
20120229,-2.036
20120301,-2.044
20120302,-2.059
20120303,-2.053
20120304,-2.059
20120305,-2.051
20120306,-2.078
20120307,-2.057
20120308,-2.053
20120309,-2.037
20120310,-2.035
20120311,-2.045
20120312,-2.055
20120313,-2.069
20120314,-2.077
20120315,-2.079
20120316,-2.076
20120317,-2.083
20120318,-2.09
20120319,-2.144
20120320,-2.148
20120321,-2.162
20120322,-2.163
20120323,-2.159
20120324,-2.173
20120325,-2.189
20120326,-2.192
20120327,-2.172
20120328,-2.173
20120329,-2.175
20120330,-2.19
20120331,-2.192
20120401,-2.205
20120402,-2.202
20120403,-2.197
20120404,-2.227
20120405,-2.24
20120406,-2.219
20120407,-2.22
20120408,-2.227
20120409,-2.191
20120410,-2.167
20120411,-2.172
20120412,-2.18
20120413,-2.185
20120414,-2.193
20120415,-2.219
20120416,-2.233
20120417,-2.193
20120418,-2.18
20120419,-2.181
20120420,-2.188
20120421,-2.2
20120422,-2.209
20120423,-2.18
20120424,-2.161
20120425,-2.132
20120426,-2.12
20120427,-2.122
20120428,-2.149
20120429,-2.136
20120430,-2.149
20120501,-2.15
20120502,-2.163
20120503,-2.154
20120504,-2.153
20120505,-2.183
20120506,-2.196
20120507,-2.216
20120508,-2.199
20120509,-2.184
20120510,-2.147
20120511,-2.14
20120512,-2.17
20120513,-2.154
20120514,-2.137
20120515,-2.131
20120516,-2.157
20120517,-2.146
20120518,-2.128
20120519,-2.148
20120520,-2.16
20120521,-2.176
20120522,-2.201
20120523,-2.233
20120524,-2.248
20120525,-2.256
20120526,-2.25
20120527,-2.259
20120528,-2.262
20120529,-2.26
20120530,-2.28
20120531,-2.264
20120601,-2.264
20120602,-2.257
20120603,-2.243
20120604,-2.246
20120605,-2.257
20120606,-2.228
20120607,-2.219
20120608,-2.213
20120609,-2.213
20120610,-2.229
20120611,-2.222
20120612,-2.199
20120613,-2.199
20120614,-2.206
20120615,-2.188
20120616,-2.192
20120617,-2.205
20120618,-2.198
20120619,-2.212
20120620,-2.217
20120621,-2.207
20120622,-2.201
20120623,-2.176
20120624,-2.126
20120625,-2.098
20120626,-2.092
20120627,-2.085
20120628,-2.082
20120629,-2.103
20120630,-2.134
20120701,-2.159
20120702,-2.185
20120703,-2.196
20120704,-2.201
20120705,-2.213
20120706,-2.178
20120707,-2.183
20120708,-2.175
20120709,-2.176
20120710,-2.17
20120711,-2.125
20120712,-2.068
20120713,-2.001
20120714,-1.981
20120715,-1.999
20120716,-2.009
20120717,-1.995
20120718,-1.947
20120719,-1.908
20120720,-1.919
20120721,-1.946
20120722,-1.975
20120723,-1.994
20120724,-2.005
20120725,-2.037
20120726,-2.081
20120727,-2.085
20120728,-2.104
20120729,-2.122
20120730,-2.111
20120731,-2.086
20120801,-2.053
20120802,-2.035
20120803,-2.023
20120804,-2.021
20120805,-2.026
20120806,-1.993
20120807,-1.977
20120808,-1.973
20120809,-1.988
20120810,-2.006
20120811,-2.026
20120812,-2.034
20120813,-2.057
20120814,-2.079
20120815,-2.097
20120816,-2.123
20120817,-2.141
20120818,-2.147
20120819,-2.163
20120820,-2.191
20120821,-2.19
20120822,-2.186
20120823,-2.194
20120824,-2.194
20120825,-2.18
20120826,-2.165
20120827,-2.124
20120828,-2.083
20120829,-2.085
20120830,-2.09
20120831,-2.077
20120901,-2.014
20120902,-1.982
20120903,-1.997
20120904,-1.995
20120905,-2.033
20120906,-2.084
20120907,-2.072
20120908,-2.092
20120909,-2.099
20120910,-2.114
20120911,-2.128
20120912,-2.145
20120913,-2.175
20120914,-2.152
20120915,-2.187
20120916,-2.182
20120917,-2.194
20120918,-2.19
20120919,-2.207
20120920,-2.209
20120921,-2.197
20120922,-2.191
20120923,-2.178
20120924,-2.116
20120925,-2.076
20120926,-2.046
20120927,-2.046
20120928,-2.067
20120929,-2.072
20120930,-2.079
20121001,-2.076
20121002,-2.082
20121003,-2.059
20121004,-2.009
20121005,-1.958
20121006,-1.931
20121007,-1.928
20121008,-1.928
20121009,-1.947
20121010,-1.97
20121011,-1.983
20121012,-1.981
20121013,-1.974
20121014,-1.922
20121015,-1.924
20121016,-1.907
20121017,-1.924
20121018,-1.938
20121019,-1.935
20121020,-1.929
20121021,-1.938
20121022,-1.955
20121023,-1.97
20121024,-1.978
20121025,-1.979
20121026,-1.99
20121027,-2.006
20121028,-2.021
20121029,-2.048
20121030,-2.052
20121031,-2.059
20130611,-2.220466666666667
20130612,-2.2304166666666663
20130613,-2.236666666666667
20130614,-2.2565416666666667
20130615,-2.2459166666666674
20130616,-2.2646666666666664
20130617,-2.29825
20130618,-2.3169583333333335
20130619,-2.3361249999999996
20130620,-2.349541666666667
20130621,-2.3197083333333333
20130622,-2.265
20130623,-2.2210000000000005
20130624,-2.2199166666666668
20130625,-2.2284583333333328
20130626,-2.240375
20130627,-2.2574166666666664
20130628,-2.2586250000000003
20130629,-2.27075
20130630,-2.2665
20130701,-2.2741249999999997
20130702,-2.292208333333333
20130703,-2.30925
20130704,-2.3585833333333333
20130705,-2.394708333333333
20130706,-2.4152499999999995
20130707,-2.435291666666667
20130708,-2.452958333333334
20130709,-2.460416666666667
20130710,-2.4657083333333336
20130711,-2.486375
20130712,-2.5082500000000008
20130713,-2.5335
20130714,-2.554875
20130715,-2.573875000000001
20130716,-2.6142499999999997
20130717,-2.6509999999999994
20130718,-2.673458333333333
20130719,-2.689208333333333
20130720,-2.7050000000000005
20130721,-2.717791666666667
20130722,-2.72925
20130723,-2.7469166666666673
20130724,-2.762541666666667
20130725,-2.77275
20130726,-2.780625
20130727,-2.7770000000000006
20130728,-2.7687916666666665
20130729,-2.7686249999999997
20130730,-2.7701666666666664
20130731,-2.755333333333333
20130801,-2.745875
20130802,-2.752416666666667
20130803,-2.7793749999999995
20130804,-2.796125
20130805,-2.7842083333333334
20130806,-2.78275
20130807,-2.7727083333333336
20130808,-2.7496666666666667
20130809,-2.732625
20130810,-2.160416666666667
20130811,-1.934458333333333
20130812,-1.916333333333333
20130813,-1.909375
20130814,-1.912
20130815,-1.8964166666666669
20130816,-1.8867916666666664
20130817,-1.8913333333333335
20130818,-1.8953333333333333
20130819,-1.9084583333333338
20130820,-1.8930000000000005
20130821,-1.8665416666666663
20130822,-1.8572083333333331
20130823,-1.8664583333333333
20130824,-1.8718333333333332
20130825,-1.8980416666666662
20130826,-1.9285833333333333
20130827,-1.9479583333333332
20130828,-1.9802083333333333
20130829,-1.9884999999999995
20130830,-1.9914166666666668
20130831,-2.0165
20130901,-2.035083333333334
20130902,-2.0450416666666666
20130903,-2.066166666666667
20130904,-2.0747500000000003
20130905,-2.07375
20130906,-2.0896250000000003
20130907,-2.1235416666666667
20130908,-2.1171666666666673
20130909,-2.077083333333334
20130910,-2.0488333333333326
20130911,-2.0452083333333335
20130912,-2.046458333333333
20130913,-2.0493749999999995
20130914,-2.03525
20130915,-2.011333333333333
20130916,-1.9919166666666663
20130917,-1.9857499999999997
20130918,-1.9852500000000004
20130919,-2.0001249999999997
20130920,-2.013458333333334
20130921,-2.0349166666666667
20130922,-2.046041666666667
20130923,-2.0598333333333336
20130924,-2.0554166666666664
20130925,-2.0732083333333335
20130926,-2.1047499999999997
20130927,-2.1238333333333332
20130928,-2.138708333333334
20130929,-2.1590833333333332
20130930,-2.176791666666666
20131001,-2.2019583333333332
20131002,-2.223875
20131003,-2.2327499999999993
20131004,-2.216083333333333
20131005,-2.1904999999999997
20131006,-2.21175
20131007,-2.246833333333334
20131008,-2.2554583333333333
20131009,-2.2469583333333336
20131010,-2.2384999999999997
20131011,-2.2598333333333334
20131012,-2.245791666666667
20131013,-2.2081666666666666
20131014,-2.185666666666666
20131015,-2.1594999999999995
20131016,-2.1598333333333337
20131017,-2.1511666666666667
20131018,-2.177375
20131019,-2.1613333333333333
20131020,-2.157083333333334
20131021,-2.1703333333333332
20131022,-2.1709999999999994
20131023,-2.18075
20131024,-2.219666666666667
20131025,-2.213
20131026,-2.208958333333334
20131027,-2.193916666666667
20131028,-2.177541666666667
20131029,-2.18825
20131030,-2.1766666666666667
20131031,-2.1504166666666666
20131101,-2.132625
20131102,-2.1002083333333337
20131103,-2.093583333333333
20131104,-2.0853750000000004
20131105,-2.0764166666666664
20131106,-2.0683333333333334
20131107,-2.0565833333333337
20131108,-2.043833333333333
20131109,-2.0337499999999995
20131110,-2.0260416666666665
20131111,-2.0310833333333345
20131112,-2.0235
20131113,-2.0321666666666665
20131114,-2.0163333333333333
20131115,-2.0515416666666666
20131116,-2.0591666666666666
20131117,-2.0632500000000005
20131118,-2.044958333333333
20131119,-2.0518750000000003
20131120,-2.0458749999999997
20131121,-2.0394166666666664
20131122,-2.07525
20131123,-2.096458333333333
20131124,-2.1144583333333333
20131125,-2.1314166666666665
20131126,-2.1323333333333334
20131127,-2.1465416666666663
20131128,-2.1613333333333333
20131129,-2.117625
20131130,-2.0960000000000005
20131201,-2.081041666666667
20131202,-2.07225
20131203,-2.0524166666666663
20131204,-2.0578333333333334
20131205,-2.0403750000000005
20131206,-2.0429999999999997
20131207,-2.037458333333334
20131208,-2.0263750000000003
20131209,-2.0435833333333333
20131210,-2.079333333333333
20131211,-2.0955833333333334
20131212,-2.0952916666666677
20131213,-2.1019166666666664
20131214,-2.1155
20131215,-2.1065416666666668
20131216,-2.0719583333333333
20131217,-1.9617916666666668
20131218,-1.8852916666666666
20131219,-1.8347083333333332
20131220,-1.84975
20131221,-1.8330833333333334
20131222,-1.786333333333334
20131223,-1.7487500000000002
20131224,-1.6903333333333332
20131225,-1.6814583333333333
20131226,-1.6988750000000001
20131227,-1.6862916666666667
20131228,-1.6997500000000008
20131229,-1.738291666666667
20131230,-1.757375
20131231,-1.7802499999999997
20140101,-1.784375
20140102,-1.7874166666666669
20140103,-1.8090416666666667
20140104,-1.8197916666666665
20140105,-1.8263333333333336
20140106,-1.813583333333333
20140107,-1.7984583333333333
20140108,-1.7878333333333334
20140109,-1.7769583333333336
20140110,-1.780083333333333
20140111,-1.7808749999999998
20140112,-1.7887916666666666
20140113,-1.7685000000000002
20140114,-1.7870833333333334
20140115,-1.8150000000000004
20140116,-1.8098333333333336
20140117,-1.8163333333333336
20140118,-1.8271250000000003
20140119,-1.8362083333333334
20140120,-1.8636250000000008
20140121,-1.8970416666666667
20140122,-1.8966666666666672
20140123,-1.9023333333333339
20140124,-1.9160416666666664
20140125,-1.922
20140126,-1.8837916666666663
20140127,-1.831333333333334
20140128,-1.849083333333333
20140129,-1.8933333333333329
20140130,-1.9340416666666667
20140131,-1.9584583333333336
20140201,-1.941
20140202,-1.9740833333333334
20140203,-1.9881250000000001
20140204,-1.9838333333333331
20140205,-1.9640416666666674
20140206,-1.9829166666666669
20140207,-1.966916666666666
20140208,-1.9403333333333332
20140209,-1.917833333333333
20140210,-1.9388750000000001
20140211,-1.9311249999999998
20140212,-1.9390416666666666
20140213,-1.956666666666666
20140214,-1.990125
20140215,-1.9713333333333332
20140216,-2.0066666666666664
20140217,-2.033041666666666
20140218,-2.0411666666666664
20140219,-2.04675
20140220,-2.0405833333333336
20140221,-2.0347500000000003
20140222,-2.060916666666667
20140223,-2.08975
20140224,-2.102
20140225,-2.1077083333333335
20140226,-2.1391250000000004
20140227,-2.143666666666667
20140228,-2.1389166666666672
20140301,-2.1404583333333336
20140302,-2.142916666666667
20140303,-2.1430416666666665
20140304,-2.1832916666666664
20140305,-2.2242499999999996
20140306,-2.235333333333333
20140307,-2.23075
20140308,-2.2489166666666667
20140309,-2.249833333333333
20140310,-2.261416666666667
20140311,-2.2812916666666667
20140312,-2.2817916666666664
20140313,-2.2807499999999994
20140314,-2.2823749999999996
20140315,-2.275333333333333
20140316,-2.2781666666666665
20140317,-2.2892499999999996
20140318,-2.2819166666666666
20140319,-2.2772083333333337
20140320,-2.2584583333333335
20140321,-2.2377916666666664
20140322,-2.186083333333334
20140323,-2.1718333333333333
20140324,-2.188291666666667
20140325,-2.194375
20140326,-2.2029583333333336
20140327,-2.2128333333333337
20140328,-2.2286666666666664
20140329,-2.2368333333333337
20140330,-2.242958333333333
20140331,-2.2507499999999996
20140401,-2.248583333333334
20140402,-2.2565833333333334
20140403,-2.263875
20140404,-2.2804999999999995
20140405,-2.283333333333333
20140406,-2.27825
20140407,-2.2663750000000005
20140408,-2.247708333333333
20140409,-2.2417916666666664
20140410,-2.2226250000000003
20140411,-2.2244166666666665
20140412,-2.2251666666666665
20140413,-2.230375
20140414,-2.2401666666666666
20140415,-2.2635
20140416,-2.2705000000000006
20140417,-2.251041666666667
20140418,-2.256708333333334
20140419,-2.2727916666666665
20140420,-2.2695
20140421,-2.2715
20140422,-2.2852916666666663
20140423,-2.3064583333333335
20140424,-2.29475
20140425,-2.271666666666667
20140426,-2.2563333333333335
20140427,-2.2516666666666665
20140428,-2.258833333333334
20140429,-2.253541666666666
20140430,-2.23225
20140501,-2.214583333333333
20140502,-2.218458333333333
20140503,-2.221291666666667
20140504,-2.2109166666666664
20140505,-2.1995833333333334
20140506,-2.1866250000000003
20140507,-2.190916666666667
20140508,-2.1827916666666662
20140509,-2.161958333333333
20140510,-2.125166666666667
20140511,-2.0677916666666665
20140512,-2.0384583333333333
20140513,-2.019083333333333
20140514,-2.0147500000000003
20140515,-2.020833333333334
20140516,-2.024083333333333
20140517,-2.02175
20140518,-2.018583333333334
20140519,-2.0229999999999997
20140520,-2.054791666666667
20140521,-2.074625
20140522,-2.0775833333333336
20140523,-2.09525
20140524,-2.104708333333333
20140525,-2.106666666666667
20140526,-2.097583333333333
20140527,-1.9915833333333335
20140528,-1.8976666666666666
20140529,-1.8278749999999997
20140530,-1.804291666666667
20140531,-1.8057083333333332
20140601,-1.8215416666666666
20140602,-1.8429583333333335
20140603,-1.861416666666666
20140604,-1.8641666666666665
20140605,-1.8618750000000004
20140606,-1.8382499999999997
20140607,-1.8295416666666668
20140608,-1.8487916666666668
20140609,-1.8654166666666663
20140610,-1.8858750000000002
20140611,-1.911333333333333
20140612,-1.9316250000000001
20140613,-1.9403333333333335
20140614,-1.955000000000001
20140615,-1.9720833333333332
20140616,-1.9740416666666663
20140617,-1.9876666666666667
20140618,-1.9992083333333335
20140619,-1.995875
20140620,-1.9907083333333333
20140621,-1.9966249999999999
20140622,-2.0102916666666664
20140623,-2.021875
20140624,-2.0163333333333333
20140625,-2.01175
20140626,-2.0160416666666663
20140627,-2.0107083333333335
20140628,-1.9961666666666662
20140629,-1.986416666666666
20140630,-1.9904166666666663
20140701,-1.9929583333333334
20140702,-1.9978333333333336
20140703,-1.9960416666666667
20140704,-1.9897083333333327
20140705,-1.9924583333333334
20140706,-2.010125
20140707,-2.029416666666666
20140708,-2.02275
20140709,-2.008666666666667
20140710,-2.020333333333333
20140711,-2.0305416666666667
20140712,-2.0405416666666665
20140713,-2.0327083333333333
20140714,-2.026875
20140715,-2.033958333333333
20140716,-2.0431250000000003
20140717,-2.0533333333333332
20140718,-2.0601249999999993
20140719,-2.055291666666667
20140720,-2.066333333333333
20140721,-2.084333333333334
20140722,-2.0913333333333335
20140723,-2.0961666666666665
20140724,-2.0976250000000003
20140725,-2.0932500000000007
20140726,-2.0667916666666666
20140727,-2.0695833333333336
20140728,-2.0444583333333326
20140729,-2.042291666666666
20140730,-2.0444999999999993
20140731,-2.044333333333334
20140801,-2.0560833333333326
20140802,-2.05125
20140803,-2.0692083333333335
20140804,-2.0869166666666668
20140805,-2.1009999999999995
20140806,-2.096291666666666
20140807,-2.1007916666666673
20140808,-2.1069999999999998
20140809,-2.081166666666667
20140810,-2.0494583333333334
20140811,-2.023333333333334
20140812,-1.967125
20140813,-1.8905833333333335
20140814,-1.8624583333333335
20140815,-1.8701666666666672
20140816,-1.8794583333333332
20140817,-1.8532083333333336
20140818,-1.810208333333333
20140819,-1.7852500000000002
20140820,-1.7572499999999998
20140821,-1.7327500000000002
20140822,-1.7011250000000002
20140823,-1.6868749999999997
20140824,-1.6815833333333332
20140825,-1.673958333333333
20140826,-1.6805416666666668
20140827,-1.7092916666666664
20140828,-1.7187916666666663
20140829,-1.730208333333333
20140830,-1.7390416666666664
20140831,-1.7275833333333337
20140901,-1.6411249999999995
20140902,-1.4712083333333335
20140903,-1.4031666666666667
20140904,-1.3808749999999999
20140905,-1.3767500000000001
20140906,-1.3829166666666668
20140907,-2.4066666666666667
20140908,-2.463416666666667
20140909,-2.491166666666667
20140910,-2.511083333333334
20140911,-2.530541666666666
20140912,-2.552958333333333
20140913,-2.5667083333333336
20140914,-2.5690416666666667
20140915,-2.5674999999999994
20140916,-2.5679166666666666
20140917,-2.530666666666667
20140918,-2.5525833333333328
20140919,-2.5563750000000005
20140920,-2.5589999999999997
20140921,-2.556416666666667
20140922,-2.5554166666666664
20140923,-2.5502083333333325
20140924,-2.528458333333334
20140925,-2.5224999999999995
20140926,-2.511791666666667
20140927,-2.5096249999999998
20140928,-2.494291666666667
20140929,-2.485791666666667
20140930,-2.4876666666666662
20141001,-2.493625
20141002,-2.496583333333333
20141003,-2.4717500000000006
20141004,-2.454291666666667
20141005,-2.4691666666666667
20141006,-2.4490000000000003
20141007,-2.4211249999999995
20141008,-2.4154999999999998
20141009,-2.4014166666666665
20141010,-2.404999999999999
20141011,-2.4003750000000004
20141012,-2.3912083333333336
20141013,-2.3565833333333335
20141014,-2.3457916666666665
20141015,-2.337583333333334
20141016,-2.3288750000000005
20141017,-2.3340833333333335
20141018,-2.3341250000000007
20141019,-2.3233750000000004
20141020,-2.3047083333333327
20141021,-2.2780000000000005
20141022,-2.3077916666666662
20141023,-2.2929583333333334
20141024,-2.277166666666667
20141025,-2.2715833333333326
20141026,-2.2725416666666667
20141027,-2.271458333333334
20141028,-2.2636666666666665
20141029,-2.27275
20141030,-2.290291666666666
20141031,-2.2895416666666666
20141101,-2.283833333333333
20141102,-2.2697500000000006
20141103,-2.2344583333333334
20141104,-2.2374583333333335
20141105,-2.2495416666666666
20141106,-2.2595000000000005
20141107,-2.245
20141108,-2.264666666666667
20141109,-2.2652083333333337
20141110,-2.2661666666666673
20141111,-2.2635
20141112,-2.259208333333334
20141113,-2.2814999999999994
20141114,-2.272083333333334
20141115,-2.261791666666667
20141116,-2.2418333333333336
20141117,-2.204375
20141118,-2.1895000000000002
20141119,-2.199833333333333
20141120,-2.2062916666666665
20141121,-2.203916666666667
20141122,-2.204541666666667
20141123,-2.1917916666666675
20141124,-2.2062083333333335
20141125,-2.199333333333333
20141126,-2.179416666666667
20141127,-2.195083333333334
20141128,-2.2168333333333328
20141129,-2.2380833333333334
20141130,-2.2403333333333335
20141201,-2.2474166666666666
20141202,-2.254
20141203,-2.23425
20141204,-2.2490416666666664
20141205,-2.243833333333333
20141206,-2.265
20141207,-2.2459999999999996
20141208,-2.2359999999999998
20141209,-2.2365
20141210,-2.1838333333333333
20141211,-2.1442083333333337
20141212,-2.0995416666666666
20141213,-2.101583333333333
20141214,-2.0915833333333333
20141215,-2.0835416666666666
20141216,-2.077750000000001
20141217,-2.0566666666666666
20141218,-2.057375
20141219,-2.0508749999999996
20141220,-2.048541666666667
20141221,-2.0489166666666665
20141222,-2.0288749999999998
20141223,-2.0215
20141224,-2.007541666666667
20141225,-2.0149166666666667
20141226,-2.021500000000001
20141227,-1.9988750000000002
20141228,-2.0505416666666663
20141229,-2.06825
20141230,-2.0591249999999994
20141231,-2.052916666666667
20150101,-2.0453333333333323
20150102,-2.0345416666666662
20150103,-2.0329583333333328
20150104,-2.0575833333333335
20150105,-2.0551666666666666
20150106,-2.045083333333333
20150107,-2.050833333333333
20150108,-2.039916666666666
20150109,-1.9975000000000003
20150110,-1.9580416666666671
20150111,-1.9576666666666667
20150112,-1.9455000000000002
20150113,-1.9045000000000003
20150114,-1.871208333333333
20150115,-1.8265000000000002
20150116,-1.8452083333333327
20150117,-1.8629166666666663
20150118,-1.8722083333333337
20150119,-1.8786666666666667
20150120,-1.8904999999999994
20150121,-1.9178749999999998
20150122,-1.9542916666666665
20150123,-1.9753333333333334
20150124,-1.9755416666666672
20150125,-2.002625
20150126,-1.9665000000000001
20150127,-1.941416666666667
20150128,-1.8789583333333333
20150129,-1.8285000000000002
20150130,-1.8165000000000002
20150131,-1.8376666666666663
20150201,-1.870958333333333
20150202,-1.8914583333333335
20150203,-1.8954166666666667
20150204,-1.9109999999999996
20150205,-1.917541666666666
20150206,-1.92925
20150207,-1.9330833333333335
20150208,-1.9285833333333333
20150209,-1.9261666666666664
20150210,-1.9354583333333333
20150211,-1.9274583333333337
20150212,-1.9230416666666663
20150213,-1.9158333333333326
20150214,-1.9287916666666665
20150215,-1.9599166666666665
20150216,-1.9700833333333332
20150217,-2.0065
20150218,-2.0149166666666662
20150219,-1.9648333333333328
20150220,-1.9385000000000003
20150221,-1.8995833333333332
20150222,-1.8777916666666663
20150223,-1.8328333333333335
20150224,-1.838208333333333
20150225,-1.8530416666666667
20150226,-1.8207083333333334
20150227,-1.800333333333333
20150228,-1.7734583333333334
20150301,-1.7541250000000004
20150302,-1.7862499999999997
20150303,-1.8244999999999996
20150304,-1.8337083333333324
20150305,-1.8514166666666665
20150306,-1.84325
20150307,-1.835416666666667
20150308,-1.8515000000000004
20150309,-1.8724999999999998
20150310,-1.8853750000000005
20150311,-1.8985833333333335
20150312,-1.908291666666667
20150313,-1.9177916666666668
20150314,-1.9379166666666663
20150315,-1.9468333333333339
20150316,-1.9477916666666673
20150317,-1.9512500000000006
20150318,-1.9617083333333332
20150319,-1.9729999999999999
20150320,-1.9654583333333333
20150321,-1.9522500000000005
20150322,-1.9622083333333336
20150323,-1.93975
20150324,-1.9344583333333334
20150325,-1.9316666666666666
20150326,-1.9131249999999997
20150327,-1.875733333333333
20150328,-1.8940000000000001
20150329,-1.843875
20150330,-1.8265
20150331,-1.7857500000000002
20150401,-1.8002500000000001
20150402,-1.77775
20150403,-1.772125
20150404,-1.7805
20150405,-1.8014999999999999
20150406,-1.81875
20150407,-1.8365
20150408,-1.8396249999999998
20150409,-1.8282500000000002
20150410,-1.8305
20150411,-1.83425
20150412,-1.8555000000000004
20150413,-1.8755
20150414,-1.867375
20150415,-1.86175
20150416,-1.8889999999999998
20150417,-1.9225000000000003
20150418,-1.9585
20150419,-1.95425
20150420,-1.96325
20150421,-1.954625
20150422,-1.9256250000000001
20150423,-1.5041250000000002
20150424,-1.0835000000000001
20150425,-1.068
20150426,-1.054875
20150427,-1.007625
20150428,-0.9612499999999998
20150429,-0.89775
20150430,-0.8243750000000001
20150501,-0.779875
20150502,-0.775125
20150503,-0.7533749999999999
20150504,-0.7271249999999999
20150505,-0.687
20150506,-0.6745000000000001
20150507,-0.6783750000000001
20150508,-0.6645000000000001
20150509,-0.6390000000000001
20150510,-0.65375
20150511,-0.63125
20150512,-0.607625
20150513,-0.61375
20150514,-0.60575
20150515,-0.6068749999999999
20150516,-0.59475
20150517,-0.5856250000000001
20150518,-0.5393749999999999
20150519,-0.5185
20150520,-0.5166666666666667
20150826,-2.1182
20150827,-2.1159999999999997
20150828,-2.1000000000000005
20150829,-2.0335
20150830,-1.99875
20150831,-1.965625
20150901,-2.01875
20150902,-1.9631250000000002
20150903,-1.9353749999999998
20150904,-1.926
20150905,-1.9440000000000002
20150906,-1.925
20150907,-1.905125
20150908,-1.886125
20150909,-1.904375
20150910,-1.91675
20150911,-1.9133749999999998
20150912,-1.928875
20150913,-1.943125
20150914,-1.957375
20150915,-1.9967500000000002
20150916,-1.947375
20150917,-2.04825
20150918,-2.050875
20150919,-2.04375
20150920,-1.998625
20150921,-1.942875
20150922,-1.947125
20150923,-2.055125
20150924,-2.050875
20150925,-2.08325
20150926,-2.0805
20150927,-2.089
20150928,-2.083875
20150929,-2.076375
20150930,-2.076625
20151001,-2.0703750000000003
20151002,-2.04525
20151003,-2.03825
20151004,-2.10325
20151005,-2.0749999999999997
20151006,-2.080875
20151007,-2.156625
20151008,-2.1705
20151009,-2.121875
20151010,-2.091125
20151011,-2.08575
20151012,-2.095125
20151013,-2.12525
20151014,-2.130375
20151015,-2.12425
20151016,-2.129125
20151017,-2.10675
20151018,-2.07825
20151019,-2.083
20151020,-2.061625
20151021,-2.000625
20151022,-2.0465
20151023,-2.073625
20151024,-2.0195
20151025,-2.117
20151026,-2.045375
20151027,-2.0595
20151028,-2.0608749999999993
20151029,-2.1365000000000003
20151030,-2.14925
20151031,-2.1312499999999996
20151101,-2.161
20151102,-2.119125
20151103,-2.106625
20151104,-2.120125
20151105,-2.1302499999999998
20151106,-2.1313750000000002
20151107,-2.1172500000000003
20151108,-2.085375
20151109,-2.04125
20151110,-2.0385
20151111,-2.027
20151112,-2.0279999999999996
20151113,-1.993875
20151114,-2.00375
20151115,-1.9402500000000003
20151116,-1.920375
20151117,-1.8387499999999999
20151118,-1.89875
20151119,-1.8663750000000001
20151120,-1.7929999999999997
20151121,-1.851
20151122,-1.9224999999999997
20151123,-1.9255
20151124,-1.801375
20151125,-1.86025
20151126,-1.9335
20151127,-1.8151249999999999
20151128,-1.85975
20151129,-1.8398750000000001
20151130,-1.89425
20151201,-1.9347500000000002
20151202,-1.87375
20151203,-1.8528749999999996
20151204,-1.8915
20151205,-1.84075
20151206,-1.9100000000000001
20151207,-1.977625
20151208,-1.9263750000000002
20151209,-2.0084999999999997
20151210,-1.909375
20151211,-1.92275
20151212,-1.919375
20151213,-1.984375
20151214,-1.8936250000000001
20151215,-1.92725
20151216,-1.88525
20151217,-1.891125
20151218,-1.91875
20151219,-1.8896249999999999
20151220,-1.9065
20151221,-1.9248750000000001
20151222,-1.9420000000000002
20151223,-1.97175
20151224,-1.8708749999999998
20151225,-1.941
20151226,-1.9085000000000003
20151227,-1.95075
20151228,-1.93325
20151229,-1.9546249999999998
20151230,-1.913875
20151231,-1.9594999999999998
20160101,-1.9898750000000003
20160102,-1.9187499999999997
20160103,-1.898625
20160104,-1.915375
20160105,-1.975875
20160106,-1.9989999999999997
20160107,-1.90775
20160108,-2.02625
20160109,-1.9069999999999998
20160110,-1.869
20160111,-1.86875
20160112,-1.9485000000000001
20160113,-2.019125
20160114,-1.843125
20160115,-1.9631250000000002
20160116,-1.91325
20160117,-1.9187500000000002
20160118,-1.8425000000000002
20160119,-1.8702500000000002
20160120,-1.9335
20160121,-1.9728750000000002
20160122,-1.9023750000000001
20160123,-1.9960000000000002
20160124,-1.910875
20160125,-1.887375
20160126,-1.87025
20160127,-1.86
20160128,-1.9692500000000002
20160129,-1.846875
20160130,-1.8265
20160131,-1.8612499999999996
20160201,-1.873125
20160202,-1.847125
20160203,-1.9243750000000002
20160204,-1.928625
20160205,-1.896875
20160206,-1.8290000000000002
20160207,-1.8664999999999998
20160208,-1.8323749999999999
20160209,-1.89425
20160210,-1.947375
20160211,-1.9348750000000001
20160212,-1.86525
20160213,-1.833375
20160214,-1.933875
20160215,-2.0654999999999997
20160216,-1.9925000000000002
20160217,-1.840875
20160218,-1.915375
20160219,-1.942
20160220,-1.8741249999999996
20160221,-1.9133749999999998
20160222,-1.9265
20160223,-1.9406249999999998
20160224,-1.90975
20160225,-1.8914999999999997
20160226,-1.898625
20160227,-1.95425
20160228,-2.0095
20160229,-2.00675
20160301,-1.888125
20160302,-1.90025
20160303,-1.976375
20160304,-1.8478750000000002
20160305,-1.886
20160306,-1.8794999999999997
20160307,-1.9109999999999998
20160308,-1.9241249999999999
20160309,-1.88575
20160310,-2.018
20160311,-2.006125
20160312,-2.009
20160313,-2.035625
20160314,-2.0094999999999996
20160315,-2.0199999999999996
20160316,-2.0648750000000002
20160317,-2.038875
20160318,-2.0355
20160319,-2.0721249999999998
20160320,-2.0570000000000004
20160321,-2.0633749999999997
20160322,-2.053375
20160323,-2.0695
20160324,-2.063
20160325,-2.0913749999999998
20160326,-2.025875
20160327,-2.02575
20160328,-1.9579999999999997
20160329,-2.0731249999999997
20160330,-2.059375
20160331,-2.068875
20160401,-2.0595
20160402,-2.0124999999999997
20160403,-2.0122500000000003
20160404,-2.036375
20160405,-2.0435
20160406,-1.99275
20160407,-2.018625
20160408,-2.00125
20160409,-1.96125
20160410,-2.015375
20160411,-1.99275
20160412,-2.002125
20160413,-2.028625
20160414,-2.018625
20160415,-1.947875
20160416,-2.0001249999999997
20160417,-2.064
20160418,-2.0355
20160419,-2.081375
20160420,-2.073625
20160421,-2.037875
20160422,-2.051
20160423,-2.06025
20160424,-2.0815
20160425,-2.0262499999999997
20160426,-2.0358750000000003
20160427,-2.094625
20160428,-2.051625
20160429,-1.994
20160430,-2.050625
20160501,-2.036
20160502,-1.9697499999999997
20160503,-2.056875
20160504,-2.057125
20160505,-2.02825
20160506,-2.0157499999999997
20160507,-2.073
20160508,-2.1131249999999997
20160509,-2.12875
20160510,-2.12
20160511,-2.135125
20160512,-2.1542499999999998
20160513,-2.213125
20160514,-2.230625
20160515,-2.237625
20160516,-2.218
20160517,-2.189125
20160518,-2.1645
20160519,-2.2406249999999996
20160520,-2.234
20160521,-2.194
20160522,-2.201875
20160523,-2.256
20160524,-2.208625
20160525,-2.1753750000000003
20160526,-2.179
20160527,-2.1678749999999996
20160528,-2.149
20160529,-2.1575
20160530,-2.1585
20160531,-2.220625
20160601,-2.211125
20160602,-2.211625
20160603,-2.2140000000000004
20160604,-2.2251250000000002
20160605,-2.2433750000000003
20160606,-2.23625
20160607,-2.23675
20160608,-2.2356249999999998
20160609,-2.225125
20160610,-2.2126249999999996
20160611,-2.228375
20160612,-2.2165
20160613,-2.1854999999999998
20160614,-2.153125
20160615,-2.11925
20160616,-2.073375
20160617,-2.067625
20160618,-2.074875
20160619,-2.0735
20160620,-1.9906249999999999
20160621,-2.0502499999999997
20160622,-2.00925
20160623,-1.956
20160624,-1.981
20160625,-1.962625
20160626,-1.9914999999999996
20160627,-2.00825
20160628,-1.9906249999999996
20160629,-1.9848749999999997
20160630,-1.9808750000000002
20160701,-1.914875
20160702,-1.9437499999999999
20160703,-1.9448750000000001
20160704,-1.921375
20160705,-1.9286250000000003
20160706,-2.0085
20160707,-1.98775
20160708,-1.998125
20160709,-2.04075
20160710,-1.9956250000000002
20160711,-2.041
20160712,-2.0836249999999996
20160713,-2.10825
20160714,-2.135
20160715,-2.1390000000000002
20160716,-2.1195
20160717,-2.1247499999999997
20160718,-2.137625
20160719,-2.1297499999999996
20160720,-2.1431999999999998
20160721,-2.16575
20160722,-2.1896250000000004
20160723,-2.20675
20160724,-2.2136250000000004
20160725,-2.21675
20160726,-2.2253749999999997
20160727,-2.219375
20160728,-2.2166249999999996
20160729,-2.19775
20160730,-2.195
20160731,-2.182125
20160801,-2.1694999999999998
20160802,-2.1465
20160803,-2.13025
20160804,-2.1346249999999998
20160805,-2.15625
20160806,-2.162625
20160807,-2.1557500000000003
20160808,-2.15975
20160809,-2.176125
20160810,-2.1793750000000003
20160811,-2.165625
20160812,-2.141375
20160813,-2.1145
20160814,-2.118625
20160815,-2.127875
20160816,-2.131
20160817,-2.136
20160818,-2.1487500000000006
20160819,-2.159375
20160820,-2.1713750000000003
20160821,-2.18775
20160822,-2.198375
20160823,-2.192375
20160824,-2.178
20160825,-2.17475
20160826,-2.1938750000000002
20160827,-2.211125
20160828,-2.19925
20160829,-2.216875
20160830,-2.226875
20160831,-2.223125
20160901,-2.232125
20160902,-2.2285
20160903,-2.22825
20160904,-2.207125
20160905,-2.222625
20160906,-2.223
20160907,-2.2147500000000004
20160908,-2.20275
20160909,-2.222875
20160910,-2.22975
20160911,-2.24825
20160912,-2.2525
20160913,-2.2675
20160914,-2.2815
20160915,-2.298714285714286
20160916,-2.30775
20160917,-2.3218750000000004
20160918,-2.3285
20160919,-2.32925
20160920,-2.330875
20160921,-2.329875
20160922,-2.332875
20160923,-2.3425000000000002
20160924,-2.339625
20160925,-2.33575
20160926,-2.3542500000000004
20160927,-2.35625
20160928,-2.348
20160929,-2.33075
20160930,-2.325875
20161001,-2.3133749999999997
20161002,-2.3064999999999998
20161003,-2.33325
20161004,-2.3457500000000002
20161005,-2.341375
20161006,-2.3225000000000002
20161007,-2.3188750000000002
20161008,-2.32725
20161009,-2.32925
20161010,-2.3261249999999998
20161011,-2.327875
20161012,-2.324
20161013,-2.318625
20161014,-2.308375
20161015,-2.3154999999999997
20161016,-2.3350000000000004
20161017,-2.3369999999999997
20161018,-2.3235
20161019,-2.306625
20161020,-2.2901249999999997
20161021,-2.271375
20161022,-2.25225
20161023,-2.2353750000000003
20161024,-2.239125
20161025,-2.256875
20161026,-2.2627499999999996
20161027,-2.26225
20161028,-2.2677500000000004
20161029,-2.269875
20161030,-2.2635
20161031,-2.2577499999999997
20161101,-2.2447500000000002
20161102,-2.2396249999999998
20161103,-2.236125
20161104,-2.2095
20161105,-2.1883749999999997
20161106,-2.1765
20161107,-2.191
20161108,-2.1750000000000003
20161109,-2.160625
20161110,-2.175
20161111,-2.20925
20161112,-2.212875
20161113,-2.221625
20161114,-2.218875
20161115,-2.192375
20161116,-2.151625
20161117,-2.11225
20161118,-2.095875
20161119,-2.10625
20161120,-2.0747500000000003
20161121,-2.072625
20161122,-2.08125
20161123,-2.10925
20161124,-2.1264999999999996
20161125,-2.12775
20161126,-2.122375
20161127,-2.1338749999999997
20161128,-2.1571249999999997
20161129,-2.161
20161130,-2.1491249999999997
20161201,-2.143875
20161202,-2.148375
20161203,-2.15625
20161204,-2.1637500000000003
20161205,-2.1624999999999996
20161206,-2.1636249999999997
20161207,-2.1639999999999997
20161208,-2.142
20161209,-2.136625
20161210,-2.1256250000000003
20161211,-2.095375
20161212,-2.0305
20161213,-1.9081249999999998
20161214,-1.9899999999999998
20161215,-2.0305
20161216,-2.053
20161217,-2.076375
20161218,-2.08125
20161219,-2.08175
20161220,-2.080125
20161221,-2.080125
20161222,-2.08725
20161223,-2.0765
20161224,-2.0637499999999998
20161225,-2.0606250000000004
20161226,-2.080875
20161227,-2.1175
20161228,-2.125875
20161229,-2.119125
20161230,-2.1158750000000004
20161231,-2.1055
20170101,-2.094375
20170102,-2.1117500000000002
20170103,-2.099375
20170104,-2.090875
20170105,-2.1214999999999997
20170106,-2.1252500000000003
20170107,-2.113375
20170108,-2.1155
20170109,-2.076625
20170110,-2.0374999999999996
20170111,-2.00325
20170112,-1.9911250000000003
20170113,-1.9623750000000002
20170114,-1.957875
20170115,-1.9467499999999998
20170116,-1.9556250000000002
20170117,-1.97725
20170118,-1.9932499999999997
20170119,-2.0155000000000003
20170120,-2.0359999999999996
20170121,-2.0388750000000004
20170122,-2.0383749999999994
20170123,-2.049
20170124,-2.06025
20170125,-2.074125
20170126,-2.069375
20170127,-2.068125
20170128,-2.082375
20170129,-2.097
20170130,-2.082
20170131,-2.043375
20170201,-2.017125
20170202,-2.0027500000000003
20170203,-2.0016249999999998
20170204,-2.007625
20170205,-2.0123749999999996
20170206,-2.0233749999999997
20170207,-2.0191250000000003
20170208,-2.042125
20170209,-2.04775
20170210,-2.0553749999999997
20170211,-2.07125
20170212,-2.091875
20170213,-2.108
20170214,-2.109
20170215,-2.11275
20170216,-2.1050000000000004
20170217,-2.1015
20170218,-2.105875
20170219,-2.09725
20170220,-2.0775
20170221,-2.0694999999999997
20170222,-2.0469999999999997
20170223,-1.993875
20170224,-1.98675
20170225,-1.9537499999999999
20170226,-1.915875
20170227,-1.8816249999999999
20170228,-1.865625
20170301,-1.8870000000000002
20170302,-1.8929999999999998
20170303,-1.88275
20170304,-1.868625
20170305,-1.877
20170306,-1.8944999999999999
20170307,-1.928
20170308,-1.9298750000000002
20170309,-1.9377499999999996
20170310,-1.9585000000000001
20170311,-1.95725
20170312,-1.966
20170313,-2.003875
20170314,-2.0225
20170315,-2.040625
20170316,-2.034875
20170317,-2.03125
20170318,-2.0136249999999998
20170319,-1.9871250000000003
20170320,-1.959125
20170321,-1.948875
20170322,-1.962
20170323,-1.9906249999999999
20170324,-2.025
20170325,-2.0376250000000002
20170326,-2.0462499999999997
20170327,-2.0585
20170328,-2.067
20170329,-2.0871250000000003
20170330,-2.094875
20170331,-2.091625
20170401,-2.1087499999999997
20170402,-2.129625
20170403,-2.1433750000000003
20170404,-2.1430000000000002
20170405,-2.1531249999999997
20170406,-2.1635
20170407,-2.1635
20170408,-2.168625
20170409,-2.167125
20170410,-2.17625
20170411,-2.18625
20170412,-2.169125
20170413,-2.169625
20170414,-2.161375
20170415,-2.16375
20170416,-2.172625
20170417,-2.1767499999999997
20170418,-2.1968750000000004
20170419,-2.21275
20170420,-2.2006250000000005
20170421,-2.1875
20170422,-2.197
20170423,-2.202375
20170424,-2.182375
20170425,-2.174375
20170426,-2.1818750000000002
20170427,-2.181875
20170428,-2.18675
20170429,-2.2017499999999997
20170430,-2.198375
20170501,-2.21075
20170502,-2.234375
20170503,-2.2470000000000003
20170504,-2.253125
20170505,-2.249
20170506,-2.231625
20170507,-2.242375
20170508,-2.2581249999999997
20170509,-2.254625
20170510,-2.235125
20170511,-2.225125
20170512,-2.232625
20170513,-2.245875
20170514,-2.2555
20170515,-2.2605000000000004
20170516,-2.255125
20170517,-2.2425
20170518,-2.239625
20170519,-2.238
20170520,-2.262125
20170521,-2.2775
20170522,-2.2701249999999997
20170523,-2.280625
20170524,-2.2965
20170525,-2.30075
20170526,-2.296625
20170527,-2.2935
20170528,-2.307375
20170529,-2.308875
20170530,-2.314125
20170531,-2.337125
20170601,-2.33725
20170602,-2.341125
20170603,-2.3375
20170604,-2.345125
20170605,-2.342625
20170606,-2.31925
20170607,-2.3241249999999996
20170608,-2.30975
20170609,-2.28525
20170610,-2.270625
20170611,-2.255375
20170612,-2.26075
20170613,-2.284125
20170614,-2.292625
20170615,-2.2813749999999997
20170616,-2.3057499999999997
20170617,-2.324625
20170618,-2.3306249999999995
20170619,-2.3354999999999997
20170620,-2.3536249999999996
20170621,-2.35925
20170622,-2.349375
20170623,-2.36825
20170624,-2.372375
20170625,-2.3660000000000005
20170626,-2.3483750000000003
20170627,-2.31625
20170628,-2.254875
20170629,-2.187875
20170630,-2.14475
20170701,-2.1155000000000004
20170702,-2.1025
20170703,-2.0943750000000003
20170704,-2.102875
20170705,-2.1215
20170706,-2.140125
20170707,-2.1607499999999997
20170708,-2.186125
20170709,-2.187375
20170710,-2.18825
20170711,-2.213875
20170712,-2.22075
20170713,-2.2407500000000002
20170714,-2.2272499999999997
20170715,-2.208125
20170716,-2.18675
20170717,-2.1938750000000002
20170718,-2.202375
20170719,-2.199125
20170720,-2.213625
20170721,-2.22175
20170722,-2.2192499999999997
20170723,-2.22575
20170724,-2.217875
20170725,-2.2060000000000004
20170726,-2.1891249999999998
20170727,-2.1814999999999998
20170728,-2.1895
20170729,-2.2
20170730,-2.187875
20170731,-2.189
20170801,-2.1963749999999997
20170802,-2.19575
20170803,-2.183125
20170804,-2.2035
20170805,-2.2285
20170806,-2.253625
20170807,-2.257625
20170808,-2.23875
20170809,-2.2505
20170810,-2.2729999999999997
20170811,-2.2704999999999997
20170812,-2.268875
20170813,-2.2895
20170814,-2.283625
20170815,-2.275875
20170816,-2.29475
20170817,-2.2889999999999997
20170818,-2.2909999999999995
20170819,-2.2983750000000005
20170820,-2.30075
20170821,-2.293875
20170822,-2.291714285714286
20170823,-2.288625
20170824,-2.3333749999999998
20170825,-2.3758749999999997
20170826,-2.3757499999999996
20170827,-2.402625
20170828,-2.423
20170829,-2.436125
20170830,-2.43675
20170831,-2.42
20170901,-2.3994999999999997
20170902,-2.386625
20170903,-2.381875
20170904,-2.393
20170905,-2.40525
20170906,-2.411625
20170907,-2.4076250000000003
20170908,-2.340625
20170909,-2.252375
20170910,-2.198125
20170911,-2.1702500000000002
20170912,-2.17525
20170913,-2.121375
20170914,-2.085
20170915,-2.0765
20170916,-2.085625
20170917,-2.0828750000000005
20170918,-2.087625
20170919,-2.10625
20170920,-2.116375
20170921,-2.13575
20170922,-2.18
20170923,-2.222125
20170924,-2.253
20170925,-2.2767500000000003
20170926,-2.293625
20170927,-2.30125
20170928,-2.321
20170929,-2.332875
20170930,-2.3302499999999995
20171001,-2.312125
20171002,-2.291375
20171003,-2.30775
20171004,-2.31525
20171005,-2.3094999999999994
20171006,-2.31675
20171007,-2.28225
20171008,-2.265875
20171009,-2.255125
20171010,-2.2562499999999996
20171011,-2.264375
20171012,-2.287875
20171013,-2.318375
20171014,-2.3445
20171015,-2.3695
20171016,-2.384625
20171017,-2.3987499999999997
20171018,-2.41675
20171019,-2.3951249999999997
20171020,-2.37325
20171021,-2.331125
20171022,-2.2750000000000004
20171023,-2.256625
20171024,-2.22675
20171025,-2.21325
20171026,-2.22175
20171027,-2.235
20171028,-2.2115
20171029,-2.23925
20171030,-2.284
20171031,-2.28625
20171101,-2.2824999999999998
20171102,-2.28325
20171103,-2.2916250000000002
20171104,-2.29375
20171105,-2.301375
20171106,-2.311625
20171107,-2.2985
20171108,-2.2935000000000003
20171109,-2.28375
20171110,-2.2775000000000003
20171111,-2.2471249999999996
20171112,-2.2130000000000005
20171113,-2.2145
20171114,-2.178
20171115,-2.159375
20171116,-2.15325
20171117,-2.146
20171118,-2.119875
20171119,-2.1175
20171120,-2.095625
20171121,-2.057125
20171122,-2.024125
20171123,-2.001375
20171124,-2.0363749999999996
20171125,-2.059375
20171126,-2.080375
20171127,-2.04825
20171128,-2.04825
20171129,-2.05675
20171130,-2.05125
20171201,-2.088125
20171202,-2.0989999999999998
20171203,-2.087375
20171204,-2.09975
20171205,-2.084875
20171206,-2.07025
20171207,-2.045625
20171208,-2.0295
20171209,-2.00075
20171210,-1.9649999999999999
20180629,-2.2478000000000002
20180630,-2.245125
20180701,-2.253125
20180702,-2.272125
20180703,-2.295125
20180704,-2.3015
20180705,-2.301
20180706,-2.30175
20180707,-2.30775
20180708,-2.320625
20180709,-2.325875
20180710,-2.31975
20180711,-2.3209999999999997
20180712,-2.3235
20180713,-2.3385
20180714,-2.3485000000000005
20180715,-2.3589999999999995
20180716,-2.3647500000000004
20180717,-2.3751249999999997
20180718,-2.4082500000000002
20180719,-2.4194999999999998
20180720,-2.40875
20180721,-2.41175
20180722,-2.42275
20180723,-2.430625
20180724,-2.43425
20180725,-2.4468749999999995
20180726,-2.4466249999999996
20180727,-2.449875
20180728,-2.4438750000000002
20180729,-2.415
20180730,-2.406125
20180731,-2.409
20180801,-2.41425
20180802,-2.4185
20180803,-2.408
20180804,-2.423875
20180805,-2.42675
20180806,-2.418
20180807,-2.419
20180808,-2.42075
20180809,-2.397875
20180810,-2.3302500000000004
20180811,-2.2464999999999997
20180812,-2.185875
20180813,-2.1637500000000003
20180814,-2.162125
20180815,-2.161375
20180816,-2.16125
20180817,-2.18325
20180818,-2.1902500000000003
20180819,-2.192375
20180820,-2.200125
20180821,-2.205625
20180822,-2.2085
20180823,-2.204875
20180824,-2.2015000000000002
20180825,-2.195
20180826,-2.17925
20180827,-2.161125
20180828,-2.17275
20180829,-2.1623749999999995
20180830,-2.181375
20180831,-2.20075
20180901,-2.20975
20180902,-2.205375
20180903,-2.20575
20180904,-2.2169999999999996
20180905,-2.2315
20180906,-2.2293749999999997
20180907,-2.222625
20180908,-2.215875
20180909,-2.211375
20180910,-2.222
20180911,-2.22225
20180912,-2.232875
20180913,-2.2295000000000003
20180914,-2.2163749999999998
20180915,-2.222875
20180916,-2.2195
20180917,-2.22225
20180918,-2.215
