5266
2
date,-9999
head_nap,-9999.0
19810128,-1.33
19810227,-1.42
19810331,-1.34
19810428,-1.57
19810529,-1.57
19810629,-1.47
19810729,-1.52
19810828,-1.63
19810929,-1.65
19811030,-1.34
19811127,-1.34
19820127,-1.33
19820227,-1.52
19820329,-1.46
19820428,-1.62
19820527,-1.61
19820629,-1.62
19820828,-1.52
19820928,-1.63
19821028,-1.5
19821129,-1.4
19821228,-1.34
19830128,-1.34
19830228,-1.4
19830328,-1.18
19830429,-1.38
19830528,-1.26
19830628,-1.62
19830729,-1.79
19830829,-1.8
19830928,-1.6
19831028,-1.49
19831128,-1.54
19831228,-1.36
19840128,-1.38
19840228,-1.45
19840329,-1.47
19840428,-1.61
19840528,-1.51
19840728,-1.56
19840828,-1.72
19840928,-1.43
19841029,-1.34
19841128,-1.3
19841228,-1.37
19850128,-1.39
19850228,-1.43
19850328,-1.5
19850429,-1.51
19850529,-1.59
19850628,-1.37
19850729,-1.52
19851029,-1.59
19851129,-1.65
19851228,-1.6
19860114,-1.26
19860128,-1.36
19860214,-1.42
19860228,-1.42
19860314,-1.62
19860328,-1.42
19860414,-1.52
19860428,-1.53
19860514,-1.6
19860528,-1.72
19860614,-1.73
19860628,-1.72
19860714,-1.67
19860728,-1.67
19860814,-1.79
19860828,-1.69
19860914,-1.61
19860928,-1.69
19861014,-1.7
19861028,-1.53
19861114,-1.54
19861128,-1.41
19861214,-1.46
19861228,-1.29
19870113,-1.38
19870128,-1.49
19870212,-1.39
19870226,-1.48
19870312,-1.56
19870326,-1.32
19870428,-1.63
19870514,-1.62
19870526,-1.59
19870615,-1.48
19870629,-1.49
19870714,-1.68
19870728,-1.51
19870814,-1.53
19870828,-1.57
19870914,-1.56
19870928,-1.48
19871014,-1.46
19871028,-1.49
19871114,-1.47
19871128,-1.34
19871214,-1.53
19871228,-1.52
19880114,-1.4
19880229,-1.43
19880314,-1.39
19880328,-1.35
19880414,-1.62
19880428,-1.7
19880514,-1.77
19880528,-1.74
19880614,-1.57
19880628,-1.74
19880714,-1.73
19880728,-1.51
19880815,-1.7
19880829,-1.52
19880914,-1.61
19880928,-1.53
19881014,-1.41
19881028,-1.59
19881114,-1.61
19881128,-1.59
19881214,-1.53
19881228,-1.55
19890114,-1.62
19890128,-1.66
19890214,-1.61
19890228,-1.54
19890314,-1.51
19890328,-1.56
19890414,-1.64
19890428,-1.7
19890515,-1.77
19890529,-1.85
19890614,-1.84
19890628,-1.89
19890714,-1.84
19890728,-1.93
19890814,-1.84
19890828,-1.88
19890914,-1.87
19890928,-1.91
19891014,-1.81
19891028,-1.76
19891114,-1.72
19891128,-1.76
19891214,-1.63
19900115,-1.66
19900129,-1.55
19900214,-1.42
19900314,-1.64
19900328,-1.7
19900414,-1.74
19900428,-1.7
19900528,-1.85
19900614,-1.79
19900628,-1.82
19900714,-1.8
19900728,-1.9
19900814,-1.84
19900828,-1.86
19900914,-1.7
19900928,-1.58
19901015,-1.68
19901029,-1.61
19901114,-1.49
19901128,-1.45
19901214,-1.55
19901228,-1.48
19910114,-1.5
19910128,-1.6
19910214,-1.69
19910228,-1.6
19910314,-1.64
19910328,-1.73
19910414,-1.8
19910428,-1.73
19910514,-1.76
19910528,-1.89
19910614,-1.82
19910628,-1.68
19910714,-1.95
19910814,-1.89
19910828,-1.96
19910914,-2.0
19910928,-1.88
19911014,-1.83
19911028,-1.8
19911114,-1.54
19911128,-1.66
19911214,-1.76
19911228,-1.63
19920114,-1.6
19920128,-1.73
19920214,-1.62
19920228,-1.66
19920314,-1.52
19920324,-1.49
19920328,-1.6
19920414,-1.71
19920428,-1.66
19920514,-1.6
19920528,-1.87
19920615,-1.88
19920629,-1.97
19920728,-1.89
19920828,-1.87
19920914,-1.81
19920928,-1.86
19921014,-1.82
19921028,-1.59
19921114,-1.5
19921128,-1.48
19921214,-1.48
19921228,-1.65
19930114,-1.53
19930128,-1.48
19930228,-1.59
19930315,-1.69
19930329,-1.76
19930414,-1.73
19930428,-1.78
19930514,-1.89
19930528,-1.85
19930614,-1.93
19930628,-1.96
19930714,-1.97
19930728,-1.77
19930814,-1.68
19930828,-1.71
19930914,-1.62
19930928,-1.5
19931014,-1.52
19931027,-1.63
19931111,-1.68
19931129,-1.62
19931214,-1.43
19931228,-1.48
19940113,-1.5
19940126,-1.45
19940214,-1.67
19940228,-1.7
19940315,-1.51
19940328,-1.52
19940414,-1.58
19940429,-1.7
19940517,-1.71
19940527,-1.58
19940613,-1.71
19940627,-1.84
19940714,-1.76
19940727,-1.91
19940816,-1.91
19940830,-1.94
19941014,-1.74
19941027,-1.71
19941115,-1.51
19941129,-1.56
19941213,-1.51
19941227,-1.51
19950117,-1.5
19950131,-1.42
19950213,-1.51
19950227,-1.54
19950315,-1.56
19950329,-1.46
19950412,-1.71
19950427,-1.74
19950517,-1.82
19950530,-1.75
19950615,-1.51
19950629,-1.66
19950712,-1.76
19950731,-1.84
19950815,-1.96
19950830,-1.83
19950914,-1.66
19950926,-1.73
19951016,-1.74
19951031,-1.81
19951113,-1.79
19951128,-1.71
19951214,-1.76
19951228,-1.68
19960115,-1.71
19960130,-1.71
19960215,-1.71
19960228,-1.61
19960313,-1.68
19960327,-1.72
19960416,-1.77
19960502,-1.83
19960627,-1.9
19960722,-1.94
19960815,-1.88
19960830,-1.83
19960917,-1.78
19960930,-1.75
19961014,-1.74
19961030,-1.68
19961115,-1.56
19961129,-1.47
19961213,-1.54
19961231,-1.52
19970114,-1.52
19970128,-1.65
19970214,-1.45
19970228,-1.54
19970313,-1.66
19970327,-1.6
19970414,-1.74
19970428,-1.79
19970516,-1.69
19970526,-1.6
19970604,-1.75
19970611,-1.77
19970623,-1.73
19970714,-1.71
19970728,-1.73
19970818,-1.87
19970830,-1.81
19970917,-1.83
19970930,-1.88
19971013,-1.73
19971028,-1.79
19971112,-1.74
19971201,-1.73
19971216,-1.59
19971230,-1.5
19980114,-1.48
19980128,-1.55
19980213,-1.64
19980227,-1.62
19980316,-1.52
19980331,-1.63
19980415,-1.44
19980427,-1.52
19980513,-1.73
19980528,-1.78
19980615,-1.63
19980629,-1.6
19980714,-1.64
19980728,-1.73
19980814,-1.71
19980828,-1.56
19980915,-1.49
19980929,-1.59
19981015,-1.42
19981029,-1.32
19981117,-1.51
19981130,-1.57
19981215,-1.45
19981229,-1.44
19990115,-1.45
19990129,-1.47
19990216,-1.51
19990302,-1.43
19990316,-1.6
19990330,-1.59
19990414,-1.55
19990427,-1.69
19990517,-1.77
19990527,-1.81
19990616,-1.79
19990629,-1.85
19990715,-1.84
19990729,-1.91
19990816,-1.82
19990830,-1.82
19990915,-1.9
19990928,-1.76
19991013,-1.62
19991026,-1.72
19991116,-1.68
19991130,-1.55
19991215,-1.41
19991227,-1.37
20000114,-1.54
20000126,-1.59
20000214,-1.49
20000229,-1.51
20000313,-1.5
20000413,-1.68
20000427,-1.69
20000515,-1.79
20000530,-1.61
20000615,-1.75
20000626,-1.8
20000713,-1.82
20000725,-1.78
20000815,-1.85
20000829,-1.81
20000913,-1.7
20000927,-1.51
20001013,-1.54
20001027,-1.53
20001113,-1.37
20001129,-1.41
20001214,-1.4
20010116,-1.56
20010131,-1.55
20010215,-1.5
20010627,-1.76
20010711,-1.83
20010814,-1.52
20010828,-1.69
20010913,-1.53
20011001,-1.44
20011016,-1.57
20011029,-1.55
20011114,-1.48
20011128,-1.49
20011214,-1.54
20011228,-1.37
20020115,-1.53
20020128,-1.39
20020215,-1.48
20020301,-1.33
20030707,-1.73
20031007,-1.78
20040102,-1.5775714285714284
20040103,-1.5895
20040104,-1.5889166666666668
20040105,-1.5906250000000002
20040106,-1.5710833333333334
20040107,-1.5494999999999999
20040108,-1.526833333333333
20040109,-1.5284583333333333
20040110,-1.5562083333333334
20040111,-1.5230000000000004
20040112,-1.4992083333333328
20040113,-1.4749999999999999
20040114,-1.4947083333333333
20040115,-1.5185416666666665
20040116,-1.4776250000000004
20040117,-1.4897500000000001
20040118,-1.5398333333333332
20040119,-1.5060000000000002
20040120,-1.4939583333333333
20040121,-1.5097916666666669
20040122,-1.5157916666666666
20040123,-1.5365833333333334
20040124,-1.5447916666666668
20040125,-1.5553333333333332
20040126,-1.5610416666666664
20040127,-1.5683333333333334
20040128,-1.5690416666666671
20040129,-1.5791666666666673
20040130,-1.5613749999999997
20040131,-1.5115416666666668
20040201,-1.4847083333333335
20040202,-1.4694583333333335
20040203,-1.465083333333333
20040204,-1.4662500000000005
20040205,-1.4761666666666668
20040206,-1.4821666666666669
20040207,-1.4563749999999998
20040208,-1.4451250000000002
20040209,-1.4830416666666668
20040210,-1.4778333333333336
20040211,-1.4717083333333332
20040212,-1.4868749999999997
20040213,-1.503916666666667
20040214,-1.5133333333333334
20040215,-1.5354166666666667
20040216,-1.5607083333333336
20040217,-1.5750416666666671
20040218,-1.590958333333333
20040219,-1.605625
20040220,-1.6155833333333334
20040221,-1.618125
20040222,-1.6230833333333334
20040223,-1.6474166666666672
20040224,-1.6611666666666667
20040225,-1.6129166666666668
20040226,-1.6210833333333332
20040227,-1.6045416666666663
20040228,-1.6299166666666671
20040229,-1.67275
20040301,-1.6915416666666667
20040302,-1.6905833333333335
20040303,-1.6910833333333333
20040304,-1.690916666666667
20040305,-1.6954583333333335
20040306,-1.7012083333333334
20040307,-1.715833333333333
20040308,-1.7389999999999997
20040309,-1.7478333333333333
20040310,-1.7440833333333334
20040311,-1.737181818181818
20040312,-1.71
20040313,-1.678
20040314,-1.684
20040315,-1.687
20040316,-1.689
20040317,-1.688
20040318,-1.701
20040319,-1.832
20040320,-1.832
20040321,-1.818
20040322,-2.341
20040323,-2.301
20040324,-1.898
20040325,-1.867
20040326,-1.877
20040327,-1.875
20040328,-1.884
20040329,-1.865
20040330,-2.071
20040331,-1.864
20040401,-1.801
20040402,-1.84
20040403,-1.845
20040404,-1.832
20040405,-1.808
20040406,-1.754
20040407,-1.734
20040408,-1.72
20040409,-1.696
20040410,-1.712
20040411,-1.73
20040412,-1.747
20040413,-1.762
20040414,-1.868
20040415,-1.926
20040416,-1.957
20040417,-1.953
20040418,-1.972
20040419,-2.016
20040420,-2.037
20040421,-2.055
20040422,-2.071
20040423,-2.092
20040424,-2.095
20040425,-2.103
20040426,-2.098
20040427,-2.088
20040428,-2.096
20040429,-2.075
20040430,-2.082
20040501,-2.093
20040502,-2.103
20040503,-2.101
20040504,-2.09
20040505,-2.105
20040506,-2.132
20040507,-2.116
20040508,-2.119
20040509,-2.128
20040510,-2.127
20040511,-2.146
20040512,-2.151
20040513,-2.151
20040514,-2.158
20040515,-2.165
20040516,-2.174
20040517,-2.163
20040518,-2.176
20040519,-2.176
20040520,-2.182
20040521,-2.197
20040522,-2.198
20040523,-2.204
20040524,-2.195
20040525,-2.446
20040526,-2.335
20040527,-2.503
20040528,-2.498
20040529,-2.493
20040530,-2.492
20040531,-2.449
20040601,-2.479
20040602,-2.496
20040603,-2.501
20040604,-2.465
20040605,-2.469
20040606,-2.463
20040607,-2.474
20040608,-2.483
20040609,-2.492
20040610,-2.497
20040611,-2.505
20040612,-2.512
20040613,-2.549
20040614,-2.538
20040615,-2.528
20040616,-2.54
20040617,-2.526
20040618,-2.538
20040619,-2.522
20040620,-2.5
20040621,-2.505
20040622,-2.486
20040623,-2.442
20040624,-2.364
20040625,-2.324
20040626,-2.299
20040627,-2.273
20040628,-2.301
20040629,-2.31
20040630,-2.323
20040701,-2.323
20040702,-2.336
20040703,-2.305
20040704,-2.332
20040705,-2.345
20040706,-2.366
20040707,-2.612
20040708,-2.708
20040709,-2.717
20040710,-2.721
20040711,-2.709
20040712,-2.708
20040713,-3.139
20040714,-3.138
20040715,-3.232
20040716,-3.191
20040717,-3.151
20040718,-3.112
20040719,-3.073
20040720,-3.068
20040721,-3.07
20040722,-3.099
20040723,-3.112
20040724,-3.141
20040725,-3.153
20040726,-3.151
20040727,-3.132
20040728,-3.183
20040729,-3.188
20040730,-3.201
20040731,-3.224
20040801,-3.242
20040802,-3.228
20040803,-3.254
20040804,-3.272
20040805,-2.998
20040806,-3.293
20040807,-3.297
20040808,-3.309
20040809,-3.323
20040810,-3.335
20040811,-3.323
20040812,-3.298
20040813,-3.201
20040814,-3.119
20040815,-3.083
20040816,-3.048
20040817,-2.977
20040818,-2.982
20040819,-2.979
20040820,-2.997
20040821,-2.981
20040822,-2.981
20040823,-2.946
20040824,-3.106
20040825,-3.091
20040826,-3.088
20040827,-3.064
20040828,-3.055
20040829,-3.067
20040830,-3.056
20040831,-3.054
20040901,-3.052
20040902,-3.074
20040903,-3.104
20040904,-3.134
20040905,-3.162
20040906,-3.182
20040907,-3.211
20040908,-3.224
20040909,-3.064
20040910,-3.195
20040911,-3.232
20040912,-3.247
20040913,-3.242
20040914,-3.238
20040915,-3.13
20040916,-3.209
20040917,-3.268
20040918,-3.263
20040919,-3.281
20040920,-3.264
20040921,-3.255
20040922,-3.263
20040923,-3.24
20040924,-3.229
20040925,-3.202
20040926,-3.183
20040927,-3.18
20040928,-2.718
20040929,-2.36
20040930,-3.294
20041001,-3.289
20041002,-3.283
20041003,-3.272
20041004,-3.111
20041005,-3.234
20041006,-3.266
20041007,-3.319
20041008,-3.336
20041009,-3.368
20041010,-3.387
20041011,-3.398
20041012,-3.407
20041013,-3.416
20041014,-3.41
20041015,-3.418
20041016,-3.43
20041017,-3.448
20041018,-3.459
20041019,-3.449
20041020,-3.422
20041021,-3.416
20041022,-3.423
20041023,-3.416
20041024,-3.361
20041025,-3.304
20041026,-3.314
20041027,-3.419
20041028,-3.522
20041029,-3.553
20041030,-3.554
20041031,-3.573
20041101,-3.573
20041102,-3.566
20041103,-3.571
20041104,-3.573
20041105,-3.592
20041106,-3.587
20041107,-3.6
20041108,-3.501
20041109,-3.6
20041110,-3.577
20041111,-3.58
20041112,-3.548
20041113,-3.555
20041114,-3.541
20041115,-3.494
20041116,-3.508
20041117,-3.49
20041118,-3.476
20041119,-3.448
20041120,-3.432
20041121,-3.43
20041122,-3.403
20041123,-3.437
20041124,-3.462
20041125,-3.461
20041126,-3.466
20041127,-3.475
20041128,-3.47
20041129,-3.5
20041130,-3.504
20041201,-3.515
20041202,-3.52
20041203,-3.546
20041204,-3.558
20041205,-3.563
20041206,-3.566
20041207,-3.58
20041208,-3.592
20041209,-3.397
20041210,-3.589
20041211,-3.607
20041212,-3.612
20041213,-3.6
20041214,-3.61
20041215,-3.492
20041216,-3.572
20041217,-3.572
20041218,-3.577
20041219,-3.549
20041220,-3.544
20041221,-3.554
20041222,-3.53
20041223,-3.513
20041224,-3.51
20041225,-3.496
20041226,-3.527
20041227,-3.556
20041228,-3.526
20041229,-3.564
20041230,-3.529
20041231,-3.501
20050101,-3.483
20050102,-3.433
20050103,-3.495
20050104,-3.497
20050105,-3.507
20050106,-3.512
20050107,-3.495
20050108,-3.453
20050109,-3.502
20050110,-3.51
20050111,-3.518
20050112,-3.499
20050113,-3.52
20050114,-3.535
20050115,-3.537
20050116,-3.541
20050117,-3.536
20050118,-3.489
20050119,-3.486
20050120,-3.465
20050121,-3.47
20050122,-3.487
20050123,-3.499
20050124,-3.497
20050125,-3.501
20050126,-3.518
20050127,-3.509
20050128,-3.508
20050129,-3.537
20050130,-2.079
20050131,-3.235
20050201,-3.238
20050202,-2.532
20050203,-3.32
20050204,-3.508
20050205,-3.523
20050206,-3.55
20050207,-3.386
20050208,-3.593
20050209,-3.592
20050210,-3.748
20050211,-3.431
20050212,-3.33
20050213,-3.311
20050214,-3.28
20050215,-3.327
20050216,-3.346
20050217,-3.364
20050218,-3.361
20050219,-3.41
20050220,-3.41
20050221,-3.391
20050222,-3.204
20050223,-3.22
20050224,-3.222
20050225,-3.232
20050226,-3.222
20050227,-3.245
20050228,-3.252
20050301,-3.233
20050302,-3.233
20050303,-3.273
20050304,-3.312
20050305,-3.325
20050306,-3.355
20050307,-3.349
20050308,-3.286
20050309,-2.22
20050310,-3.207
20050311,-3.049
20050312,-3.16
20050313,-3.197
20050314,-3.222
20050315,-3.241
20050316,-3.254
20050317,-3.279
20050318,-3.3
20050319,-3.325
20050320,-3.328
20050321,-3.332
20050322,-2.029
20050323,-3.346
20050324,-3.369
20050325,-3.379
20050326,-3.371
20050327,-3.372
20050328,-3.375
20050329,-3.37
20050330,-3.369
20050331,-3.396
20050401,-3.409
20050402,-3.418
20050403,-3.425
20050404,-3.435
20050405,-3.441
20050406,-3.425
20050407,-3.399
20050408,-3.429
20050409,-3.452
20050410,-3.448
20050411,-3.457
20050412,-3.444
20050413,-3.435
20050414,-3.419
20050415,-3.39
20050416,-3.049
20050417,-3.048
20050418,-3.05
20050419,-3.074
20050420,-3.077
20050421,-3.082
20050422,-3.069
20050423,-3.079
20050424,-3.085
20050425,-3.097
20050426,-3.116
20050427,-3.02
20050428,-3.112
20050429,-3.105
20050430,-3.085
20050501,-3.084
20050502,-3.077
20050503,-3.084
20050504,-3.066
20050505,-3.114
20050506,-3.098
20050507,-3.081
20050508,-3.07
20050509,-3.059
20050510,-3.062
20050511,-3.066
20050512,-3.071
20050513,-3.073
20050514,-3.051
20050515,-3.066
20050516,-3.046
20050517,-3.042
20050518,-3.047
20050519,-3.044
20050520,-3.046
20050521,-3.051
20050522,-3.059
20050523,-3.081
20050524,-3.094
20050525,-3.113
20050526,-3.102
20050527,-3.119
20050528,-3.131
20050529,-3.155
20050530,-3.151
20050531,-3.153
20050601,-3.147
20050602,-3.132
20050603,-2.669
20050604,-3.047
20050605,-3.091
20050606,-3.075
20050607,-3.103
20050608,-3.128
20050609,-3.128
20050610,-3.123
20050611,-3.117
20050612,-3.12
20050613,-3.114
20050614,-3.132
20050615,-3.148
20050616,-3.159
20050617,-3.256
20050618,-3.349
20050619,-3.351
20050620,-3.36
20050621,-3.371
20050622,-3.397
20050623,-3.308
20050624,-3.392
20050625,-2.809
20050626,-3.396
20050627,-3.409
20050628,-3.408
20050629,-3.406
20050630,-3.408
20050701,-3.34
20050702,-3.326
20050703,-3.309
20050704,-3.282
20050705,-3.288
20050706,-3.284
20050804,-3.185
20050805,-3.189
20050806,-3.188
20050807,-3.151
20050808,-3.129
20050809,-3.12
20050810,-3.114
20050811,-3.129
20050812,-3.147
20050813,-3.167
20050814,-3.162
20050815,-3.178
20050816,-3.181
20050817,-3.183
20050818,-3.199
20050819,-3.206
20050820,-3.231
20050821,-3.246
20050822,-3.244
20050823,-3.253
20050824,-3.257
20050825,-3.236
20050826,-3.222
20050827,-3.21
20050828,-3.219
20050829,-3.224
20050830,-3.244
20050831,-3.234
20050901,-3.256
20050902,-3.286
20050903,-3.306
20050904,-3.303
20050905,-3.296
20050906,-3.297
20050907,-3.314
20050908,-3.327
20050909,-3.33
20050910,-3.337
20050911,-3.354
20050912,-3.37
20050913,-3.38
20050914,-3.367
20050915,-3.369
20050916,-3.34
20050917,-3.245
20050918,-3.315
20050919,-3.316
20050920,-3.317
20050921,-3.326
20050922,-3.213
20050923,-3.319
20050924,-3.338
20050925,-3.338
20050926,-3.297
20050927,-3.328
20050928,-3.333
20050929,-3.297
20050930,-3.257
20051001,-3.198
20051002,-3.192
20051003,-3.219
20051004,-3.216
20051005,-3.221
20051006,-3.209
20051007,-3.212
20051008,-3.228
20051009,-3.249
20051010,-3.252
20051011,-3.259
20051012,-3.269
20051013,-3.286
20051014,-3.306
20051015,-3.317
20051016,-3.313
20051017,-3.319
20051018,-3.317
20051019,-3.306
20051020,-3.301
20051021,-3.298
20051022,-3.302
20051023,-3.247
20051024,-3.157
20051025,-3.01
20051026,-3.195
20051027,-3.183
20051028,-3.183
20051029,-3.193
20051030,-3.202
20051031,-3.206
20051101,-3.239
20051102,-3.241
20051103,-3.23
20051104,-3.233
20051105,-3.244
20051106,-3.255
20051107,-3.252
20051108,-2.518
20051109,-3.208
20051110,-3.25
20051111,-2.431
20051112,-3.188
20051113,-3.226
20051114,-3.23
20051115,-3.206
20051116,-3.174
20051117,-3.155
20051118,-3.109
20051119,-3.102
20051120,-3.098
20051121,-3.015
20051122,-3.121
20051123,-3.129
20051124,-3.071
20051125,-3.024
20051126,-3.046
20051127,-3.069
20051128,-3.079
20051129,-3.105
20051130,-3.128
20051201,-3.124
20051202,-3.11
20051203,-3.131
20051204,-3.137
20051205,-3.116
20051206,-3.105
20051207,-3.107
20051208,-3.119
20051209,-3.153
20051210,-3.15
20051211,-3.113
20051212,-3.157
20051213,-3.158
20051214,-3.575
20051215,-3.467
20051216,-3.438
20051217,-3.433
20051218,-3.419
20051219,-3.396
20051220,-2.152
20051221,-3.383
20051222,-3.392
20051223,-3.384
20051224,-3.376
20051225,-3.39
20051226,-3.387
20051227,-3.396
20051228,-3.411
20051229,-3.42
20051230,-3.422
20051231,-3.401
20060101,-3.392
20060102,-3.332
20060103,-3.405
20060104,-3.433
20060105,-3.424
20060106,-3.442
20060107,-3.453
20060108,-3.47
20060109,-3.475
20060110,-3.478
20060111,-3.469
20060112,-3.483
20060113,-3.468
20060114,-3.475
20060115,-3.478
20060116,-3.481
20060117,-3.46
20060118,-3.483
20060119,-3.472
20060120,-3.426
20060121,-3.424
20060122,-3.447
20060123,-3.439
20060124,-3.442
20060125,-3.449
20060126,-3.481
20060127,-3.486
20060128,-3.308
20060129,-3.689
20060130,-3.705
20060131,-3.702
20060201,-3.685
20060202,-3.691
20060203,-3.686
20060204,-3.669
20060205,-3.678
20060206,-3.661
20060207,-3.642
20060208,-3.61
20060209,-3.597
20060210,-3.619
20060211,-3.616
20060212,-3.606
20060213,-3.602
20060214,-3.598
20060215,-3.554
20060216,-3.52
20060217,-3.501
20060218,-3.51
20060219,-3.535
20060220,-3.563
20060221,-3.59
20060222,-3.615
20060223,-3.61
20060224,-3.626
20060225,-3.632
20060226,-3.648
20060227,-3.634
20060228,-3.608
20060301,-3.596
20060302,-3.578
20060303,-3.583
20060304,-3.568
20060305,-3.577
20060306,-3.584
20060307,-3.579
20060308,-3.54
20060309,-3.53
20060310,-3.497
20060311,-3.537
20060312,-3.555
20060313,-3.382
20060314,-3.562
20060315,-3.596
20060316,-3.608
20060317,-3.622
20060318,-3.625
20060319,-3.626
20060320,-3.63
20060321,-3.644
20060322,-3.56
20060323,-2.46
20060324,-3.61
20060325,-3.645
20060326,-3.634
20060327,-3.579
20060328,-3.149
20060329,-3.578
20060330,-3.537
20060331,-3.532
20060401,-3.517
20060402,-3.518
20060403,-3.515
20060404,-3.503
20060405,-3.5
20060406,-2.268
20060407,-3.513
20060408,-3.509
20060409,-3.502
20060410,-3.531
20060411,-3.535
20060412,-3.574
20060413,-3.518
20060414,-3.541
20060415,-3.563
20060416,-3.559
20060417,-3.554
20060418,-3.571
20060419,-3.583
20060420,-2.275
20060421,-3.599
20060422,-3.624
20060423,-3.626
20060424,-3.646
20060425,-3.651
20060426,-3.597
20060427,-2.49
20060428,-3.678
20060429,-3.685
20060430,-3.686
20060501,-3.678
20060502,-3.699
20060503,-3.718
20060504,-3.723
20060505,-3.73
20060506,-3.745
20060507,-3.753
20060508,-3.757
20060509,-3.781
20060510,-3.808
20060511,-3.828
20060512,-3.832
20060513,-3.833
20060514,-3.765
20060515,-3.841
20060516,-3.86
20060517,-3.344
20060518,-3.853
20060519,-3.825
20060520,-3.773
20060521,-3.793
20060522,-3.445
20060523,-3.796
20060524,-3.79
20060525,-3.793
20060526,-3.769
20060527,-3.767
20060528,-3.766
20060529,-3.757
20060530,-3.755
20060531,-3.771
20060601,-3.778
20060602,-3.8
20060603,-3.791
20060604,-3.806
20060605,-3.659
20060606,-3.819
20060607,-3.826
20060608,-3.819
20060609,-3.825
20060610,-3.779
20060611,-3.832
20060612,-3.824
20060613,-3.822
20060614,-3.697
20060615,-2.672
20060616,-3.831
20060617,-3.835
20060618,-3.822
20060619,-3.841
20060620,-3.464
20060621,-3.861
20060622,-3.857
20060623,-3.696
20060624,-3.857
20060625,-3.878
20060626,-3.833
20060627,-3.818
20060628,-3.811
20060629,-3.818
20060630,-3.788
20060701,-3.83
20060702,-3.845
20060703,-3.857
20060704,-3.877
20060705,-3.888
20060706,-3.927
20060707,-3.934
20060708,-3.943
20060709,-3.94
20060710,-3.97
20060711,-3.951
20060712,-3.921
20060713,-3.911
20060714,-3.93
20060715,-3.938
20060716,-3.939
20060717,-3.947
20060718,-3.964
20060719,-3.972
20060720,-3.985
20060721,-4.0
20060722,-4.001
20060723,-3.986
20060724,-3.989
20060725,-3.985
20060726,-3.99
20060727,-4.008
20060728,-4.037
20060729,-4.03
20060730,-4.018
20060731,-4.022
20060801,-3.997
20060802,-4.001
20060803,-4.001
20060804,-4.01
20060805,-4.01
20060806,-4.012
20060807,-3.907
20060808,-3.993
20060809,-3.988
20060810,-3.979
20060811,-3.965
20060812,-3.951
20060813,-3.96
20060814,-3.937
20060815,-3.913
20060816,-3.905
20060817,-3.917
20060818,-3.914
20060819,-3.933
20060820,-3.92
20060821,-3.887
20060822,-3.882
20060823,-3.873
20060824,-3.861
20060825,-3.216
20060826,-3.856
20060827,-3.866
20060828,-3.833
20060829,-3.787
20060830,-3.766
20060831,-3.752
20060901,-3.735
20060902,-3.742
20060903,-3.734
20060904,-3.758
20060905,-3.772
20060906,-3.766
20060907,-3.781
20060908,-3.811
20060909,-3.825
20060910,-3.826
20060911,-3.836
20060912,-3.843
20060913,-3.853
20060914,-3.86
20060915,-3.88
20060916,-3.889
20060917,-3.907
20060918,-3.912
20060919,-3.924
20060920,-3.929
20060921,-3.922
20060922,-3.936
20060923,-3.96
20060924,-3.952
20060925,-3.957
20060926,-3.964
20060927,-3.961
20060928,-3.935
20060929,-3.819
20060930,-3.803
20061001,-3.832
20061002,-3.73
20061003,-3.82
20061004,-3.763
20061005,-3.728
20061006,-3.66
20061007,-3.639
20061008,-3.631
20061009,-3.62
20061010,-3.635
20061011,-3.629
20061012,-3.653
20061013,-3.679
20061014,-3.677
20061015,-3.684
20061016,-3.678
20061017,-3.668
20061018,-3.66
20061019,-3.664
20061020,-3.671
20061021,-3.693
20061022,-3.694
20061023,-3.671
20061024,-3.579
20061025,-3.559
20061026,-3.514
20061027,-3.537
20061028,-3.539
20061029,-3.54
20061030,-3.532
20061031,-3.517
20061101,-3.231
20061102,-3.223
20061103,-3.196
20061104,-3.166
20061105,-3.169
20061106,-3.185
20061107,-3.188
20061108,-3.193
20061109,-3.208
20061110,-3.24
20061111,-3.199
20061112,-3.175
20061113,-3.134
20061114,-3.143
20061115,-3.142
20061116,-3.105
20061117,-3.108
20061118,-3.117
20061119,-3.116
20061120,-3.102
20061121,-3.079
20061122,-3.065
20061123,-3.019
20061124,-3.041
20061125,-3.038
20061126,-3.082
20061127,-3.089
20061128,-3.094
20061129,-3.121
20061130,-3.124
20061201,-3.472
20061202,-3.428
20061203,-3.367
20061204,-3.362
20061205,-3.333
20061206,-3.36
20061207,-3.319
20061208,-3.302
20061209,-3.328
20061210,-3.359
20061211,-3.32
20061212,-3.327
20061213,-3.326
20061214,-3.335
20061215,-3.353
20061216,-3.374
20061217,-3.366
20061218,-3.367
20061219,-3.374
20061220,-3.381
20061221,-3.407
20061222,-3.41
20061223,-3.419
20061224,-3.423
20061225,-3.349
20061226,-3.438
20061227,-3.435
20061228,-3.428
20061229,-3.423
20061230,-3.431
20061231,-3.427
20070101,-3.374
20070102,-3.363
20070103,-3.343
20070104,-3.304
20070105,-3.323
20070106,-3.325
20070107,-3.279
20070108,-3.273
20070109,-3.263
20070110,-3.291
20070111,-3.241
20070112,-3.257
20070113,-3.291
20070114,-3.309
20070115,-3.332
20070116,-3.323
20070117,-3.303
20070118,-3.211
20070119,-3.193
20070120,-3.207
20070121,-3.22
20070122,-3.248
20070123,-3.245
20070124,-3.282
20070125,-2.281
20070126,-2.987
20070127,-3.022
20070128,-2.987
20070129,-3.028
20070130,-3.044
20070131,-3.054
20070201,-3.065
20070202,-3.084
20070203,-3.103
20070204,-3.098
20070205,-3.098
20070206,-3.08
20070207,-3.101
20070208,-3.093
20070209,-3.132
20070210,-3.125
20070211,-3.09
20070212,-3.024
20070213,-3.018
20070214,-2.991
20070215,-3.013
20070216,-3.008
20070217,-3.014
20070218,-3.064
20070219,-3.065
20070220,-3.072
20070221,-3.053
20070222,-3.052
20070223,-3.052
20070224,-3.039
20070225,-3.017
20070226,-3.012
20070227,-2.996
20070228,-2.933
20070301,-2.747
20070302,-2.927
20070303,-2.946
20070304,-2.961
20070305,-2.951
20070306,-2.931
20070307,-2.912
20070308,-2.944
20070309,-2.954
20070310,-2.975
20070311,-2.987
20070312,-2.988
20070313,-3.039
20070314,-3.07
20070315,-3.424
20070316,-3.411
20070317,-3.424
20070318,-3.316
20070319,-3.35
20070320,-3.365
20070321,-3.37
20070322,-3.392
20070323,-3.415
20070324,-3.435
20070325,-3.461
20070326,-3.485
20070327,-2.191
20070328,-3.493
20070329,-3.51
20070330,-3.522
20070331,-3.545
20070401,-3.574
20070402,-3.577
20070403,-3.577
20070404,-3.59
20070405,-3.597
20070406,-3.614
20070407,-3.618
20070408,-3.625
20070409,-3.615
20070410,-3.63
20070411,-3.637
20070412,-3.644
20070413,-3.641
20070414,-3.655
20070415,-3.661
20070416,-3.667
20070417,-3.68
20070418,-3.683
20070419,-3.664
20070420,-3.687
20070421,-3.694
20070422,-3.693
20070423,-3.694
20070424,-3.693
20070425,-3.698
20070426,-3.717
20070427,-3.732
20070428,-3.738
20070429,-3.733
20070430,-3.743
20070501,-3.747
20070502,-3.751
20070503,-3.761
20070504,-3.763
20070505,-3.772
20070506,-3.771
20070507,-3.749
20070508,-3.735
20070509,-3.747
20070510,-3.738
20070511,-3.72
20070512,-3.698
20070513,-3.693
20070514,-3.695
20070515,-3.691
20070516,-3.675
20070517,-3.672
20070518,-3.634
20070519,-3.671
20070520,-3.694
20070521,-3.698
20070522,-3.709
20070523,-3.716
20070524,-3.719
20070525,-3.719
20070526,-3.734
20070527,-3.722
20070528,-3.735
20070529,-3.719
20070530,-3.717
20070531,-3.718
20070601,-3.712
20070602,-3.722
20070603,-3.695
20070604,-3.712
20070605,-3.716
20070606,-3.721
20070607,-3.747
20070608,-3.747
20070609,-3.764
20070610,-3.776
20070611,-3.78
20070612,-3.789
20070613,-3.794
20070614,-3.81
20070615,-3.786
20070616,-3.764
20070617,-3.71
20070618,-3.311
20070619,-2.73
20070620,-2.271
20070621,-3.487
20070622,-3.517
20070623,-3.518
20070624,-3.515
20070625,-3.479
20070626,-3.422
20070627,-3.399
20070628,-3.408
20070629,-3.408
20070630,-3.405
20070701,-3.374
20070702,-3.326
20070703,-3.308
20070704,-3.277
20070705,-3.281
20070706,-3.268
20070707,-3.241
20070708,-3.279
20070709,-3.311
20070710,-3.328
20070711,-3.357
20070712,-2.099
20070713,-1.994
20070714,-3.365
20070715,-3.436
20070716,-3.422
20070717,-3.254
20070718,-3.348
20070719,-3.37
20070720,-3.392
20070721,-3.37
20070722,-3.332
20070723,-3.378
20070724,-3.345
20070725,-3.341
20070726,-3.357
20070727,-3.373
20070728,-3.407
20070729,-3.425
20070730,-3.44
20070731,-3.464
20070801,-3.472
20070802,-3.479
20070803,-3.518
20070804,-3.54
20070805,-3.54
20070806,-3.546
20070807,-3.581
20070808,-3.591
20070809,-3.599
20070810,-3.609
20070811,-3.615
20070812,-3.615
20070813,-3.621
20070814,-3.623
20070815,-3.599
20070816,-3.592
20070817,-3.59
20070818,-3.577
20070819,-3.571
20070820,-3.575
20070821,-3.596
20070822,-3.6
20070823,-3.173
20070824,-3.616
20070825,-3.636
20070826,-3.642
20070827,-3.643
20070828,-3.646
20070829,-3.655
20070830,-3.655
20070831,-3.522
20070901,-3.659
20070902,-3.655
20070903,-3.659
20070904,-3.669
20070905,-3.679
20070906,-3.676
20070907,-3.677
20070908,-3.676
20070909,-3.667
20070910,-3.651
20070911,-3.893
20070912,-3.686
20070913,-3.679
20070914,-3.654
20070915,-3.687
20070916,-3.663
20070917,-3.753
20070918,-3.685
20070919,-3.672
20070920,-3.658
20070921,-3.653
20070922,-3.659
20070923,-3.662
20070924,-3.626
20070925,-3.636
20070926,-3.629
20070927,-3.603
20070928,-3.574
20070929,-3.517
20070930,-3.447
20071001,-3.415
20071002,-3.411
20071003,-3.257
20071004,-3.418
20071005,-3.458
20071006,-3.467
20071007,-3.479
20071008,-3.478
20071009,-3.504
20071010,-3.525
20071011,-3.535
20071012,-3.544
20071013,-3.56
20071014,-3.555
20071015,-3.549
20071016,-3.566
20071017,-3.562
20071018,-3.531
20071019,-3.502
20071020,-3.504
20071021,-3.497
20071022,-3.462
20071023,-3.511
20071024,-3.523
20071025,-3.528
20071026,-3.538
20071027,-3.547
20071028,-3.547
20071029,-3.528
20071030,-2.824
20071031,-3.517
20071101,-3.521
20071102,-3.542
20071103,-3.536
20071104,-3.543
20071105,-3.535
20071106,-2.394
20071107,-3.48
20071108,-3.468
20071109,-3.466
20071110,-3.395
20071111,-3.378
20071112,-3.371
20071113,-3.363
20071114,-3.361
20071115,-3.38
20071116,-3.393
20071117,-3.406
20071118,-3.399
20071119,-3.409
20071120,-3.433
20071121,-3.442
20071122,-3.452
20071123,-3.486
20071124,-3.495
20071125,-3.481
20071126,-3.48
20071127,-3.456
20071128,-3.429
20071129,-3.403
20071130,-3.425
20071201,-3.412
20071202,-3.381
20071203,-3.332
20071204,-3.346
20071205,-2.247
20071206,-3.316
20071207,-3.266
20071208,-3.264
20071209,-3.224
20071210,-3.267
20071211,-3.318
20071212,-3.343
20071213,-3.367
20071214,-3.371
20071215,-3.389
20071216,-3.405
20071217,-3.421
20071218,-3.305
20071219,-3.441
20071220,-3.457
20071221,-3.459
20071222,-3.467
20071223,-3.486
20071224,-3.48
20071225,-3.469
20071226,-3.48
20071227,-3.476
20071228,-3.471
20071229,-3.451
20071230,-3.479
20071231,-3.486
20080101,-3.482
20080102,-3.496
20080103,-2.557
20080104,-3.486
20080105,-3.487
20080106,-3.494
20080107,-3.461
20080108,-3.48
20080109,-3.463
20080110,-3.463
20080111,-3.591
20080112,-3.545
20080113,-3.554
20080114,-3.545
20080115,-3.529
20080116,-3.512
20080216,-3.672
20080217,-3.669
20080218,-3.67
20080219,-3.655
20080220,-3.658
20080221,-2.194
20080222,-3.637
20080223,-3.657
20080224,-3.65
20080225,-3.51
20080226,-3.597
20080227,-3.282
20080228,-3.684
20080229,-2.816
20080301,-3.548
20080302,-3.55
20080303,-3.565
20080304,-3.596
20080305,-3.623
20080306,-3.599
20080307,-3.599
20080308,-3.596
20080309,-3.598
20080310,-3.548
20080311,-3.548
20080312,-3.524
20080313,-3.555
20080314,-3.531
20080315,-3.547
20080316,-3.554
20080317,-3.595
20080318,-3.591
20080319,-3.61
20080320,-3.526
20080321,-3.542
20080322,-3.499
20080323,-3.498
20080324,-3.496
20080325,-3.503
20080326,-3.503
20080327,-3.522
20080328,-3.532
20080329,-3.535
20080330,-3.505
20080331,-3.521
20080401,-3.504
20080402,-3.519
20080403,-2.082
20080404,-3.515
20080405,-3.527
20080406,-3.538
20080407,-3.445
20080408,-3.574
20080409,-3.586
20080410,-3.604
20080411,-3.567
20080412,-3.639
20080413,-3.66
20080414,-3.675
20080415,-3.7
20080416,-3.678
20080417,-3.689
20080418,-3.696
20080419,-3.713
20080420,-3.736
20080421,-3.747
20080422,-3.77
20080423,-3.778
20080424,-3.37
20080425,-3.8
20080426,-3.79
20080427,-3.778
20080428,-2.209
20080429,-2.78
20080430,-3.726
20080501,-3.773
20080502,-3.805
20080503,-3.822
20080504,-3.823
20080505,-3.836
20080506,-3.839
20080507,-3.832
20080508,-3.838
20080509,-3.836
20080510,-3.851
20080511,-3.861
20080512,-3.873
20080513,-4.011
20080514,-3.909
20080515,-3.761
20080516,-3.883
20080517,-3.889
20080518,-3.898
20080519,-3.906
20080520,-3.918
20080521,-3.908
20080522,-3.911
20080523,-3.863
20080524,-3.911
20080525,-3.935
20080526,-3.907
20080527,-3.898
20080528,-3.902
20080529,-3.911
20080530,-3.909
20080531,-3.916
20080601,-3.91
20080602,-3.888
20080603,-3.88
20080604,-3.897
20080605,-2.363
20080606,-3.839
20080607,-3.881
20080608,-3.901
20080609,-3.92
20080610,-3.926
20080611,-3.937
20080612,-3.924
20080613,-3.93
20080614,-3.94
20080615,-3.937
20080616,-4.079
20080617,-3.966
20080618,-3.956
20080619,-3.947
20080620,-3.972
20080621,-3.974
20080622,-3.958
20080623,-3.981
20080624,-4.001
20080625,-3.979
20080626,-4.007
20080627,-3.991
20080628,-3.978
20080629,-3.981
20080630,-3.998
20080701,-3.995
20080702,-3.995
20080703,-4.008
20080704,-4.023
20080705,-4.014
20080706,-4.098
20080707,-4.089
20080708,-4.041
20080709,-3.945
20080710,-3.664
20080711,-3.884
20080712,-3.892
20080713,-3.876
20080714,-3.885
20080715,-3.898
20080716,-3.891
20080717,-3.882
20080718,-3.876
20080719,-3.834
20080720,-3.789
20080721,-3.76
20080722,-3.758
20080723,-3.758
20080724,-3.76
20080725,-3.769
20080726,-3.787
20080727,-3.786
20080728,-3.702
20080729,-3.64
20080730,-3.568
20080731,-3.617
20080801,-3.625
20080802,-3.636
20080803,-3.641
20080804,-3.577
20080805,-3.582
20080806,-3.589
20080807,-3.59
20080808,-3.578
20080809,-3.596
20080810,-3.566
20080811,-3.569
20080812,-3.556
20080813,-3.581
20080814,-3.568
20080815,-3.566
20080816,-3.583
20080817,-3.602
20080818,-3.597
20080819,-3.592
20080820,-3.587
20080821,-3.551
20080822,-3.542
20080823,-3.558
20080824,-3.563
20080825,-3.491
20080826,-2.104
20080827,-3.571
20080828,-3.491
20080829,-3.635
20080830,-3.665
20080831,-3.66
20080901,-3.668
20080902,-3.657
20080903,-3.629
20080904,-3.635
20080905,-3.21
20080906,-3.625
20080907,-3.655
20080908,-3.658
20080909,-3.669
20080910,-3.683
20080911,-3.696
20080912,-3.711
20080913,-3.72
20080914,-3.733
20080915,-3.727
20080916,-3.745
20080917,-3.743
20080918,-3.754
20080919,-3.769
20080920,-3.78
20080921,-3.778
20080922,-3.784
20080923,-3.788
20080924,-3.802
20080925,-3.809
20080926,-3.812
20080927,-3.808
20080928,-3.801
20080929,-3.784
20080930,-3.751
20081001,-3.686
20081002,-3.636
20081003,-3.581
20081004,-3.562
20081005,-3.533
20081006,-3.49
20081007,-3.469
20081008,-3.241
20081009,-3.502
20081010,-3.518
20081011,-3.531
20081012,-3.558
20081013,-3.552
20081014,-3.581
20081015,-3.578
20081016,-3.467
20081017,-3.469
20081018,-3.48
20081019,-3.494
20081020,-3.495
20081021,-3.5
20081022,-3.52
20081023,-3.556
20081024,-3.54
20081025,-3.544
20081026,-3.515
20081027,-3.467
20081028,-3.45
20081029,-3.432
20081030,-3.411
20081031,-3.443
20081101,-3.465
20081102,-3.484
20081103,-3.484
20081104,-3.508
20081105,-3.515
20081106,-3.508
20081107,-3.504
20081108,-3.522
20081109,-3.514
20081110,-3.508
20081111,-3.407
20081112,-3.358
20081113,-3.348
20081114,-3.338
20081115,-3.342
20081116,-3.371
20081117,-3.39
20081118,-3.374
20081119,-3.389
20081120,-3.402
20081121,-3.388
20081122,-3.362
20081123,-3.323
20081124,-3.34
20081125,-3.362
20081126,-3.375
20081127,-3.359
20081128,-3.367
20081129,-3.369
20081130,-3.382
20081201,-3.402
20081202,-3.416
20081203,-3.394
20081204,-3.383
20081205,-3.369
20081206,-3.423
20081207,-3.453
20081208,-3.442
20081209,-3.434
20081210,-3.392
20081211,-2.962
20081212,-3.385
20081213,-3.399
20081214,-3.414
20081215,-3.385
20081216,-3.441
20081217,-3.453
20081218,-3.468
20081219,-3.475
20081220,-3.453
20081221,-3.456
20081222,-3.472
20081223,-3.489
20081224,-3.494
20081225,-3.512
20081226,-3.533
20081227,-3.537
20081228,-3.547
20081229,-3.561
20081230,-3.574
20081231,-3.585
20090101,-3.602
20090102,-3.614
20090103,-3.608
20090104,-3.587
20090105,-3.576
20090106,-3.56
20090107,-3.563
20090108,-3.581
20090109,-3.594
20090110,-3.61
20090111,-3.608
20090112,-3.603
20090113,-3.606
20090114,-3.591
20090115,-3.578
20090116,-3.554
20090117,-3.534
20090118,-3.499
20090119,-3.463
20090120,-3.443
20090121,-3.469
20090122,-3.439
20090123,-3.389
20090124,-3.381
20090125,-2.6
20090126,-3.402
20090127,-3.444
20090128,-3.444
20090129,-3.469
20090130,-3.49
20090131,-3.506
20090201,-3.515
20090202,-3.513
20090203,-3.525
20090204,-3.527
20090205,-3.511
20090206,-3.49
20090207,-3.49
20090208,-3.496
20090209,-3.492
20090210,-3.469
20090211,-3.428
20090212,-3.453
20090213,-3.391
20090214,-3.46
20090215,-3.426
20090216,-3.362
20090217,-3.317
20090218,-3.389
20090219,-3.39
20090220,-3.401
20090221,-3.411
20090222,-3.412
20090223,-3.428
20090224,-3.458
20090225,-3.467
20090226,-3.469
20090227,-3.459
20090228,-3.385
20090301,-3.451
20090302,-3.45
20090303,-3.443
20090304,-3.421
20090305,-3.45
20090306,-3.461
20090307,-3.475
20090308,-3.444
20090309,-3.43
20090310,-3.431
20090311,-3.452
20090312,-3.444
20090313,-3.451
20090314,-3.448
20090315,-3.482
20090316,-3.472
20090317,-3.519
20090318,-3.523
20090319,-3.55
20090320,-3.55
20090321,-3.556
20090322,-3.564
20090323,-3.533
20090324,-3.552
20090325,-3.503
20090326,-3.477
20090327,-3.436
20090328,-3.422
20090329,-3.416
20090330,-3.43
20090331,-3.44
20090401,-3.467
20090402,-3.432
20090403,-3.494
20090404,-3.508
20090405,-3.516
20090406,-3.368
20090407,-3.545
20090408,-3.565
20090409,-3.582
20090410,-3.557
20090411,-3.575
20090412,-3.585
20090413,-3.563
20090414,-3.604
20090415,-3.617
20090416,-3.628
20090417,-3.644
20090418,-3.666
20090419,-3.679
20090420,-3.697
20090421,-3.297
20090422,-3.685
20090423,-3.691
20090424,-3.696
20090425,-3.692
20090426,-3.706
20090427,-3.677
20090428,-3.686
20090429,-3.68
20090430,-3.689
20090501,-3.699
20090502,-3.701
20090503,-3.699
20090504,-3.694
20090505,-3.61
20090506,-3.661
20090507,-3.667
20090508,-3.655
20090509,-3.677
20090510,-3.689
20090511,-3.704
20090512,-3.706
20090513,-3.711
20090514,-3.708
20090515,-3.704
20090516,-3.707
20090517,-3.669
20090518,-3.641
20090519,-3.629
20090520,-3.638
20090521,-3.631
20090522,-3.644
20090523,-3.67
20090524,-3.69
20090525,-3.688
20090526,-3.322
20090527,-3.639
20090528,-3.715
20090529,-3.729
20090530,-3.725
20090531,-3.743
20090601,-3.753
20090602,-3.778
20090603,-3.778
20090604,-3.786
20090605,-3.802
20090606,-3.797
20090607,-3.826
20090608,-3.824
20090609,-3.815
20090610,-3.826
20090611,-3.805
20090612,-3.785
20090613,-3.777
20090614,-3.774
20090615,-3.788
20090616,-3.798
20090617,-3.752
20090618,-3.767
20090619,-3.785
20090620,-3.792
20090621,-3.8
20090622,-3.812
20090623,-3.347
20090624,-3.764
20090625,-3.794
20090626,-3.811
20090627,-3.834
20090628,-3.842
20090629,-3.858
20090630,-3.873
20090701,-3.887
20090702,-3.826
20090703,-3.879
20090704,-3.885
20090705,-3.886
20090706,-3.881
20090707,-3.856
20090708,-3.822
20090709,-3.815
20090710,-3.793
20090711,-3.756
20090712,-3.719
20090713,-3.716
20090714,-3.712
20090715,-3.728
20090716,-3.757
20090717,-3.74
20090718,-3.758
20090719,-3.762
20090720,-3.771
20090721,-3.772
20090722,-3.532
20090723,-3.773
20090724,-3.77
20090725,-3.786
20090726,-3.769
20090727,-3.77
20090728,-3.783
20090729,-3.792
20090730,-3.789
20090731,-3.797
20090801,-3.782
20090802,-3.788
20090803,-3.79
20090804,-3.798
20090805,-3.804
20090806,-3.802
20090807,-3.819
20090808,-3.832
20090809,-3.84
20090810,-3.838
20090811,-3.843
20090812,-3.848
20090813,-3.792
20090814,-3.886
20090815,-3.888
20090816,-3.896
20090817,-3.904
20090818,-3.924
20090819,-3.928
20090820,-3.914
20090821,-3.938
20090822,-3.947
20090823,-3.939
20090824,-3.92
20090825,-3.935
20090826,-3.89
20090827,-3.897
20090828,-3.888
20090829,-3.9
20090830,-3.896
20090831,-3.873
20090901,-3.868
20090902,-3.873
20090903,-3.843
20090904,-3.835
20090905,-3.842
20090906,-3.829
20090907,-3.806
20090908,-3.62
20090909,-3.825
20090910,-3.85
20090911,-3.854
20090912,-3.853
20090913,-3.854
20090914,-3.864
20090915,-3.875
20090916,-3.884
20090917,-3.891
20090918,-3.722
20090919,-3.883
20090920,-3.907
20090921,-3.937
20090922,-3.914
20090923,-3.92
20090924,-3.919
20090925,-3.928
20090926,-3.938
20090927,-3.938
20090928,-3.932
20090929,-3.925
20090930,-3.925
20091001,-3.919
20091002,-3.922
20091003,-3.891
20091004,-3.907
20091005,-3.913
20091006,-3.902
20091007,-3.907
20091008,-3.902
20091009,-3.916
20091010,-3.875
20091011,-3.863
20091012,-3.874
20091013,-3.839
20091014,-3.859
20091015,-3.852
20091016,-3.848
20091017,-3.843
20091018,-3.833
20091019,-3.821
20091020,-3.808
20091021,-3.819
20091022,-3.822
20091023,-3.838
20091024,-3.848
20091025,-3.869
20091026,-3.84
20091027,-3.841
20091028,-3.808
20091029,-3.819
20091030,-3.828
20091031,-3.81
20091101,-3.781
20091102,-3.752
20091103,-3.712
20091104,-3.692
20091105,-3.699
20091106,-3.708
20091107,-3.691
20091108,-3.699
20091109,-3.708
20091110,-3.692
20091111,-3.664
20091112,-3.634
20091113,-3.616
20091114,-3.586
20091115,-3.587
20091116,-3.556
20091117,-3.556
20091118,-3.554
20091119,-3.459
20091120,-3.462
20091121,-3.476
20091122,-3.448
20091123,-3.422
20091124,-3.422
20091125,-3.395
20091126,-3.401
20091127,-3.389
20091128,-3.363
20091129,-3.36
20091130,-3.376
20091201,-3.418
20091202,-3.419
20091203,-3.408
20091204,-3.428
20091205,-3.4
20091206,-3.374
20091207,-3.381
20091208,-3.367
20091209,-3.386
20091210,-3.383
20091211,-3.391
20091212,-3.393
20091213,-3.398
20091214,-3.401
20091215,-3.432
20091216,-3.42
20091217,-3.429
20091218,-3.458
20091219,-3.455
20091220,-3.416
20091221,-3.444
20091222,-3.431
20091223,-3.445
20091224,-3.445
20091225,-3.426
20091226,-3.374
20091227,-3.317
20091228,-3.298
20091229,-3.287
20091230,-3.306
20091231,-3.342
20100101,-3.303
20100102,-3.405
20100103,-3.438
20100104,-3.438
20100105,-3.431
20100106,-3.453
20100107,-3.474
20100108,-3.508
20100109,-3.511
20100110,-3.507
20100111,-3.512
20100112,-3.499
20100113,-3.489
20100114,-3.499
20100115,-3.527
20100116,-3.51
20100117,-3.494
20100118,-3.471
20100119,-3.433
20100120,-3.412
20100121,-3.419
20100122,-3.433
20100123,-3.452
20100124,-3.468
20100125,-3.548
20100126,-3.637
20100127,-3.51
20100128,-3.489
20100129,-3.449
20100130,-3.443
20100131,-3.441
20100201,-3.453
20100202,-3.429
20100203,-3.376
20100204,-3.357
20100205,-3.334
20100206,-3.346
20100207,-3.375
20100208,-3.377
20100209,-3.402
20100210,-3.444
20100211,-3.473
20100212,-3.495
20100213,-3.51
20100214,-3.519
20100215,-3.52
20100216,-3.52
20100217,-3.526
20100218,-3.54
20100219,-3.538
20100220,-3.524
20100221,-3.51
20100222,-3.482
20100223,-3.573
20100224,-3.541
20100225,-3.509
20100226,-3.488
20100227,-3.501
20100228,-3.475
20100301,-3.486
20100302,-3.505
20100303,-3.52
20100304,-3.534
20100305,-3.551
20100306,-3.55
20100307,-3.571
20100308,-3.562
20100309,-3.579
20100310,-3.593
20100311,-3.587
20100312,-3.602
20100313,-3.627
20100314,-3.611
20100315,-3.619
20100316,-3.62
20100317,-3.62
20100318,-3.625
20100319,-3.638
20100320,-3.604
20100321,-3.594
20100322,-3.592
20100323,-3.606
20100324,-3.589
20100325,-3.607
20100326,-3.613
20100327,-3.616
20100328,-3.594
20100329,-3.635
20100330,-3.625
20100331,-3.638
20100401,-3.642
20100402,-3.625
20100403,-3.628
20100404,-3.567
20100405,-3.567
20100406,-3.557
20100407,-3.561
20100408,-3.594
20100409,-3.627
20100410,-3.64
20100411,-3.657
20100412,-3.668
20100413,-3.675
20100414,-3.684
20100415,-3.708
20100416,-3.727
20100417,-3.721
20100418,-3.726
20100419,-3.748
20100420,-3.74
20100421,-3.756
20100422,-3.769
20100423,-3.774
20100424,-3.787
20100425,-3.789
20100426,-3.798
20100427,-3.81
20100428,-3.795
20100429,-3.786
20100430,-3.778
20100501,-3.77
20100502,-3.787
20100503,-3.742
20100504,-3.72
20100505,-3.697
20100506,-3.69
20100507,-3.694
20100508,-3.695
20100509,-3.693
20100510,-3.692
20100511,-3.701
20100512,-3.686
20100513,-3.627
20100514,-3.615
20100515,-3.62
20100516,-3.636
20100517,-3.664
20100518,-3.693
20100519,-3.708
20100520,-3.728
20100521,-3.743
20100522,-3.753
20100523,-3.755
20100524,-3.755
20100525,-3.778
20100526,-3.783
20100527,-3.792
20100528,-3.806
20100529,-3.817
20100530,-3.803
20100531,-3.827
20100601,-3.833
20100602,-3.841
20100603,-3.853
20100604,-3.859
20100605,-3.86
20100606,-3.85
20100607,-3.287
20100608,-3.251
20100609,-3.249
20100610,-3.241
20100611,-3.221
20100612,-3.24
20100613,-3.246
20100614,-3.824
20100615,-3.734
20100616,-3.884
20100617,-3.873
20100618,-3.869
20100619,-3.866
20100620,-3.883
20100621,-3.893
20100622,-3.967
20100623,-3.964
20100624,-4.047
20100625,-3.98
20100626,-3.988
20100627,-3.989
20100628,-4.0
20100629,-4.006
20100630,-4.008
20100701,-4.051
20100702,-4.052
20100703,-4.073
20100704,-4.069
20100705,-4.074
20100706,-4.087
20100707,-4.084
20100708,-4.092
20100709,-4.091
20100710,-4.122
20100711,-4.067
20100712,-4.03
20100713,-3.968
20100714,-3.939
20100715,-3.967
20100716,-3.981
20100717,-3.985
20100718,-3.981
20100719,-3.936
20100720,-3.97
20100721,-3.976
20100722,-4.007
20100723,-4.025
20100724,-4.042
20100725,-4.037
20100726,-4.038
20100727,-4.046
20100728,-4.054
20100729,-4.037
20100730,-4.03
20100731,-4.022
20100801,-4.028
20100802,-4.028
20100803,-4.036
20100804,-4.023
20100805,-4.015
20100806,-4.019
20100807,-4.017
20100808,-4.011
20100809,-4.01
20100810,-3.858
20100811,-3.845
20100812,-3.825
20100813,-3.828
20100814,-3.834
20100815,-3.845
20100816,-3.819
20100817,-3.821
20100818,-3.812
20100819,-3.82
20100820,-3.818
20100821,-3.835
20100822,-3.832
20100823,-3.784
20100824,-3.811
20100825,-2.683
20100826,-3.791
20100827,-3.825
20100828,-3.815
20100829,-3.74
20100830,-3.649
20100831,-3.621
20100901,-3.617
20100902,-3.633
20100903,-3.612
20100904,-3.678
20100905,-3.711
20100906,-3.717
20100907,-3.734
20100908,-3.741
20100909,-3.773
20100910,-3.782
20100911,-3.784
20100912,-3.795
20100913,-3.815
20100914,-3.747
20100915,-3.674
20100916,-3.62
20100917,-3.614
20100918,-3.616
20100919,-3.616
20100920,-3.606
20100921,-3.616
20100922,-3.611
20100923,-3.566
20100924,-3.577
20100925,-3.393
20100926,-3.562
20100927,-3.578
20100928,-3.596
20100929,-3.612
20100930,-3.615
20101001,-3.63
20101002,-3.633
20101003,-3.62
20101004,-3.618
20101005,-3.649
20101006,-3.495
20101007,-3.701
20101008,-3.706
20101009,-3.722
20101010,-3.738
20101011,-3.755
20101012,-3.766
20101013,-3.776
20101014,-3.788
20101015,-3.781
20101016,-3.775
20101017,-3.775
20101018,-3.751
20101019,-3.717
20101020,-3.418
20101021,-3.621
20101022,-3.599
20101023,-3.571
20101024,-3.589
20101025,-3.619
20101026,-3.624
20101027,-3.602
20101028,-3.601
20101029,-3.598
20101030,-3.608
20101031,-3.632
20101101,-3.664
20101102,-3.658
20101103,-3.642
20101104,-3.639
20101105,-3.623
20101106,-3.588
20101107,-3.576
20101108,-3.549
20101109,-3.582
20101110,-3.622
20101111,-3.632
20101112,-3.583
20101113,-3.581
20101114,-3.585
20101115,-3.592
20101116,-3.6
20101117,-3.599
20101118,-3.606
20101119,-3.627
20101120,-3.639
20101121,-3.654
20101122,-3.613
20101123,-3.655
20101124,-3.643
20101125,-3.644
20101126,-3.651
20101127,-3.669
20101128,-3.693
20101129,-3.718
20101130,-3.729
20101201,-3.745
20101202,-3.763
20101203,-3.774
20101204,-3.779
20101205,-3.772
20101206,-3.768
20101207,-3.764
20101208,-3.777
20101209,-3.788
20101210,-3.764
20101211,-3.692
20101212,-3.664
20101213,-3.646
20101214,-3.663
20101215,-3.663
20101216,-3.621
20101217,-3.6
20101218,-3.623
20101219,-3.655
20101220,-3.684
20101221,-3.721
20101222,-3.735
20101223,-3.768
20101224,-3.794
20101225,-3.804
20101226,-3.814
20101227,-3.803
20101228,-3.81
20101229,-3.822
20101230,-3.831
20101231,-3.829
20110101,-3.719
20110102,-3.767
20110103,-3.759
20110104,-3.503
20110105,-3.724
20110106,-3.722
20110107,-3.718
20110108,-3.669
20110109,-3.669
20110110,-3.67
20110111,-3.647
20110112,-3.664
20110113,-3.627
20110114,-3.433
20110115,-3.575
20110116,-3.571
20110117,-3.586
20110118,-3.601
20110119,-3.62
20110120,-3.626
20110121,-3.653
20110122,-3.655
20110123,-3.659
20110124,-3.692
20110125,-3.621
20110126,-3.624
20110127,-2.219
20110128,-3.22
20110129,-3.672
20110130,-3.7
20110131,-3.708
20110201,-3.724
20110202,-3.739
20110203,-3.73
20110204,-3.694
20110205,-3.694
20110206,-3.706
20110207,-3.715
20110208,-3.742
20110209,-3.762
20110210,-3.752
20110211,-3.749
20110212,-3.728
20110213,-3.707
20110214,-3.705
20110215,-3.676
20110216,-3.676
20110217,-3.694
20110218,-3.718
20110219,-3.732
20110220,-3.747
20110221,-3.764
20110222,-3.781
20110223,-3.802
20110224,-3.803
20110225,-3.803
20110226,-3.749
20110227,-3.748
20110228,-3.734
20110301,-3.735
20110302,-3.725
20110303,-3.741
20110304,-2.143
20110305,-3.727
20110306,-3.76
20110307,-3.773
20110308,-3.779
20110309,-3.765
20110310,-3.761
20110311,-3.787
20110312,-3.786
20110313,-3.792
20110314,-3.813
20110315,-3.827
20110316,-2.272
20110317,-3.814
20110318,-3.846
20110319,-3.854
20110320,-3.859
20110321,-3.868
20110322,-3.879
20110323,-3.892
20110324,-3.884
20110325,-3.866
20110326,-3.86
20110327,-3.858
20110328,-3.887
20110329,-3.895
20110330,-3.884
20110331,-3.875
20110401,-2.265
20110402,-3.835
20110403,-3.851
20110404,-3.887
20110405,-2.202
20110406,-3.851
20110407,-3.888
20110408,-3.897
20110409,-3.909
20110410,-3.918
20110411,-3.913
20110412,-3.909
20110413,-3.924
20110414,-3.918
20110415,-3.931
20110416,-3.927
20110417,-3.934
20110418,-3.911
20110419,-3.935
20110420,-3.944
20110421,-3.947
20110422,-3.946
20110423,-3.954
20110424,-3.97
20110425,-3.983
20110426,-3.985
20110427,-3.977
20110428,-3.969
20110429,-3.978
20110430,-3.988
20110501,-3.983
20110502,-3.991
20110503,-4.005
20110504,-4.013
20110505,-4.015
20110506,-4.005
20110507,-4.007
20110508,-4.006
20110509,-4.029
20110510,-4.03
20110511,-4.014
20110512,-4.007
20110513,-4.016
20110514,-4.004
20110515,-4.024
20110516,-4.009
20110517,-3.99
20110518,-3.976
20110519,-3.951
20110520,-3.984
20110521,-3.994
20110522,-3.981
20110523,-3.993
20110524,-4.007
20110525,-4.017
20110526,-3.987
20110527,-3.996
20110528,-3.995
20110529,-3.982
20110530,-3.974
20110531,-3.979
20110601,-4.009
20110602,-4.013
20110603,-4.016
20110604,-4.01
20110605,-4.002
20110606,-3.975
20110607,-3.973
20110608,-3.957
20110609,-3.972
20110610,-3.988
20110611,-3.982
20110612,-3.995
20110613,-3.978
20110614,-4.007
20110615,-4.005
20110616,-3.988
20110617,-3.967
20110618,-3.929
20110619,-3.93
20110620,-3.92
20110621,-3.907
20110622,-3.908
20110623,-3.903
20110624,-3.908
20110625,-3.893
20110626,-3.89
20110627,-3.897
20110628,-3.904
20110629,-3.913
20110630,-3.913
20110701,-3.915
20110702,-3.925
20110703,-3.928
20110704,-3.938
20110705,-3.942
20110706,-3.939
20110707,-3.954
20110708,-3.96
20110709,-3.971
20110710,-3.983
20110711,-3.989
20110712,-3.989
20110713,-3.962
20110714,-3.888
20110715,-3.884
20110716,-3.848
20110717,-3.801
20110718,-3.774
20110719,-3.665
20110720,-3.751
20110721,-3.813
20110722,-3.834
20110723,-3.84
20110724,-3.778
20110725,-3.749
20110726,-3.723
20110727,-3.727
20110728,-3.741
20110729,-3.754
20110730,-3.765
20110731,-3.778
20110801,-3.798
20110802,-3.813
20110803,-3.829
20110804,-3.823
20110805,-3.797
20110806,-3.777
20110807,-3.758
20110808,-3.746
20110809,-3.732
20110810,-3.756
20110811,-3.716
20110812,-3.678
20110813,-3.685
20110814,-3.58
20110815,-3.714
20110816,-3.74
20110817,-3.765
20110818,-3.781
20110819,-3.796
20110820,-3.803
20110821,-3.812
20110822,-3.841
20110823,-3.858
20110824,-3.851
20110825,-3.854
20110826,-3.821
20110827,-3.825
20110828,-3.822
20110829,-3.797
20110830,-3.771
20110831,-3.774
20110901,-3.767
20110902,-3.777
20110903,-3.789
20110904,-3.804
20110905,-3.801
20110906,-3.804
20110907,-3.779
20110908,-3.721
20110909,-3.673
20110910,-3.649
20110911,-3.651
20110912,-3.643
20110913,-3.667
20110914,-3.707
20110915,-3.734
20110916,-3.735
20110917,-3.726
20110918,-3.712
20110919,-3.734
20110920,-3.747
20110921,-3.754
20110922,-3.766
20110923,-3.786
20110924,-3.797
20110925,-3.809
20110926,-3.83
20110927,-3.855
20110928,-3.856
20110929,-3.857
20110930,-3.866
20111001,-3.872
20111002,-3.877
20111003,-2.634
20111004,-3.857
20111005,-3.891
20111006,-3.853
20111007,-3.799
20111008,-3.747
20111009,-3.715
20111010,-3.656
20111011,-3.644
20111012,-3.279
20111013,-3.636
20111014,-3.64
20111015,-3.665
20111016,-3.676
20111017,-3.672
20111018,-3.662
20111019,-3.661
20111020,-3.626
20111021,-3.656
20111022,-3.659
20111023,-3.672
20111024,-3.671
20111025,-3.694
20111026,-3.711
20111027,-3.718
20111028,-3.748
20111029,-3.754
20111030,-3.736
20111031,-3.727
20111101,-3.745
20111102,-3.756
20111103,-3.74
20111104,-3.753
20111105,-3.758
20111106,-3.798
20111107,-3.801
20111108,-3.801
20111109,-3.806
20111110,-3.826
20111111,-3.832
20111112,-3.849
20111113,-3.842
20111114,-3.819
20111115,-3.85
20111116,-3.84
20111117,-3.85
20111118,-3.841
20111119,-3.859
20111120,-3.862
20111121,-3.857
20111122,-3.86
20111123,-3.863
20111124,-3.865
20111125,-3.848
20111126,-3.843
20111127,-3.831
20111128,-3.857
20111129,-3.833
20111130,-3.858
20111201,-3.835
20111202,-3.781
20111203,-3.702
20111204,-3.676
20111205,-3.642
20111206,-3.613
20111207,-3.584
20111208,-3.583
20111209,-3.56
20111210,-3.561
20111211,-3.568
20111212,-3.576
20111213,-3.536
20111214,-3.534
20111215,-3.55
20111216,-3.532
20111217,-3.55
20111218,-3.551
20111219,-3.553
20111220,-3.522
20111221,-3.545
20111222,-3.564
20111223,-3.557
20111224,-3.478
20111225,-3.535
20111226,-3.565
20111227,-3.581
20111228,-3.571
20111229,-3.582
20111230,-3.579
20111231,-3.561
20120101,-3.561
20120102,-3.511
20120103,-3.464
20120104,-3.479
20120105,-3.422
20120106,-3.48
20120107,-3.469
20120108,-3.489
20120109,-3.502
20120110,-3.532
20120111,-3.545
20120112,-3.54
20120113,-3.587
20120114,-3.612
20120115,-3.629
20120116,-3.645
20120117,-3.654
20120118,-3.647
20120119,-3.633
20120120,-3.625
20120121,-3.589
20120122,-3.573
20120123,-3.589
20120124,-3.595
20120125,-3.604
20120126,-3.586
20120127,-3.597
20120128,-3.629
20120129,-3.638
20120130,-3.655
20120131,-3.672
20120201,-3.715
20120202,-3.732
20120203,-3.735
20120204,-3.751
20120205,-3.756
20120206,-3.762
20120207,-3.786
20120208,-3.786
20120209,-3.777
20120210,-3.782
20120211,-3.783
20120212,-3.768
20120213,-3.754
20120214,-3.743
20120215,-3.721
20120216,-3.714
20120217,-3.693
20120218,-3.653
20120219,-3.649
20120220,-3.105
20120221,-2.032
20120222,-3.581
20120223,-3.6
20120224,-3.617
20120225,-3.631
20120226,-3.66
20120227,-2.647
20120228,-3.646
20120229,-3.673
20120301,-3.566
20120302,-3.712
20120303,-3.698
20120304,-3.704
20120305,-3.7
20120306,-3.717
20120307,-3.704
20120308,-3.69
20120309,-3.634
20120310,-3.676
20120311,-3.687
20120312,-3.701
20120313,-3.718
20120314,-3.732
20120315,-3.725
20120316,-3.725
20120317,-3.737
20120318,-3.741
20120319,-3.786
20120320,-3.799
20120321,-3.81
20120322,-3.781
20120323,-3.801
20120324,-3.816
20120325,-3.83
20120326,-3.749
20120327,-2.245
20120328,-3.789
20120329,-3.815
20120330,-3.824
20120331,-3.836
20120401,-3.837
20120402,-3.841
20120403,-3.839
20120404,-3.867
20120405,-3.877
20120406,-3.861
20120407,-3.867
20120408,-3.867
20120409,-3.835
20120410,-3.818
20120411,-3.827
20120412,-3.83
20120413,-3.833
20120414,-3.841
20120415,-3.87
20120416,-3.873
20120417,-3.831
20120418,-3.823
20120419,-3.834
20120420,-3.34
20120421,-3.849
20120422,-3.851
20120423,-3.626
20120424,-3.801
20120425,-3.774
20120426,-3.776
20120427,-3.441
20120428,-3.801
20120429,-3.766
20120430,-3.79
20120501,-3.803
20120502,-3.802
20120503,-3.805
20120504,-3.802
20120505,-3.827
20120506,-3.842
20120507,-3.857
20120508,-3.834
20120509,-3.831
20120510,-3.767
20120511,-3.79
20120512,-3.812
20120513,-3.8
20120514,-3.791
20120515,-3.791
20120516,-3.809
20120517,-3.797
20120518,-3.78
20120519,-3.804
20120520,-3.812
20120521,-3.818
20120522,-3.852
20120523,-3.854
20120524,-3.89
20120525,-3.901
20120526,-3.893
20120527,-3.906
20120528,-3.911
20120529,-3.774
20120530,-3.922
20120531,-3.909
20120601,-3.914
20120602,-3.903
20120603,-3.897
20120604,-3.897
20120605,-3.909
20120606,-3.884
20120607,-3.87
20120608,-3.869
20120609,-3.872
20120610,-3.882
20120611,-3.875
20120612,-3.849
20120613,-3.85
20120614,-3.839
20120615,-3.821
20120616,-3.836
20120617,-3.842
20120618,-3.847
20120619,-3.846
20120620,-3.85
20120621,-3.841
20120622,-3.839
20120623,-3.814
20120624,-3.762
20120625,-3.74
20120626,-3.738
20120627,-3.73
20120628,-3.726
20120629,-3.741
20120630,-3.779
20120701,-3.802
20120702,-3.818
20120703,-3.833
20120704,-3.841
20120705,-3.847
20120706,-3.814
20120707,-3.817
20120708,-3.808
20120709,-3.81
20120710,-3.797
20120711,-3.752
20120712,-3.681
20120713,-3.625
20120714,-3.621
20120715,-3.637
20120716,-3.638
20120717,-3.613
20120718,-3.571
20120719,-3.543
20120720,-3.553
20120721,-3.576
20120722,-3.613
20120723,-3.638
20120724,-3.522
20120725,-3.652
20120726,-3.715
20120727,-3.682
20120728,-3.742
20120729,-3.756
20120730,-3.741
20120731,-3.715
20120801,-3.68
20120802,-3.665
20120803,-3.652
20120804,-3.655
20120805,-3.664
20120806,-3.624
20120807,-3.609
20120808,-3.603
20120809,-3.629
20120810,-3.648
20120811,-3.668
20120812,-3.683
20120813,-3.706
20120814,-3.719
20120815,-3.74
20120816,-3.77
20120817,-3.779
20120818,-3.792
20120819,-3.804
20120820,-3.838
20120821,-3.823
20120822,-3.831
20120823,-3.834
20120824,-3.827
20120825,-3.824
20120826,-3.808
20120827,-3.754
20120828,-3.728
20120829,-3.722
20120830,-3.731
20120831,-3.718
20120901,-3.656
20120902,-3.637
20120903,-3.648
20120904,-3.018
20120905,-3.694
20120906,-3.718
20120907,-3.717
20120908,-3.74
20120909,-3.746
20120910,-3.764
20120911,-3.776
20120912,-3.791
20120913,-3.821
20120914,-3.799
20120915,-3.83
20120916,-3.833
20120917,-3.84
20120918,-3.807
20120919,-3.852
20120920,-3.854
20120921,-3.839
20120922,-3.833
20120923,-3.813
20120924,-3.756
20120925,-3.717
20120926,-3.689
20120927,-3.693
20120928,-3.709
20120929,-3.721
20120930,-3.727
20121001,-3.66
20121002,-3.719
20121003,-3.706
20121004,-3.647
20121005,-3.622
20121006,-3.568
20121007,-3.573
20121008,-3.569
20121009,-3.596
20121010,-3.617
20121011,-3.627
20121012,-3.626
20121013,-3.599
20121014,-3.558
20121015,-3.559
20121016,-3.548
20121017,-3.567
20121018,-3.582
20121019,-3.566
20121020,-3.567
20121021,-3.579
20121022,-3.594
20121023,-3.615
20121024,-3.619
20121025,-3.62
20121026,-3.625
20121027,-3.647
20121028,-3.65
20121029,-3.637
20121030,-3.596
20121031,-3.544
20121101,-3.537
20121102,-3.567
20121103,-3.545
20121104,-3.565
20121105,-3.553
20121106,-3.543
20121107,-3.545
20121108,-3.531
20121109,-3.522
20121110,-3.533
20121111,-3.561
20121112,-3.595
20121113,-3.598
20121114,-3.611
20121115,-3.606
20121116,-3.616
20121117,-3.61
20121118,-3.637
20121119,-3.635
20121120,-3.648
20121121,-3.64
20121122,-3.667
20121123,-3.68
20121124,-3.676
20121125,-3.619
20121126,-3.623
20121127,-3.639
20121128,-3.648
20121129,-3.664
20121130,-3.661
20121201,-3.623
20121202,-3.597
20121203,-3.553
20121204,-3.527
20121205,-3.537
20121206,-3.561
20121207,-3.543
20121208,-3.589
20121209,-3.553
20121210,-3.554
20121211,-2.397
20121212,-3.504
20121213,-3.495
20121214,-3.497
20121215,-3.49
20121216,-3.515
20121217,-3.507
20121218,-3.515
20121219,-2.497
20121220,-3.522
20121221,-3.544
20121222,-3.524
20121223,-3.475
20121224,-3.452
20121225,-3.433
20121226,-3.454
20121227,-3.445
20121228,-3.486
20121229,-3.471
20121230,-3.501
20121231,-3.509
20130101,-3.511
20130102,-3.531
20130103,-3.544
20130104,-3.556
20130105,-3.568
20130106,-3.579
20130107,-3.576
20130108,-3.574
20130109,-3.567
20130110,-3.542
20130111,-3.552
20130112,-3.56
20130113,-3.583
20130114,-3.583
20130115,-3.605
20130116,-3.632
20130117,-3.661
20130118,-3.668
20130119,-3.668
20130120,-3.686
20130121,-3.703
20130122,-3.724
20130123,-3.74
20130124,-3.752
20130125,-3.756
20130126,-3.736
20130127,-3.713
20130128,-2.77
20130129,-3.625
20130130,-3.566
20130131,-3.526
20130201,-3.508
20130202,-3.518
20130203,-3.5
20130204,-3.514
20130205,-3.486
20130206,-3.521
20130207,-2.384
20130208,-3.544
20130209,-3.573
20130210,-3.567
20130211,-3.573
20130212,-3.632
20130213,-3.65
20130214,-2.65
20130215,-3.649
20130216,-3.656
20130217,-3.663
20130218,-3.665
20130219,-3.646
20130220,-3.689
20130221,-3.691
20130222,-3.697
20130223,-3.702249999999999
20130224,-3.7101666666666664
20130225,-3.7168749999999995
20130226,-3.7352916666666665
20130227,-3.7250416666666664
20130228,-3.7254583333333335
20130301,-3.7266250000000003
20130302,-3.734291666666667
20130303,-3.7419166666666666
20130304,-3.7375833333333333
20130305,-3.739166666666667
20130306,-3.7276249999999997
20130307,-3.749
20130308,-3.751458333333334
20130309,-3.7535000000000003
20130310,-3.7376666666666662
20130311,-3.723625
20130312,-3.716666666666667
20130313,-3.7280416666666665
20130314,-3.7358749999999996
20130315,-3.7416250000000004
20130316,-3.7226666666666675
20130317,-3.711833333333334
20130318,-3.688458333333333
20130319,-3.7047916666666656
20130320,-3.7082499999999996
20130321,-3.7407083333333344
20130322,-3.7428749999999997
20130323,-3.7542500000000003
20130324,-3.773541666666667
20130325,-3.7913333333333337
20130326,-3.7967500000000007
20130327,-3.8008333333333337
20130328,-3.8054583333333323
20130329,-3.8017083333333344
20130330,-3.7966250000000006
20130331,-3.8077500000000004
20130401,-3.796458333333334
20130402,-3.805250000000001
20130403,-3.823124999999999
20130404,-3.847666666666667
20130405,-3.8927083333333337
20130406,-3.8988333333333336
20130407,-3.8767499999999995
20130408,-3.8693749999999985
20130409,-3.8748333333333336
20130410,-3.8656666666666673
20130411,-3.4205
20130412,-2.392166666666666
20130413,-1.8239166666666664
20130414,-1.7445416666666667
20130415,-1.7161666666666664
20130416,-1.7011666666666667
20130417,-1.7840416666666667
20130418,-1.7642499999999999
20130419,-1.7925416666666667
20130420,-1.8149583333333335
20130421,-1.8004583333333333
20130422,-1.7951249999999999
20130423,-1.7877916666666664
20130424,-1.763
20130425,-1.7579583333333335
20130426,-1.7470416666666664
20130427,-1.7482083333333334
20130428,-1.75125
20130429,-1.7494166666666666
20130430,-1.7711249999999998
20130501,-1.8126249999999995
20130502,-1.8679583333333332
20130503,-1.8693333333333333
20130504,-1.871666666666667
20130505,-1.8872916666666668
20130506,-1.8931250000000002
20130507,-2.467
20130508,-2.7297499999999997
20130509,-2.7387083333333333
20130510,-2.7412499999999995
20130511,-2.743666666666666
20130512,-2.737083333333334
20130513,-2.7252916666666667
20130514,-2.7042083333333333
20130515,-2.685916666666666
20130516,-2.6598333333333333
20130517,-2.681125
20130518,-2.6815833333333328
20130519,-2.6877499999999994
20130520,-2.679916666666667
20130521,-3.0046250000000003
20130522,-3.2926250000000006
20130523,-3.3065416666666665
20130524,-3.3313333333333333
20130525,-3.349749999999999
20130526,-3.3461249999999993
20130527,-3.3448333333333338
20130528,-3.431458333333334
20130529,-3.6192500000000005
20130530,-3.663708333333334
20130531,-3.692166666666667
20130601,-3.713458333333334
20130602,-3.7332083333333337
20130603,-3.745833333333333
20130604,-3.7472083333333335
20130605,-3.7514583333333333
20130606,-3.74775
20130607,-3.771416666666667
20130608,-3.7772500000000004
20130609,-3.7788749999999998
20130610,-3.784791666666667
20130611,-3.792583333333333
20130612,-3.8146666666666658
20130613,-3.8209583333333335
20130614,-3.8189583333333332
20130615,-3.810708333333333
20130616,-3.81425
20130617,-3.8251250000000003
20130618,-3.8337916666666665
20130619,-3.8445833333333326
20130620,-3.8454166666666656
20130621,-3.7808749999999995
20130622,-3.686666666666667
20130623,-3.6483749999999984
20130624,-3.634583333333333
20130625,-3.6494999999999993
20130626,-3.6592916666666664
20130627,-3.6638749999999995
20130628,-3.656541666666667
20130629,-3.656041666666668
20130630,-3.663625
20130701,-3.6705833333333344
20130702,-3.6810833333333335
20130703,-3.6950833333333333
20130704,-3.7236249999999997
20130705,-3.7530833333333327
20130706,-3.7702499999999994
20130707,-3.7887083333333345
20130708,-3.799416666666666
20130709,-3.7983749999999996
20130710,-3.806458333333333
20130711,-3.8169583333333326
20130712,-3.8260833333333326
20130713,-3.838958333333333
20130714,-3.8439166666666664
20130715,-3.8520416666666666
20130716,-3.8660416666666677
20130717,-3.878666666666667
20130718,-3.891125
20130719,-3.893541666666667
20130720,-3.904958333333333
20130721,-3.903791666666667
20130722,-3.9094583333333337
20130723,-3.9213750000000007
20130724,-3.92825
20130725,-3.9295416666666667
20130726,-3.9302916666666654
20130727,-3.916375000000001
20130728,-3.9013749999999994
20130729,-3.8943333333333334
20130730,-3.8993750000000005
20130731,-3.8581249999999994
20130801,-3.8530833333333323
20130802,-3.8573749999999993
20130803,-3.880125
20130804,-3.898375000000001
20130805,-3.896583333333334
20130806,-3.9077083333333325
20130807,-3.9105416666666657
20130808,-3.8906249999999996
20130809,-3.833916666666667
20130810,-3.883791666666667
20130811,-3.881
20130812,-3.887500000000001
20130813,-3.8975000000000004
20130814,-3.909291666666667
20130815,-3.895083333333334
20130816,-3.9026250000000005
20130817,-3.9052500000000006
20130818,-3.903916666666667
20130819,-3.9128333333333334
20130820,-3.895124999999999
20130821,-3.8799999999999994
20130822,-3.8754166666666667
20130823,-3.8749583333333333
20130824,-3.8803749999999995
20130825,-3.904125000000001
20130826,-3.9300416666666664
20130827,-3.933916666666667
20130828,-3.9500833333333323
20130829,-3.958291666666667
20130830,-3.955791666666666
20130831,-3.965833333333333
20130901,-3.9783749999999993
20130902,-3.9728333333333334
20130903,-3.9871666666666665
20130904,-3.9872083333333337
20130905,-3.9795416666666665
20130906,-3.984499999999999
20130907,-4.0030833333333335
20130908,-3.985958333333333
20130909,-3.938916666666667
20130910,-3.9028333333333336
20130911,-3.8938749999999995
20130912,-3.878625000000001
20130913,-3.8721250000000005
20130914,-3.8453749999999993
20130915,-3.8112083333333335
20130916,-3.785708333333334
20130917,-3.7642083333333325
20130918,-3.75175
20130919,-3.753958333333333
20130920,-3.7538749999999994
20130921,-3.765375
20130922,-3.7669583333333345
20130923,-3.763125
20130924,-3.74025
20130925,-3.758791666666667
20130926,-3.790875
20130927,-3.7957916666666667
20130928,-3.814666666666667
20130929,-3.8245
20130930,-3.835625
20131001,-3.86025
20131002,-3.8681666666666668
20131003,-3.8782083333333333
20131004,-3.526458333333334
20131005,-3.0826666666666664
20131006,-3.804
20131007,-3.8548333333333336
20131008,-3.875541666666667
20131009,-3.863458333333334
20131010,-3.857708333333333
20131011,-3.8768333333333334
20131012,-3.8639166666666664
20131013,-3.8255
20131014,-3.6672499999999997
20131015,-3.769375
20131016,-3.765958333333334
20131017,-3.75325
20131018,-3.771666666666668
20131019,-3.7632916666666674
20131020,-3.698916666666667
20131021,-3.736
20131022,-3.7344166666666663
20131023,-3.7347916666666667
20131024,-3.766625000000001
20131025,-3.7607916666666665
20131026,-3.756083333333333
20131027,-3.74475
20131028,-3.7144583333333334
20131029,-3.709541666666666
20131030,-3.695625
20131031,-3.6790000000000003
20131101,-3.661833333333334
20131102,-3.6216666666666675
20131103,-3.6190416666666665
20131104,-3.594041666666667
20131105,-3.5638333333333336
20131106,-3.553708333333334
20131107,-3.538416666666668
20131108,-3.523375
20131109,-3.5215833333333326
20131110,-3.5068750000000004
20131111,-3.5119583333333337
20131112,-3.5157083333333343
20131113,-3.5220833333333332
20131114,-3.5117083333333334
20131115,-3.545458333333333
20131116,-3.556166666666666
20131117,-3.559833333333333
20131118,-3.545375
20131119,-3.5514583333333327
20131120,-3.546375
20131121,-3.5708750000000005
20131122,-3.5978333333333326
20131123,-3.6212916666666657
20131124,-3.6345416666666672
20131125,-3.646499999999999
20131126,-3.6402499999999995
20131127,-3.633666666666668
20131128,-3.640833333333333
20131129,-3.6044583333333335
20131130,-3.5798749999999995
20131201,-3.5787083333333336
20131202,-3.5900416666666666
20131203,-3.581583333333333
20131204,-3.586208333333332
20131205,-3.5596250000000005
20131206,-3.5529166666666665
20131207,-3.5508333333333333
20131208,-3.543916666666666
20131209,-3.5504999999999995
20131210,-3.5665833333333334
20131211,-3.5765
20131212,-3.5788750000000005
20131213,-3.581333333333333
20131214,-3.5891666666666673
20131215,-3.5752916666666663
20131216,-2.6712916666666664
20131217,-1.7016666666666669
20131218,-1.5887083333333336
20131219,-1.5434999999999999
20131220,-1.557125
20131221,-1.5373750000000002
20131222,-1.4881250000000004
20131223,-1.461
20131224,-1.4146249999999998
20131225,-1.4033750000000003
20131226,-1.4209583333333333
20131227,-1.4107500000000002
20131228,-1.4262083333333333
20131229,-1.4629583333333336
20131230,-1.5317916666666662
20131231,-1.6191666666666669
20140101,-1.6289999999999998
20140102,-1.6332499999999996
20140103,-1.6477916666666668
20140104,-1.6482499999999998
20140105,-1.654
20140106,-1.6427916666666664
20140107,-1.609125
20140108,-2.056625000000001
20140109,-2.106041666666667
20140110,-1.945583333333334
20140111,-1.9666666666666661
20140112,-1.9853749999999994
20140113,-1.977458333333333
20140114,-2.004166666666666
20140115,-2.0723749999999996
20140116,-2.0255
20140117,-2.019583333333333
20140118,-2.019833333333333
20140119,-2.0498750000000006
20140120,-2.548083333333333
20140121,-2.9070416666666667
20140122,-2.9150833333333335
20140123,-2.928708333333333
20140124,-2.944666666666666
20140125,-2.959583333333333
20140126,-2.9210833333333333
20140127,-2.963416666666667
20140128,-3.1537916666666668
20140129,-3.194833333333333
20140130,-3.2450833333333335
20140131,-3.265166666666666
20140201,-3.2430000000000017
20140202,-3.270541666666667
20140203,-3.2797083333333337
20140204,-3.2787916666666663
20140205,-3.095458333333333
20140206,-3.221916666666667
20140207,-3.222208333333333
20140208,-3.215958333333333
20140209,-3.202458333333333
20140210,-3.2211666666666665
20140211,-3.103416666666666
20140212,-3.333458333333333
20140213,-3.4220416666666664
20140214,-3.4514583333333335
20140215,-3.4294999999999995
20140216,-3.464958333333333
20140217,-3.5001666666666664
20140218,-3.503083333333334
20140219,-3.5061666666666667
20140220,-3.4863749999999993
20140221,-3.5074166666666664
20140222,-3.6005
20140223,-3.632375
20140224,-3.6477500000000016
20140225,-3.654166666666667
20140226,-3.674833333333334
20140227,-3.6813750000000005
20140228,-3.6736666666666675
20140301,-3.676291666666667
20140302,-3.6845000000000003
20140303,-3.6829583333333336
20140304,-3.724166666666667
20140305,-3.7753333333333328
20140306,-3.769833333333334
20140307,-3.764583333333333
20140308,-3.7786666666666675
20140309,-3.787583333333334
20140310,-3.788500000000001
20140311,-3.8090833333333336
20140312,-3.8113333333333337
20140313,-3.8110833333333325
20140314,-3.8047083333333345
20140315,-3.8012500000000014
20140316,-3.798208333333333
20140317,-3.8082916666666673
20140318,-3.7878260869565232
20140319,-3.7701249999999997
20140320,-3.7730833333333336
20140321,-3.746958333333333
20140322,-3.6965833333333333
20140323,-3.691291666666666
20140324,-3.7127916666666665
20140325,-3.719583333333334
20140326,-3.718791666666666
20140327,-3.7269166666666664
20140328,-3.743791666666667
20140329,-3.7514999999999987
20140330,-3.755041666666667
20140331,-3.7627083333333338
20140401,-3.762125000000001
20140402,-3.7701249999999997
20140403,-3.781166666666668
20140404,-3.806916666666668
20140405,-3.7990416666666675
20140406,-3.819083333333334
20140407,-3.798
20140408,-3.771875
20140409,-3.7609583333333343
20140410,-3.7445000000000004
20140411,-3.76725
20140412,-3.7736250000000005
20140413,-3.7843750000000003
20140414,-3.793416666666667
20140415,-3.819708333333334
20140416,-3.830458333333334
20140417,-3.8195
20140418,-3.824666666666666
20140419,-3.8393333333333337
20140420,-3.8393333333333346
20140421,-3.842666666666666
20140422,-3.8496666666666663
20140423,-3.8692500000000005
20140424,-3.847666666666667
20140425,-3.828875
20140426,-3.818541666666666
20140427,-3.819833333333332
20140428,-3.825166666666666
20140429,-3.8177916666666665
20140430,-3.809333333333333
20140501,-3.799833333333334
20140502,-3.8047500000000007
20140503,-3.8125833333333343
20140504,-3.813041666666667
20140505,-3.8089166666666667
20140506,-3.8107916666666664
20140507,-3.8186666666666667
20140508,-3.8237500000000004
20140509,-3.8071250000000005
20140510,-3.7757916666666667
20140511,-3.732708333333333
20140512,-3.7108333333333334
20140513,-3.712208333333334
20140514,-3.727791666666667
20140515,-3.743791666666667
20140516,-3.748375
20140517,-3.750375
20140518,-3.750624999999999
20140519,-3.749
20140520,-3.8025416666666665
20140521,-3.8211250000000008
20140522,-3.8228333333333335
20140523,-3.838625
20140524,-3.8413749999999998
20140525,-3.8512083333333336
20140526,-3.8573333333333326
20140527,-3.7397916666666666
20140528,-3.6674166666666674
20140529,-3.6130833333333334
20140530,-3.6018333333333334
20140531,-3.613999999999999
20140601,-3.6394583333333332
20140602,-3.6619166666666665
20140603,-3.684625
20140604,-3.6928750000000012
20140605,-3.6672499999999997
20140606,-3.6403749999999993
20140607,-3.666083333333333
20140608,-3.7002916666666668
20140609,-3.700416666666666
20140610,-3.737416666666666
20140611,-3.7432499999999997
20140612,-3.769625000000001
20140613,-3.7801666666666676
20140614,-3.794666666666668
20140615,-3.8077916666666667
20140616,-3.81725
20140617,-3.810541666666667
20140618,-3.837041666666666
20140619,-3.838125
20140620,-3.846291666666667
20140621,-3.8537916666666674
20140622,-3.8678749999999997
20140623,-3.8774166666666665
20140624,-3.8672916666666666
20140625,-3.8672083333333327
20140626,-3.8714999999999993
20140627,-3.863749999999999
20140628,-3.8498749999999995
20140629,-3.8433333333333324
20140630,-3.848333333333333
20140701,-3.854791666666666
20140702,-3.8629999999999995
20140703,-3.8647916666666666
20140704,-3.861541666666666
20140705,-3.860041666666667
20140706,-3.8835416666666673
20140707,-3.897208333333334
20140708,-3.896500000000001
20140709,-3.879916666666667
20140710,-3.870291666666667
20140711,-3.897708333333334
20140712,-3.9107083333333335
20140713,-3.9112916666666666
20140714,-3.9209583333333335
20140715,-3.9410000000000003
20140716,-3.9456249999999997
20140717,-3.9648333333333334
20140718,-3.972375
20140719,-3.961416666666666
20140720,-3.9640833333333334
20140721,-3.9863749999999993
20140722,-3.98425
20140723,-3.9938749999999996
20140724,-4.0015833333333335
20140725,-4.000666666666667
20140726,-3.9367916666666662
20140727,-3.9284347826086963
20140728,-3.920333333333334
20140729,-3.9492916666666673
20140730,-3.9557499999999997
20140731,-3.9667500000000007
20140801,-3.972916666666666
20140802,-3.981208333333333
20140803,-3.9993749999999992
20140804,-4.0135000000000005
20140805,-4.026625
20140806,-4.024041666666666
20140807,-4.025458333333332
20140808,-4.032875
20140809,-4.011
20140810,-3.9888333333333335
20140811,-3.9542499999999996
20140812,-3.8807916666666666
20140813,-3.8285
20140814,-3.810583333333333
20140815,-3.8172916666666663
20140816,-3.829833333333333
20140817,-3.808541666666667
20140818,-3.7808750000000004
20140819,-3.755666666666667
20140820,-3.741
20140821,-3.721541666666667
20140822,-3.7150416666666666
20140823,-3.6996250000000006
20140824,-3.7015416666666656
20140825,-3.7054583333333326
20140826,-3.7110833333333333
20140827,-3.7417499999999997
20140828,-3.7550833333333338
20140829,-3.7704583333333335
20140830,-3.785458333333334
20140831,-3.766125
20140901,-2.5245
20140902,-1.7333333333333327
20140903,-1.6767083333333332
20140904,-1.6677916666666668
20140905,-1.663875
20140906,-1.672666666666667
20140907,-1.6898333333333335
20140908,-1.7484583333333337
20140909,-1.8474583333333336
20140910,-1.8704166666666666
20140911,-1.887166666666667
20140912,-1.913125
20140913,-1.9357500000000003
20140914,-1.9452500000000006
20140915,-1.9515833333333334
20140916,-1.9084999999999999
20140917,-1.9115217391304349
20140918,-1.9034999999999995
20140919,-1.9132083333333332
20140920,-1.923875
20140921,-1.9338750000000002
20140922,-1.9391249999999998
20140923,-1.9379999999999997
20140924,-1.9164166666666667
20140925,-1.8951250000000002
20140926,-1.9015416666666665
20140927,-1.9077499999999998
20140928,-1.901791666666667
20140929,-1.8990833333333332
20140930,-1.8972500000000003
20141001,-1.9049583333333338
20141002,-1.91225
20141003,-1.9009166666666666
20141004,-1.8885000000000003
20141005,-1.9039583333333328
20141006,-1.8940833333333336
20141007,-1.8562083333333332
20141008,-1.8315833333333333
20141009,-1.817
20141010,-1.8265833333333334
20141011,-1.8309166666666667
20141012,-1.8229583333333332
20141013,-1.802958333333333
20141014,-1.796083333333333
20141015,-1.7904166666666663
20141016,-1.7869999999999997
20141017,-1.7895416666666668
20141018,-1.7914999999999994
20141019,-1.7867083333333331
20141020,-1.7927083333333338
20141021,-1.941
20141022,-2.0378749999999997
20141023,-2.03675
20141024,-2.029666666666667
20141025,-2.02075
20141026,-2.030041666666667
20141027,-2.0389166666666663
20141028,-2.0392083333333333
20141029,-2.0491250000000005
20141030,-2.060875
20141031,-2.062958333333333
20141101,-2.063333333333333
20141102,-2.0569166666666665
20141103,-2.3591250000000006
20141104,-2.8593749999999996
20141105,-2.8787500000000006
20141106,-2.8936249999999997
20141107,-2.885708333333333
20141108,-2.9022916666666663
20141109,-2.915541666666666
20141110,-2.9205833333333326
20141111,-2.923125
20141112,-2.922833333333333
20141113,-2.9415416666666663
20141114,-2.941541666666666
20141115,-2.9358750000000007
20141116,-2.9139166666666667
20141117,-3.0601249999999998
20141118,-2.750958333333333
20141119,-3.1844999999999994
20141120,-2.824874999999999
20141121,-3.205375
20141122,-3.2230416666666666
20141123,-3.236458333333333
20141124,-3.2439166666666672
20141125,-3.2448750000000004
20141126,-3.3237916666666667
20141127,-3.504208333333334
20141128,-3.531041666666667
20141129,-3.555249999999999
20141130,-3.5630833333333327
20141201,-3.5692916666666665
20141202,-3.5855833333333322
20141203,-3.601666666666667
20141204,-3.6020416666666666
20141205,-3.5989999999999998
20141206,-3.6168750000000003
20141207,-3.6042083333333323
20141208,-3.6776250000000004
20141209,-3.7475
20141210,-3.709374999999999
20141211,-3.693791666666666
20141212,-3.670625
20141213,-3.6726666666666676
20141214,-3.6780833333333334
20141215,-3.6751666666666662
20141216,-3.6864166666666662
20141217,-3.6687500000000006
20141218,-3.667583333333333
20141219,-3.6583333333333345
20141220,-3.6551666666666667
20141221,-3.6492083333333336
20141222,-3.642125
20141223,-3.646458333333334
20141224,-3.6121304347826078
20141225,-3.636916666666666
20141226,-3.6542916666666674
20141227,-3.6348750000000005
20141228,-3.689375
20141229,-3.710708333333333
20141230,-3.703416666666667
20141231,-3.6997916666666666
20150101,-3.7061666666666664
20150102,-3.6837499999999985
20150103,-3.6929583333333333
20150104,-3.7152499999999997
20150105,-3.7247916666666665
20150106,-3.715208333333333
20150107,-3.7257916666666664
20150108,-3.714749999999999
20150109,-3.6656666666666666
20150110,-3.640041666666667
20150111,-3.6419583333333345
20150112,-3.634083333333333
20150113,-3.5973333333333333
20150114,-3.563541666666667
20150115,-3.5273333333333334
20150116,-3.542125
20150117,-3.567208333333333
20150118,-3.571291666666667
20150119,-3.578583333333334
20150120,-3.588083333333332
20150121,-3.609583333333333
20150122,-3.645666666666667
20150123,-3.674791666666667
20150124,-3.6753749999999994
20150125,-3.6977916666666673
20150126,-3.6558750000000013
20150127,-3.6274166666666665
20150128,-3.5810000000000013
20150129,-3.5384999999999995
20150130,-3.5260833333333337
20150131,-3.5460000000000007
20150201,-3.580666666666666
20150202,-3.599375
20150203,-3.606333333333333
20150204,-3.6334999999999997
20150205,-3.5959545454545463
20150206,-3.6564583333333345
20150207,-3.670083333333334
20150208,-3.6670416666666674
20150209,-3.662666666666666
20150210,-3.6765833333333333
20150211,-3.6708750000000006
20150212,-3.6740833333333334
20150213,-3.6742500000000007
20150214,-3.693708333333333
20150215,-3.719208333333333
20150216,-3.737458333333333
20150217,-3.7615
20150218,-3.7704583333333335
20150219,-3.5514761904761905
20150220,-3.6887916666666674
20150221,-3.6450833333333326
20150222,-3.6339583333333336
20150223,-3.593458333333333
20150224,-3.590208333333333
20150225,-3.592833333333333
20150226,-3.56775
20150227,-3.5515833333333333
20150228,-3.5474166666666664
20150301,-3.5375416666666677
20150302,-3.5765
20150303,-3.632166666666667
20150304,-3.6367916666666673
20150305,-3.6567916666666664
20150306,-3.6541666666666663
20150307,-3.6603750000000006
20150308,-3.6781666666666664
20150309,-3.7065416666666664
20150310,-3.718083333333333
20150311,-3.728125
20150312,-3.7529999999999997
20150313,-3.768041666666667
20150314,-3.7883750000000007
20150315,-3.8031666666666677
20150316,-3.8128749999999996
20150317,-3.804913043478261
20150318,-3.8196250000000003
20150319,-3.838333333333333
20150320,-3.840499999999999
20150321,-3.830041666666666
20150322,-3.8397916666666663
20150323,-3.8255000000000003
20150324,-3.823
20150325,-3.8214166666666673
20150326,-3.7948749999999998
20150327,-3.779555555555556
20150328,-3.7694
20150329,-3.7241250000000004
20150330,-3.7307499999999996
20150331,-3.687375
20150401,-3.701125
20150402,-3.684875
20150403,-3.68575
20150404,-3.69025
20150405,-3.727875
20150406,-3.7396249999999998
20150407,-3.7603750000000002
20150408,-3.767
20150409,-3.75375
20150410,-3.7835
20150411,-3.7734999999999994
20150412,-3.8086249999999997
20150413,-3.81775
20150414,-3.7925714285714287
20150415,-3.82475
20150416,-3.8521250000000005
20150417,-3.8656250000000005
20150418,-3.8955
20150419,-3.903375
20150420,-3.905375
20150421,-3.9005714285714284
20150422,-3.897875
20150423,-3.9041249999999996
20150424,-3.907
20150425,-3.8953750000000005
20150426,-3.9217500000000003
20150427,-3.9085000000000005
20150428,-3.92925
20150429,-3.93275
20150430,-3.913125
20150501,-3.898
20150502,-3.889875
20150503,-3.883
20150504,-3.8671249999999997
20150505,-3.8742500000000004
20150506,-3.8583749999999997
20150507,-3.8942499999999995
20150508,-3.8945
20150509,-3.8684999999999996
20150510,-3.9
20150511,-3.90475
20150512,-3.8871428571428566
20150513,-3.91175
20150514,-3.91
20150515,-3.9353749999999996
20150516,-3.9371249999999995
20150517,-3.9459999999999997
20150518,-3.9139999999999997
20150519,-3.914
20150520,-3.93175
20150521,-3.9436249999999995
20150522,-3.944875
20150523,-3.9458749999999996
20150524,-3.9452500000000006
20150525,-3.9358750000000002
20150526,-3.95475
20150527,-3.955
20150528,-3.93975
20150529,-3.9398750000000007
20150530,-3.9456249999999997
20150531,-3.944625
20150601,-3.931
20150602,-3.914625
20150603,-3.9444999999999997
20150604,-3.9610000000000003
20150605,-3.954375
20150606,-3.946875
20150607,-3.9777499999999995
20150608,-3.9883749999999996
20150609,-3.9918750000000003
20150610,-3.994625
20150611,-3.9852499999999997
20150612,-3.9325714285714284
20150613,-3.9665000000000004
20150614,-3.9982499999999996
20150615,-4.01675
20150616,-4.0305
20150617,-4.031375000000001
20150618,-4.0169999999999995
20150619,-4.0335
20150620,-4.026875
20150621,-4.022
20150622,-3.9988750000000004
20150623,-4.018000000000001
20150624,-4.007875
20150625,-4.0166249999999994
20150626,-3.939375
20150627,-3.903375
20150628,-3.914625
20150629,-3.9194999999999998
20150630,-3.916125
20150701,-3.9235000000000007
20150702,-3.996375
20150703,-3.9735
20150704,-3.942625
20150705,-3.907749999999999
20150706,-3.864375
20150707,-3.847875
20150708,-3.852375
20150709,-3.8518749999999997
20150710,-3.87925
20150711,-3.883375
20150712,-3.8957500000000005
20150713,-3.875625
20150714,-3.8887500000000004
20161027,-3.8869999999999996
20161028,-3.8760000000000003
20161029,-3.860375
20161030,-3.8503750000000005
20161031,-3.844625
20161101,-3.833625
20161102,-3.826
20161103,-3.8241250000000004
20161104,-3.801375
20161105,-3.785625
20161106,-3.7744999999999997
20161107,-3.7861250000000006
20161108,-3.773
20161109,-3.7556249999999998
20161110,-3.7685000000000004
20161111,-3.7971250000000003
20161112,-3.801
20161113,-3.80275
20161114,-3.8001249999999995
20161115,-3.7725
20161116,-3.7397500000000004
20161117,-3.70375
20161118,-3.6857499999999996
20161119,-3.697125
20161120,-3.6621249999999996
20161121,-3.6551249999999995
20161122,-3.6664999999999996
20161123,-3.683375
20161124,-3.70875
20161125,-3.707
20161126,-3.702125
20161127,-3.7135
20161128,-3.731375
20161129,-3.757625
20161130,-3.7403750000000002
20161201,-3.7284999999999995
20161202,-3.7178750000000003
20161203,-3.72925
20161204,-3.7399999999999998
20161205,-3.7671249999999996
20161206,-3.7093750000000005
20161207,-3.730875
20161208,-3.3825000000000003
20161209,-3.6525
20161210,-3.6959999999999997
20161211,-3.6602500000000004
20161212,-2.573375
20161213,-2.718875
20161214,-3.54875
20161215,-3.6049999999999995
20161216,-3.6186249999999998
20161217,-3.6406249999999996
20161218,-3.64225
20161219,-3.644125
20161220,-3.643375
20161221,-3.6438749999999995
20161222,-3.6475
20161223,-3.6355
20161224,-3.6297499999999996
20161225,-3.6249999999999996
20161226,-3.64525
20161227,-3.6741249999999996
20161228,-3.6747500000000004
20161229,-3.6824999999999997
20161230,-3.681625
20161231,-3.668125
20170101,-3.6661249999999996
20170102,-3.66075
20170103,-3.667125
20170104,-3.655625
20170105,-3.68325
20170106,-3.6882499999999996
20170107,-3.6809999999999996
20170108,-3.67575
20170109,-3.64025
20170110,-3.598625
20170111,-3.5653749999999995
20170112,-3.549125
20170113,-3.51675
20170114,-3.50475
20170115,-3.4725
20170116,-3.4787500000000007
20170117,-3.500125
20170118,-3.517125
20170119,-3.5556250000000005
20170120,-3.5858749999999997
20170121,-3.572375
20170122,-3.574625
20170123,-3.5806249999999995
20170124,-3.54175
20170125,-3.5985
20170126,-3.60375
20170127,-3.6002500000000004
20170128,-3.6137499999999996
20170129,-3.6425
20170130,-3.6218749999999997
20170131,-3.27025
20170201,-3.55325
20170202,-3.4682500000000003
20170203,-3.5303750000000003
20170204,-3.5402500000000003
20170205,-3.532625
20170206,-3.541375
20170207,-3.54625
20170208,-3.565
20170209,-3.5107500000000003
20170210,-3.582375
20170211,-3.5975
20170212,-3.6127500000000006
20170213,-3.63525
20170214,-3.634375
20170215,-3.635375
20170216,-3.6279999999999997
20170217,-3.629875
20170218,-3.643875
20170219,-3.6385000000000005
20170220,-3.593125
20170221,-3.5997500000000002
20170222,-3.5865
20170223,-3.533375
20170224,-3.505875
20170225,-3.4838750000000003
20170226,-3.44
20170227,-3.4167499999999995
20170228,-3.3965
20170301,-3.4124999999999996
20170302,-3.405125
20170303,-3.405625
20170304,-3.3954999999999997
20170305,-3.3982499999999995
20170306,-3.414375
20170307,-3.4449999999999994
20170308,-3.4535
20170309,-3.4335
20170310,-3.4795000000000003
20170311,-3.4861250000000004
20170312,-3.4895000000000005
20170313,-3.52575
20170314,-3.5411249999999996
20170315,-3.568875
20170316,-3.5683749999999996
20170317,-3.56975
20170318,-3.5374999999999996
20170319,-3.5113749999999997
20170320,-3.4887499999999996
20170321,-3.475125
20170322,-3.4938750000000005
20170323,-3.5231250000000003
20170324,-3.54525
20170325,-3.562375
20170326,-3.5713749999999997
20170327,-3.5891249999999997
20170328,-3.596625
20170329,-3.6166249999999995
20170330,-3.6275
20170331,-3.6266249999999998
20170401,-3.653875
20170402,-3.663375
20170403,-3.678125
20170404,-3.6814999999999993
20170405,-3.6919999999999997
20170406,-3.7023749999999995
20170407,-3.680875
20170408,-3.7053749999999996
20170409,-3.705375
20170410,-3.7049999999999996
20170411,-3.7235
20170412,-3.708
20170413,-3.709375
20170414,-3.65075
20170415,-3.7047500000000007
20170416,-3.714
20170417,-3.716625
20170418,-3.7352499999999997
20170419,-3.7507500000000005
20170420,-3.6996249999999997
20170421,-3.7216250000000004
20170422,-3.740625
20170423,-3.7477500000000004
20170424,-3.729625
20170425,-3.7131250000000002
20170426,-3.6811249999999998
20170427,-3.585125
20170428,-3.728875
20170429,-3.7437500000000004
20170430,-3.744125
20170501,-3.7520000000000007
20170502,-3.7739999999999996
20170503,-3.79125
20170504,-3.798
20170505,-3.7732500000000004
20170506,-3.660875
20170507,-3.677125
20170508,-3.69025
20170509,-3.6863750000000004
20170510,-3.6625
20170511,-3.6543750000000004
20170512,-3.658625
20170513,-3.665
20170514,-3.6757500000000007
20170515,-3.6828749999999997
20170516,-3.6800000000000006
20170517,-3.6721250000000003
20170518,-3.6661250000000005
20170519,-3.65825
20170520,-3.685625
20170521,-3.7015
20170522,-3.6994999999999996
20170523,-3.7095
20170524,-3.7225
20170525,-3.71975
20170526,-3.71225
20170527,-3.7108749999999997
20170528,-3.730125
20170529,-3.7296250000000004
20170530,-3.728125
20170531,-3.7572499999999995
20170601,-3.76225
20170602,-3.80675
20170603,-3.75425
20170604,-3.7601250000000004
20170605,-3.75775
20170606,-3.73675
20170607,-3.742375
20170608,-3.6703750000000004
20170609,-3.7021249999999997
20170610,-3.6935000000000002
20170611,-3.684125
20170612,-3.7250000000000005
20170613,-3.778125
20170614,-3.7432500000000006
20170615,-3.3547500000000006
20170616,-3.220875
20170617,-3.6435
20170618,-3.690125
20170619,-3.732875
20170620,-3.770375
20170621,-3.39
20170622,-3.268875
20170623,-3.565
20170624,-3.8498750000000004
20170625,-3.8672500000000003
20170626,-3.7647500000000007
20170627,-3.39725
20170628,-3.127625
20170629,-3.4258750000000004
20170630,-3.6190000000000007
20170701,-3.608625
20170702,-3.55925
20170703,-3.16425
20170704,-3.0067500000000003
20170705,-3.380125
20170706,-3.611125
20170707,-3.6621249999999996
20170708,-3.6435
20170709,-3.2595
20170710,-3.088625
20170711,-3.3468750000000003
20170712,-3.676625
20170713,-3.68575
20170714,-3.679
20170715,-3.27175
20170716,-3.08975
20170717,-3.452125
20170718,-3.679125
20170719,-3.696875
20170720,-3.665125
20170721,-3.2868749999999998
20170722,-3.1228750000000005
20170723,-3.4795
20170724,-3.6853749999999996
20170725,-3.6553749999999994
20170726,-3.6454999999999997
20170727,-3.2095
20170728,-3.092125
20170729,-3.35575
20170730,-3.6551249999999995
20170731,-3.686
20170801,-3.6496249999999995
20170802,-3.270625
20170803,-3.0886250000000004
20170804,-3.45475
20170805,-3.70275
20170806,-3.75125
20170807,-3.7163749999999993
20170808,-3.310125
20170809,-3.105875
20170810,-3.4745000000000004
20170811,-3.7448749999999995
20170812,-3.769
20170813,-3.7416249999999995
20170814,-3.3503749999999997
20170815,-3.17875
20170816,-3.552375
20170817,-3.763
20170818,-3.786375
20170819,-3.7477499999999995
20170820,-3.35875
20170821,-3.1898750000000002
20170822,-3.54125
20170823,-3.754625
20170824,-3.7952500000000002
20170825,-3.7266250000000007
20170826,-3.27675
20170827,-3.20875
20170828,-3.5692500000000003
20170829,-3.71975
20170830,-3.71275
20170831,-3.735125
20170901,-3.3287500000000008
20170902,-3.151
20170903,-3.494875
20170904,-3.72075
20170905,-3.75125
20170906,-3.756875
20170907,-3.7008750000000004
20170908,-3.2382500000000003
20170909,-2.965875
20170910,-3.2748749999999993
20170911,-3.46075
20170912,-3.48275
20170913,-3.2944999999999998
20170914,-2.8005
20170915,-2.70375
20170916,-3.117375
20170917,-3.3311250000000006
20170918,-3.36
20170919,-3.334375
20170920,-2.953875
20170921,-2.7947499999999996
20170922,-3.1987500000000004
20170923,-3.445125
20170924,-3.5033749999999997
20170925,-3.460625
20170926,-3.0997500000000002
20170927,-2.910125
20170928,-3.1700000000000004
20170929,-3.524
20170930,-3.541625
20171001,-3.472875
20171002,-3.059625
20171003,-2.8895
20171004,-3.2175000000000002
20171005,-3.4635000000000002
20171006,-3.394125
20171007,-3.40525
20171008,-2.993125
20171009,-2.8261249999999998
20171010,-2.8953750000000005
20171011,-2.8977500000000003
20171012,-2.8882499999999998
20171013,-2.943
20171014,-2.967
20171015,-2.9821250000000004
20171016,-2.9060000000000006
20171017,-2.9818749999999996
20171018,-3.083875
20171019,-3.030875
20171020,-3.02675
20171021,-2.89975
20171022,-2.9131250000000004
20171023,-2.91875
20171024,-2.83775
20171025,-2.8735
20171026,-2.902625
20171027,-2.836
20171028,-2.88025
20171029,-2.9285000000000005
20171030,-2.9126250000000002
20171031,-2.966625
20171101,-2.983125
20171102,-2.911875
20171103,-2.98075
20171104,-3.0080000000000005
20171105,-2.949
20171106,-3.006375
20171107,-3.01175
20171108,-2.91
20171109,-2.97625
20171110,-3.0069999999999997
20171111,-2.9099999999999997
20171112,-2.9347499999999997
20171113,-2.930375
20171114,-2.806375
20171115,-2.871125
20171116,-2.896125
20171117,-2.8192500000000003
20171118,-2.853875
20171119,-2.8687499999999995
20171120,-2.768
20171121,-2.8038749999999997
20171122,-2.79075
20171123,-2.596625
20171124,-2.808375
20171125,-2.8446249999999997
20171126,-2.7781249999999997
20171127,-2.79725
20171128,-2.8135000000000003
20171129,-2.7497499999999997
20171130,-2.805625
20171201,-2.869625
20171202,-2.7971250000000003
20171203,-2.8562499999999997
20171204,-2.9005
20171205,-2.837625
20171206,-2.8925
20171207,-2.8759999999999994
20171208,-2.77325
20171209,-2.7990000000000004
20171210,-2.815375
20171211,-2.76875
20171212,-2.8455
20171213,-2.692875
20171214,-2.719875
20171215,-2.784
20171216,-2.8525000000000005
20171217,-2.803875
20171218,-2.8622500000000004
20171219,-2.901625
20171220,-2.811125
20171221,-2.87775
20171222,-2.8825
20171223,-2.8386250000000004
20171224,-2.902625
20171225,-2.9166250000000002
20171226,-2.82225
20171227,-2.885375
20171228,-2.9205
20171229,-2.8363750000000003
20171230,-2.8711249999999997
20171231,-2.861375
20180101,-2.76525
20180102,-2.8277500000000004
20180103,-2.79775
20180104,-2.7255000000000003
20180105,-2.792
20180106,-2.8417499999999998
20180107,-2.796625
20180108,-2.8788750000000003
20180109,-2.9088749999999997
20180110,-2.8658750000000004
20180111,-2.9539999999999993
20180112,-2.9945
20180113,-2.903625
20180114,-2.956125
20180115,-2.9486250000000003
20180116,-2.8275
20180117,-2.8996250000000003
20180118,-2.8213750000000006
20180119,-2.8602499999999997
20180120,-2.7812499999999996
20180121,-2.868125
20180122,-2.89825
20180123,-2.856
20180124,-2.888875
20180125,-2.876625
20180126,-2.803625
20180127,-2.8531250000000004
20180128,-2.899875
20180129,-2.8315
20180130,-2.885625
20180131,-2.86875
20180201,-2.7856250000000005
20180202,-2.84775
20180203,-2.902375
20180204,-2.87525
20180205,-2.9295
20180206,-2.949375
20180207,-2.903
20180208,-2.977125
20180209,-3.0185
20180210,-2.980125
20180211,-2.9938749999999996
20180212,-3.0294999999999996
20180213,-2.934875
20180214,-2.998
20180215,-3.0275
20180216,-2.986428571428571
20180217,-3.0453749999999995
20180218,-3.0665
20180219,-2.981625
20180220,-3.0465
20180221,-3.09575
20180222,-3.0412500000000002
20180223,-3.090375
20180224,-3.134625
20180225,-3.0487500000000005
20180226,-3.113625
20180227,-3.151875
20180228,-3.0824999999999996
20180301,-3.14325
20180302,-3.13775
20180303,-3.05925
20180304,-3.10125
20180305,-3.1365
20180306,-3.071125
20180307,-3.114375
20180308,-3.1262499999999998
20180309,-3.017375
20180310,-3.039375
20180311,-3.05025
20180312,-2.98675
20180313,-3.056875
20180314,-3.1025
20180315,-3.014375
20180316,-3.080375
20180317,-3.11275
20180318,-3.026625
20180319,-3.12525
20180320,-3.1403749999999997
20180321,-3.1185
20180322,-3.1341250000000005
20180323,-3.14275
20180324,-3.127
20180325,-3.1652500000000003
20180326,-3.2104999999999997
20180327,-3.230875
20180328,-3.351
20180329,-3.49925
20180330,-3.310625
20180331,-3.0220000000000002
20180401,-3.2201250000000003
20180402,-3.5015
20180403,-3.460125
20180404,-3.4765
20180405,-3.311375
20180406,-3.0336250000000002
20180407,-3.11875
20180408,-3.296
20180409,-3.411375
20180410,-3.542125
20180411,-3.388125
20180412,-3.1168750000000003
20180413,-3.2177500000000006
20180414,-3.411
20180415,-3.5021249999999995
20180416,-3.627125
20180417,-3.4139999999999997
20180418,-3.1771249999999998
20180419,-3.3273750000000004
20180420,-3.4612499999999997
20180421,-3.5855
20180422,-3.69875
20180423,-3.4768749999999997
20180424,-3.237875
20180425,-3.3613750000000002
20180426,-3.483625
20180427,-3.5977500000000004
20180428,-3.7178750000000003
20180429,-3.48525
20180430,-3.1799999999999997
20180501,-3.28425
20180502,-3.4044999999999996
20180503,-3.5345
20180504,-3.6638749999999995
20180505,-3.401625
20180506,-3.1355
20180507,-3.335875
20180508,-3.4535
20180509,-3.5741249999999996
20180510,-3.7022500000000003
20180511,-3.43575
20180512,-3.172875
20180513,-3.3316250000000003
20180514,-3.4517499999999997
20180515,-3.5625
20180516,-3.699625
20180517,-3.435125
20180518,-3.163
20180519,-3.3394999999999992
20180520,-3.4896249999999998
20180521,-3.6014999999999997
20180522,-3.7375
20180523,-3.4995
20180524,-3.244999999999999
20180525,-3.39075
20180526,-3.5566250000000004
20180527,-3.683625
20180528,-3.81
20180529,-3.5568750000000007
20180530,-3.22975
20180531,-3.316
20180601,-3.380125
20180602,-3.466125
20180603,-3.5802500000000004
20180604,-3.31075
20180605,-3.04625
20180606,-3.2126249999999996
20180607,-3.3797500000000005
20180608,-3.516625
20180609,-3.664625
20180610,-3.4046250000000002
20180611,-3.1938750000000002
20180612,-3.367
20180613,-3.5246250000000003
20180614,-3.628375
20180615,-3.7722499999999997
20180616,-3.5522500000000004
20180617,-3.2885
20180618,-3.439125
20180619,-3.5709999999999997
20180620,-3.6962499999999996
20180621,-3.8211250000000003
20180622,-3.57675
20180623,-3.3103749999999996
20180624,-3.4635
20180625,-3.6001250000000007
20180626,-3.726875
20180627,-3.8546250000000004
20180628,-3.586875
20180629,-3.320375
20180630,-3.4826249999999996
20180701,-3.6247499999999997
20180702,-3.752
20180703,-3.934375
20180704,-3.651125
20180705,-3.356625
20180706,-3.510125
20180707,-3.676
20180708,-3.8096250000000005
20180709,-3.91775
20180710,-3.65925
20180711,-3.36925
20180712,-3.5612500000000002
20180713,-3.7455
20180714,-3.8500000000000005
20180715,-3.974875
20180716,-3.7319999999999998
20180717,-3.775
20180718,-3.9563750000000004
20180719,-3.96575
20180720,-3.930125
20180721,-3.954125
20180722,-3.9692499999999997
20180723,-3.975875
20180724,-3.9825000000000004
20180725,-3.992875
20180726,-4.000875
20180727,-4.000875
20180728,-3.7852500000000004
20180729,-3.651
20180730,-3.853625
20180731,-3.87
20180801,-3.911125
20180802,-3.825625
20180803,-3.64625
20180804,-3.473625
20180805,-3.7638749999999996
20180806,-4.0025
20180807,-4.008
20180808,-3.830125
20180809,-3.499875
20180810,-3.539375
20180811,-3.6601250000000003
20180812,-3.654
20180813,-3.5705
20180814,-3.516125
20180815,-3.2659999999999996
20180816,-3.38025
20180817,-3.6126250000000004
20180818,-3.653375
20180819,-3.5836249999999996
20180820,-3.5382499999999997
20180821,-3.2902499999999995
20180822,-3.41675
20180823,-3.6205
20180824,-3.661875
20180825,-3.583
20180826,-3.5210000000000004
20180827,-3.2629999999999995
20180828,-3.3887500000000004
20180829,-3.5712499999999996
20180830,-3.7167499999999998
20180831,-3.734375
20180901,-3.6014999999999997
20180902,-3.289125
20180903,-3.189875
20180904,-3.525875
20180905,-3.681
20180906,-3.7632499999999998
20180907,-3.6189999999999998
20180908,-3.3001249999999995
20180909,-3.192
20180910,-3.53275
20180911,-3.7832500000000002
20180912,-3.759625
20180913,-3.6151250000000004
20180914,-3.31025
20180915,-3.19675
20180916,-3.5265000000000004
20180917,-3.7790000000000004
20180918,-3.7954999999999997
