3443
2
date,-9999
head_nap,-9999.0
20070925,-3.09
20080117,-2.55
20080416,-2.81
20080423,-2.854
20080424,-2.867
20080425,-2.88
20080426,-2.888
20080427,-2.88
20080428,-2.894
20080429,-2.909
20080430,-2.903
20080501,-2.925
20080502,-2.944
20080503,-2.947
20080504,-2.953
20080505,-2.956
20080506,-2.97
20080507,-2.973
20080508,-2.979
20080509,-2.982
20080510,-2.988
20080511,-3.007
20080512,-3.004
20080513,-3.008
20080514,-3.017
20080515,-3.016
20080516,-3.032
20080517,-3.031
20080518,-3.037
20080519,-3.042
20080520,-3.035
20080521,-3.036
20080522,-3.035
20080523,-3.055
20080524,-3.049
20080525,-3.062
20080526,-3.069
20080527,-3.068
20080528,-3.059
20080529,-3.09
20080530,-3.082
20080531,-3.089
20080601,-3.081
20080602,-3.074
20080603,-3.095
20080604,-3.083
20080605,-3.083
20080606,-3.085
20080607,-3.098
20080608,-3.1
20080609,-3.104
20080610,-3.111
20080611,-3.123
20080612,-3.124
20080613,-3.13
20080614,-3.123
20080615,-3.142
20080616,-3.139
20080617,-3.134
20080618,-3.133
20080619,-3.14
20080620,-3.142
20080621,-3.139
20080622,-3.147
20080623,-3.159
20080624,-3.158
20080625,-3.159
20080626,-3.168
20080627,-3.175
20080628,-3.169
20080629,-3.162
20080630,-3.176
20080701,-3.173
20080702,-3.18
20080703,-3.2
20080704,-3.184
20080705,-3.174
20080706,-3.183
20080707,-3.195
20080708,-3.141
20080709,-3.121
20080710,-3.106
20080711,-3.104
20080712,-3.116
20080713,-3.104
20080714,-3.099
20080715,-3.1
20080716,-3.112
20080717,-3.099
20080718,-3.098
20080719,-3.103
20080720,-3.067
20080721,-3.05
20080722,-3.053
20080723,-3.041
20080724,-3.03
20080725,-3.036
20080726,-3.036
20080727,-2.875
20080728,-2.772
20080729,-2.755
20080730,-2.769
20080731,-2.774
20080801,-2.805
20080802,-2.821
20080803,-2.833
20080804,-2.851
20080805,-2.815
20080806,-2.796
20080807,-2.795
20080808,-2.824
20080809,-2.817
20080810,-2.811
20080811,-2.789
20080812,-2.761
20080813,-2.782
20080814,-2.736
20080815,-2.673
20080816,-2.673
20080817,-2.705
20080818,-2.731
20080819,-2.757
20080820,-2.775
20080821,-2.668
20080822,-2.619
20080823,-2.62
20080824,-2.642
20080825,-2.695
20080826,-2.722
20080827,-2.733
20080828,-2.758
20080829,-2.782
20080830,-2.795
20080831,-2.815
20080901,-2.842
20080902,-2.839
20080903,-2.854
20080904,-2.872
20080905,-2.89
20080906,-2.903
20080907,-2.904
20080908,-2.922
20080909,-2.914
20080910,-2.917
20080911,-2.922
20080912,-2.935
20080913,-2.949
20080914,-2.964
20080915,-2.959
20080916,-2.956
20080917,-2.965
20080918,-2.979
20080919,-2.986
20080920,-2.981
20080921,-2.991
20080922,-2.994
20080923,-2.997
20080924,-3.005
20080925,-3.012
20080926,-3.015
20080927,-3.009
20080928,-3.009
20080929,-3.005
20080930,-3.004
20081001,-3.017
20081002,-2.993
20081003,-2.93
20081004,-2.831
20081005,-2.777
20081006,-2.369
20081007,-2.347
20081008,-2.418
20081009,-2.468
20081010,-2.498
20081011,-2.552
20081012,-2.599
20081013,-2.639
20081014,-2.687
20081015,-2.697
20081016,-2.727
20081017,-2.687
20081018,-2.621
20081019,-2.653
20081020,-2.653
20081021,-2.721
20081022,-2.732
20081023,-2.733
20081024,-2.748
20081025,-2.754
20081026,-2.754
20081027,-2.731
20081028,-2.661
20081029,-2.483
20081030,-2.51
20081031,-2.568
20081101,-2.621
20081102,-2.658
20081103,-2.681
20081104,-2.71
20081105,-2.724
20081106,-2.741
20081107,-2.75
20081108,-2.765
20081109,-2.793
20081110,-2.784
20081111,-2.247
20081112,-2.173
20081113,-2.145
20081114,-2.179
20081115,-2.219
20081116,-2.295
20081117,-2.362
20081118,-2.41
20081119,-2.469
20081120,-2.5
20081121,-2.517
20081122,-2.327
20081123,-2.21
20081124,-2.297
20081125,-2.364
20081126,-2.404
20081127,-2.433
20081128,-2.479
20081129,-2.53
20081130,-2.564
20081201,-2.592
20081202,-2.607
20081203,-2.625
20081204,-2.571
20081205,-2.608
20081206,-2.637
20081207,-2.66
20081208,-2.643
20081209,-2.671
20081210,-2.571
20081211,-2.515
20081212,-2.565
20081213,-2.564
20081214,-2.634
20081215,-2.682
20081216,-2.679
20081217,-2.7
20081218,-2.712
20081219,-2.745
20081220,-2.738
20081221,-2.724
20081222,-2.731
20081223,-2.736
20081224,-2.746
20081225,-2.761
20081226,-2.777
20081227,-2.779
20081228,-2.788
20081229,-2.796
20081230,-2.811
20081231,-2.819
20090101,-2.831
20090102,-2.859
20090103,-2.852
20090104,-2.856
20090105,-2.889
20090106,-2.871
20090107,-2.888
20090108,-2.882
20090109,-2.89
20090110,-2.89
20090111,-2.893
20090112,-2.889
20090113,-2.908
20090114,-2.921
20090115,-2.919
20090116,-2.911
20090117,-2.891
20090118,-2.869
20090119,-2.821
20090120,-2.75
20090121,-2.687
20090122,-2.649
20090123,-2.625
20090124,-2.349
20090125,-2.349
20090126,-2.445
20090127,-2.517
20090128,-2.556
20090129,-2.594
20090130,-2.637
20090131,-2.663
20090201,-2.7
20090202,-2.71
20090203,-2.738
20090204,-2.753
20090205,-2.763
20090206,-2.787
20090207,-2.803
20090208,-2.804
20090209,-2.806
20090210,-2.821
20090211,-2.598
20090212,-2.576
20090213,-2.571
20090214,-2.582
20090215,-2.596
20090216,-2.578
20090217,-2.384
20090218,-2.345
20090219,-2.408
20090220,-2.462
20090221,-2.476
20090222,-2.528
20090223,-2.558
20090224,-2.606
20090225,-2.627
20090226,-2.65
20090227,-2.677
20090228,-2.678
20090301,-2.678
20090302,-2.69
20090303,-2.647
20090304,-2.641
20090305,-2.697
20090306,-2.702
20090307,-2.678
20090308,-2.679
20090309,-2.613
20090310,-2.577
20090311,-2.598
20090312,-2.591
20090313,-2.618
20090314,-2.634
20090315,-2.682
20090316,-2.697
20090317,-2.725
20090318,-2.729
20090319,-2.759
20090320,-2.762
20090321,-2.768
20090322,-2.783
20090323,-2.77
20090324,-2.833
20090325,-2.811
20090326,-2.802
20090327,-2.74
20090328,-2.676
20090329,-2.441
20090330,-2.439
20090331,-2.506
20090401,-2.562
20090402,-2.608
20090403,-2.643
20090404,-2.689
20090405,-2.717
20090406,-2.733
20090407,-2.766
20090408,-2.777
20090409,-2.806
20090410,-2.814
20090411,-2.853
20090412,-2.853
20090413,-2.867
20090414,-2.883
20090415,-2.894
20090416,-2.897
20090417,-2.914
20090418,-2.937
20090419,-2.931
20090420,-2.941
20090421,-2.951
20090422,-2.951
20090423,-2.961
20090424,-2.97
20090425,-2.977
20090426,-2.983
20090427,-2.987
20090428,-3.003
20090429,-3.013
20090430,-3.014
20090501,-3.018
20090502,-3.028
20090503,-3.019
20090504,-3.024
20090505,-3.019
20090506,-3.032
20090507,-3.032
20090508,-3.023
20090509,-3.03
20090510,-3.05
20090511,-3.048
20090512,-3.051
20090513,-3.051
20090514,-3.053
20090515,-3.045
20090516,-3.049
20090517,-3.058
20090518,-3.048
20090519,-3.034
20090520,-3.025
20090521,-3.026
20090522,-3.031
20090523,-3.039
20090524,-3.039
20090525,-3.017
20090526,-3.019
20090527,-3.023
20090528,-3.036
20090529,-3.012
20090530,-3.002
20090531,-3.001
20090601,-3.011
20090602,-3.009
20090603,-3.006
20090604,-3.007
20090605,-3.011
20090606,-3.017
20090607,-3.025
20090608,-3.031
20090609,-3.031
20090610,-3.052
20090611,-3.057
20090612,-3.042
20090613,-3.032
20090614,-3.035
20090615,-3.033
20090616,-3.05
20090617,-3.025
20090618,-3.037
20090619,-3.034
20090620,-3.036
20090621,-3.045
20090622,-3.056
20090623,-3.053
20090624,-3.036
20090625,-3.039
20090626,-3.05
20090627,-3.054
20090628,-3.049
20090629,-3.049
20090630,-3.063
20090701,-3.064
20090702,-3.059
20090703,-3.054
20090704,-3.062
20090705,-3.063
20090706,-3.062
20090707,-3.061
20090708,-3.054
20090709,-3.04
20090710,-3.045
20090711,-2.899
20090712,-2.863
20090713,-2.851
20090714,-2.836
20090715,-2.849
20090716,-2.869
20090717,-2.88
20090718,-2.901
20090719,-2.918
20090720,-2.948
20090721,-2.95
20090722,-2.969
20090723,-2.977
20090724,-2.99
20090725,-3.001
20090726,-2.987
20090727,-2.993
20090728,-3.009
20090729,-3.007
20090730,-3.023
20090731,-3.02
20090801,-3.015
20090802,-3.037
20090803,-3.037
20090804,-3.048
20090805,-3.038
20090806,-3.05
20090807,-3.054
20090808,-3.066
20090809,-3.07
20090810,-3.068
20090811,-3.084
20090812,-3.072
20090813,-3.083
20090814,-3.082
20090815,-3.079
20090816,-3.094
20090817,-3.105
20090818,-3.107
20090819,-3.109
20090820,-3.118
20090821,-3.125
20090822,-3.132
20090823,-3.13
20090824,-3.142
20090825,-3.164
20090826,-3.139
20090827,-3.151
20090828,-3.162
20090829,-3.161
20090830,-3.156
20090831,-3.15
20090901,-3.167
20090902,-3.142
20090903,-3.131
20090904,-3.144
20090905,-3.148
20090906,-3.091
20090907,-3.074
20090908,-3.078
20090909,-3.106
20090910,-3.101
20090911,-3.1
20090912,-3.104
20090913,-3.113
20090914,-3.133
20090915,-3.129
20090916,-3.152
20090917,-3.147
20090918,-3.144
20090919,-3.152
20090920,-3.18
20090921,-3.158
20090922,-3.167
20090923,-3.168
20090924,-3.161
20090925,-3.153
20090926,-3.15
20090927,-3.148
20090928,-3.15
20090929,-3.147
20090930,-3.134
20091001,-3.158
20091002,-3.151
20091003,-3.119
20091004,-3.146
20091005,-3.132
20091006,-3.135
20091007,-3.163
20091008,-3.156
20091009,-3.143
20091010,-3.152
20091011,-3.133
20091012,-3.166
20091013,-3.162
20091014,-3.145
20091015,-3.144
20091016,-3.14
20091017,-3.14
20091018,-3.129
20091019,-3.132
20091020,-3.128
20091021,-3.128
20091022,-3.143
20091023,-3.148
20091024,-3.128
20091025,-3.136
20091026,-3.141
20091027,-3.13
20091028,-3.116
20091029,-3.127
20091030,-3.125
20091031,-3.111
20091101,-3.09
20091102,-3.107
20091103,-3.094
20091104,-3.103
20091105,-3.101
20091106,-3.101
20091107,-3.087
20091108,-3.09
20091109,-3.08
20091110,-3.057
20091111,-3.038
20091112,-2.985
20091113,-2.922
20091114,-2.875
20091115,-2.812
20091116,-2.746
20091117,-2.715
20091118,-2.663
20091119,-2.642
20091120,-2.628
20091121,-2.626
20091122,-2.639
20091123,-2.595
20091124,-2.515
20091125,-2.468
20091126,-2.48
20091127,-2.465
20091128,-2.348
20091129,-2.353
20091130,-2.416
20091201,-2.503
20091202,-2.535
20091203,-2.572
20091204,-2.619
20091205,-2.588
20091206,-2.473
20091207,-2.37
20091208,-2.41
20091209,-2.395
20091210,-2.427
20091211,-2.374
20091212,-2.417
20091213,-2.487
20091214,-2.545
20091215,-2.597
20091216,-2.616
20091217,-2.674
20091218,-2.711
20091219,-2.733
20091220,-2.729
20091221,-2.775
20091222,-2.786
20091223,-2.809
20091224,-2.809
20091225,-2.83
20091226,-2.403
20091227,-2.054
20091228,-1.976
20091229,-2.057
20091230,-2.183
20091231,-2.26
20100101,-2.333
20100102,-2.402
20100103,-2.478
20100104,-2.502
20100105,-2.54
20100106,-2.585
20100107,-2.63
20100108,-2.662
20100109,-2.675
20100110,-2.699
20100111,-2.711
20100112,-2.712
20100113,-2.725
20100114,-2.747
20100115,-2.767
20100116,-2.756
20100117,-2.791
20100118,-2.786
20100119,-2.669
20100120,-2.478
20100121,-2.467
20100122,-2.499
20100123,-2.557
20100124,-2.613
20100125,-2.671
20100126,-2.714
20100127,-2.7
20100128,-2.726
20100129,-2.739
20100130,-2.77
20100131,-2.781
20100201,-2.801
20100202,-2.757
20100203,-2.693
20100204,-2.659
20100205,-2.626
20100206,-2.631
20100207,-2.618
20100208,-2.632
20100209,-2.672
20100210,-2.725
20100211,-2.746
20100212,-2.784
20100213,-2.799
20100214,-2.82
20100215,-2.823
20100216,-2.833
20100217,-2.847
20100218,-2.872
20100219,-2.905
20100220,-2.889
20100221,-2.892
20100222,-2.896
20100223,-2.847
20100224,-2.833
20100225,-2.819
20100226,-2.786
20100227,-2.764
20100228,-2.707
20100301,-2.52
20100302,-2.456
20100303,-2.487
20100304,-2.544
20100305,-2.567
20100306,-2.587
20100307,-2.572
20100308,-2.61
20100309,-2.628
20100310,-2.654
20100311,-2.676
20100312,-2.702
20100313,-2.727
20100314,-2.738
20100315,-2.744
20100316,-2.769
20100317,-2.758
20100318,-2.776
20100319,-2.786
20100320,-2.785
20100321,-2.821
20100322,-2.768
20100323,-2.772
20100324,-2.77
20100325,-2.778
20100326,-2.796
20100327,-2.807
20100328,-2.831
20100329,-2.837
20100330,-2.829
20100331,-2.836
20100401,-2.876
20100402,-2.862
20100403,-2.872
20100404,-2.887
20100405,-2.803
20100406,-2.754
20100407,-2.753
20100408,-2.785
20100409,-2.788
20100410,-2.806
20100411,-2.822
20100412,-2.837
20100413,-2.855
20100414,-2.869
20100415,-2.883
20100416,-2.893
20100417,-2.894
20100418,-2.897
20100419,-2.921
20100420,-2.917
20100421,-2.929
20100422,-2.928
20100423,-2.931
20100424,-2.951
20100425,-2.942
20100426,-2.963
20100427,-2.963
20100428,-2.953
20100429,-2.954
20100430,-2.975
20100501,-2.975
20100502,-2.972
20100503,-2.989
20100504,-2.964
20100505,-2.925
20100506,-2.912
20100507,-2.9
20100508,-2.906
20100509,-2.894
20100510,-2.887
20100511,-2.883
20100512,-2.887
20100513,-2.708
20100514,-2.655
20100515,-2.649
20100516,-2.686
20100517,-2.726
20100518,-2.75
20100519,-2.779
20100520,-2.789
20100521,-2.811
20100522,-2.834
20100523,-2.841
20100524,-2.874
20100525,-2.881
20100526,-2.877
20100527,-2.899
20100528,-2.917
20100529,-2.916
20100530,-2.932
20100531,-2.957
20100601,-2.953
20100602,-2.971
20100603,-2.973
20100604,-2.976
20100605,-2.983
20100606,-2.981
20100607,-3.003
20100608,-2.992
20100609,-3.003
20100610,-3.004
20100611,-3.005
20100612,-3.018
20100613,-3.015
20100614,-3.028
20100615,-3.038
20100616,-3.036
20100617,-3.032
20100618,-3.029
20100619,-3.042
20100620,-3.062
20100621,-3.059
20100622,-3.051
20100623,-3.059
20100624,-3.047
20100625,-3.067
20100626,-3.066
20100627,-3.072
20100628,-3.076
20100629,-3.082
20100630,-3.072
20100701,-3.076
20100702,-3.089
20100703,-3.098
20100704,-3.088
20100705,-3.096
20100706,-3.101
20100707,-3.098
20100708,-3.113
20100709,-3.112
20100710,-3.126
20100711,-3.103
20100712,-3.103
20100713,-3.079
20100714,-3.073
20100715,-3.089
20100716,-3.089
20100717,-3.098
20100718,-3.087
20100719,-3.087
20100720,-3.092
20100721,-3.109
20100722,-3.122
20100723,-3.122
20100724,-3.135
20100725,-3.134
20100726,-3.139
20100727,-3.139
20100728,-3.145
20100729,-3.153
20100730,-3.137
20100731,-3.134
20100801,-3.142
20100802,-3.141
20100803,-3.138
20100804,-3.127
20100805,-3.138
20100806,-3.126
20100807,-3.124
20100808,-3.126
20100809,-3.112
20100810,-3.111
20100811,-3.125
20100812,-3.102
20100813,-3.102
20100814,-3.105
20100815,-3.117
20100816,-3.117
20100817,-3.109
20100818,-3.106
20100819,-3.113
20100820,-3.104
20100821,-3.11
20100822,-3.104
20100823,-3.085
20100824,-3.117
20100825,-3.11
20100826,-3.104
20100827,-3.083
20100828,-3.001
20100829,-2.936
20100830,-2.534
20100831,-2.36
20100901,-2.369
20100902,-2.418
20100903,-2.458
20100904,-2.512
20100905,-2.563
20100906,-2.588
20100907,-2.626
20100908,-2.665
20100909,-2.712
20100910,-2.721
20100911,-2.732
20100912,-2.776
20100913,-2.781
20100914,-2.796
20100915,-2.502
20100916,-2.347
20100917,-2.341
20100918,-2.365
20100919,-2.42
20100920,-2.442
20100921,-2.421
20100922,-2.469
20100923,-2.528
20100924,-2.452
20100925,-2.344
20100926,-2.402
20100927,-2.476
20100928,-2.472
20100929,-2.516
20100930,-2.561
20101001,-2.597
20101002,-2.643
20101003,-2.632
20101004,-2.654
20101005,-2.684
20101006,-2.696
20101007,-2.728
20101008,-2.734
20101009,-2.749
20101010,-2.783
20101011,-2.796
20101012,-2.811
20101013,-2.828
20101014,-2.841
20101015,-2.839
20101016,-2.881
20101017,-2.871
20101018,-2.87
20101019,-2.88
20101020,-2.779
20101021,-2.492
20101022,-2.297
20101023,-2.318
20101024,-2.385
20101025,-2.434
20101026,-2.461
20101027,-2.501
20101028,-2.489
20101029,-2.479
20101030,-2.536
20101031,-2.57
20101101,-2.632
20101102,-2.631
20101103,-2.678
20101104,-2.657
20101105,-2.51
20101106,-2.295
20101107,-2.28
20101108,-2.336
20101109,-2.453
20101110,-2.541
20101111,-2.524
20101112,-2.328
20101113,-2.369
20101114,-2.327
20101115,-2.231
20101116,-2.307
20101117,-2.36
20101118,-2.434
20101119,-2.499
20101120,-2.539
20101121,-2.577
20101122,-2.602
20101123,-2.624
20101124,-2.617
20101125,-2.615
20101126,-2.631
20101127,-2.647
20101128,-2.68
20101129,-2.701
20101130,-2.712
20101201,-2.715
20101202,-2.744
20101203,-2.751
20101204,-2.757
20101205,-2.778
20101206,-2.796
20101207,-2.812
20101208,-2.825
20101209,-2.836
20101210,-2.788
20101211,-2.699
20101212,-2.706
20101213,-2.657
20101214,-2.69
20101215,-2.688
20101216,-2.641
20101217,-2.639
20101218,-2.631
20101219,-2.656
20101220,-2.698
20101221,-2.733
20101222,-2.751
20101223,-2.783
20101224,-2.813
20101225,-2.825
20101226,-2.835
20101227,-2.833
20101228,-2.864
20101229,-2.861
20101230,-2.869
20101231,-2.87
20110101,-2.855
20110102,-2.858
20110103,-2.868
20110104,-2.862
20110105,-2.864
20110106,-2.866
20110107,-2.827
20110108,-2.791
20110109,-2.766
20110110,-2.725
20110111,-2.686
20110112,-2.678
20110113,-2.634
20110114,-2.546
20110115,-2.345
20110116,-2.309
20110117,-2.373
20110118,-2.413
20110119,-2.449
20110120,-2.502
20110121,-2.537
20110122,-2.568
20110123,-2.591
20110124,-2.614
20110125,-2.613
20110126,-2.648
20110127,-2.665
20110128,-2.674
20110129,-2.687
20110130,-2.717
20110131,-2.742
20110201,-2.734
20110202,-2.745
20110203,-2.771
20110204,-2.758
20110205,-2.762
20110206,-2.761
20110207,-2.742
20110208,-2.792
20110209,-2.597
20110210,-2.61
20110211,-2.637
20110212,-2.62
20110213,-2.634
20110214,-2.625
20110215,-2.589
20110216,-2.576
20110217,-2.549
20110218,-2.558
20110219,-2.568
20110220,-2.58
20110221,-2.596
20110222,-2.623
20110223,-2.629
20110224,-2.653
20110225,-2.663
20110226,-2.646
20110227,-2.695
20110228,-2.691
20110301,-2.658
20110302,-2.631
20110303,-2.618
20110304,-2.619
20110305,-2.631
20110306,-2.653
20110307,-2.645
20110308,-2.646
20110309,-2.657
20110310,-2.655
20110311,-2.691
20110312,-2.668
20110313,-2.692
20110314,-2.714
20110315,-2.696
20110316,-2.697
20110317,-2.716
20110318,-2.718
20110319,-2.72
20110320,-2.72
20110321,-2.733
20110322,-2.739
20110323,-2.741
20110324,-2.737
20110325,-2.735
20110326,-2.746
20110327,-2.747
20110328,-2.766
20110329,-2.758
20110330,-2.757
20110331,-2.745
20110401,-2.78
20110402,-2.756
20110403,-2.784
20110404,-2.796
20110405,-2.774
20110406,-2.787
20110407,-2.808
20110408,-2.792
20110409,-2.806
20110410,-2.801
20110411,-2.797
20110412,-2.824
20110413,-2.81
20110414,-2.809
20110415,-2.827
20110416,-2.828
20110417,-2.835
20110418,-2.827
20110419,-2.824
20110420,-2.842
20110421,-2.835
20110422,-2.835
20110423,-2.84
20110424,-2.854
20110425,-2.853
20110426,-2.864
20110427,-2.865
20110428,-2.864
20110429,-2.869
20110430,-2.872
20110501,-2.871
20110502,-2.886
20110503,-2.88
20110504,-2.89
20110505,-2.874
20110506,-2.87
20110507,-2.871
20110508,-2.872
20110509,-2.893
20110510,-2.88
20110511,-2.872
20110512,-2.872
20110513,-2.879
20110514,-2.884
20110515,-2.89
20110516,-2.884
20110517,-2.878
20110518,-2.861
20110519,-2.875
20110520,-2.862
20110521,-2.858
20110522,-2.877
20110523,-2.868
20110524,-2.898
20110525,-2.877
20110526,-2.909
20110527,-2.911
20110528,-2.864
20110529,-2.874
20110530,-2.865
20110531,-2.893
20110601,-2.875
20110602,-2.882
20110603,-2.883
20110604,-2.889
20110605,-2.892
20110606,-2.894
20110607,-2.893
20110608,-2.882
20110609,-2.888
20110610,-2.875
20110611,-2.89
20110612,-2.873
20110613,-2.875
20110614,-2.883
20110615,-2.875
20110616,-2.89
20110617,-2.866
20110618,-2.866
20110619,-2.87
20110620,-2.842
20110621,-2.839
20110622,-2.836
20110623,-2.833
20110624,-2.825
20110625,-2.81
20110626,-2.819
20110627,-2.798
20110628,-2.799
20110629,-2.815
20110630,-2.798
20110701,-2.794
20110702,-2.782
20110703,-2.795
20110704,-2.795
20110705,-2.788
20110706,-2.798
20110707,-2.795
20110708,-2.805
20110709,-2.806
20110710,-2.799
20110711,-2.813
20110712,-2.802
20110713,-2.818
20110714,-2.787
20110715,-2.782
20110716,-2.735
20110717,-2.738
20110718,-2.709
20110719,-2.694
20110720,-2.69
20110721,-2.682
20110722,-2.686
20110723,-2.688
20110724,-2.703
20110725,-2.613
20110726,-2.557
20110727,-2.53
20110728,-2.534
20110729,-2.543
20110730,-2.555
20110731,-2.583
20110801,-2.602
20110802,-2.622
20110803,-2.634
20110804,-2.637
20110805,-2.641
20110806,-2.61
20110807,-2.615
20110808,-2.61
20110809,-2.611
20110810,-2.564
20110811,-2.551
20110812,-2.475
20110813,-2.422
20110814,-2.436
20110815,-2.469
20110816,-2.476
20110817,-2.512
20110818,-2.522
20110819,-2.567
20110820,-2.566
20110821,-2.568
20110822,-2.603
20110823,-2.604
20110824,-2.626
20110825,-2.629
20110826,-2.629
20110827,-2.646
20110828,-2.649
20110829,-2.663
20110830,-2.65
20110831,-2.64
20110901,-2.617
20110902,-2.598
20110903,-2.627
20110904,-2.641
20110905,-2.657
20110906,-2.641
20110907,-2.677
20110908,-2.43
20110909,-2.173
20110910,-2.183
20110911,-2.229
20110912,-2.267
20110913,-2.341
20110914,-2.393
20110915,-2.45
20110916,-2.449
20110917,-2.469
20110918,-2.519
20110919,-2.537
20110920,-2.541
20110921,-2.534
20110922,-2.572
20110923,-2.578
20110924,-2.593
20110925,-2.616
20110926,-2.637
20110927,-2.646
20110928,-2.654
20110929,-2.667
20110930,-2.672
20111001,-2.691
20111002,-2.694
20111003,-2.71
20111004,-2.722
20111005,-2.719
20111006,-2.729
20111007,-2.732
20111008,-2.546
20111009,-2.395
20111010,-2.252
20111011,-2.155
20111012,-2.155
20111013,-2.217
20111014,-2.281
20111015,-2.336
20111016,-2.389
20111017,-2.43
20111018,-2.471
20111019,-2.423
20111020,-2.392
20111021,-2.326
20111022,-2.36
20111023,-2.417
20111024,-2.446
20111025,-2.492
20111026,-2.53
20111027,-2.536
20111028,-2.57
20111029,-2.561
20111030,-2.588
20111031,-2.592
20111101,-2.594
20111102,-2.618
20111103,-2.618
20111104,-2.642
20111105,-2.636
20111106,-2.667
20111107,-2.67
20111108,-2.676
20111109,-2.682
20111110,-2.702
20111111,-2.709
20111112,-2.719
20111113,-2.729
20111114,-2.733
20111115,-2.737
20111116,-2.744
20111117,-2.751
20111118,-2.757
20111119,-2.763
20111120,-2.772
20111121,-2.778
20111122,-2.778
20111123,-2.782
20111124,-2.788
20111125,-2.788
20111126,-2.786
20111127,-2.786
20111128,-2.799
20111129,-2.792
20111130,-2.806
20111201,-2.798
20111202,-2.782
20111203,-2.715
20111204,-2.603
20111205,-2.449
20111206,-2.28
20111207,-2.175
20111208,-2.114
20111209,-2.021
20111210,-2.067
20111211,-2.136
20111212,-2.208
20111213,-2.144
20111214,-2.006
20111215,-2.091
20111216,-2.034
20111217,-1.999
20111218,-1.963
20111219,-2.018
20111220,-1.978
20111221,-1.977
20111222,-2.062
20111223,-2.1
20111224,-1.917
20111225,-1.97
20111226,-2.072
20111227,-2.152
20111228,-2.191
20111229,-2.246
20111230,-2.165
20111231,-2.159
20120101,-2.152
20120102,-1.814
20120103,-1.794
20120104,-1.776
20120105,-1.599
20120106,-1.815
20120107,-1.765
20120108,-1.87
20120109,-1.916
20120110,-1.971
20120111,-2.02
20120112,-2.054
20120113,-2.112
20120114,-2.161
20120115,-2.204
20120116,-2.245
20120117,-2.277
20120118,-2.295
20120119,-2.296
20120120,-2.288
20120121,-2.243
20120122,-2.163
20120123,-2.187
20120124,-2.205
20120125,-2.247
20120126,-2.283
20120127,-2.264
20120128,-2.312
20120129,-2.335
20120130,-2.358
20120131,-2.385
20120201,-2.411
20120202,-2.42
20120203,-2.423
20120204,-2.436
20120205,-2.437
20120206,-2.445
20120207,-2.458
20120208,-2.453
20120209,-2.445
20120210,-2.447
20120211,-2.443
20120212,-2.427
20120213,-2.418
20120214,-2.433
20120215,-2.433
20120216,-2.444
20120217,-2.435
20120218,-2.412
20120219,-2.401
20120220,-2.364
20120221,-2.338
20120222,-2.299
20120223,-2.294
20120224,-2.307
20120225,-2.353
20120226,-2.403
20120227,-2.426
20120228,-2.45
20120229,-2.468
20120301,-2.482
20120302,-2.498
20120303,-2.501
20120304,-2.515
20120305,-2.524
20120306,-2.54
20120307,-2.523
20120308,-2.489
20120309,-2.438
20120310,-2.451
20120311,-2.475
20120312,-2.501
20120313,-2.519
20120314,-2.535
20120315,-2.54
20120316,-2.548
20120317,-2.555
20120318,-2.568
20120319,-2.588
20120320,-2.594
20120321,-2.608
20120322,-2.615
20120323,-2.621
20120324,-2.634
20120325,-2.643
20120326,-2.653
20120327,-2.659
20120328,-2.661
20120329,-2.665
20120330,-2.672
20120331,-2.678
20120401,-2.688
20120402,-2.696
20120403,-2.697
20120404,-2.714
20120405,-2.719
20120406,-2.718
20120407,-2.73
20120408,-2.733
20120409,-2.729
20120410,-2.733
20120411,-2.742
20120412,-2.749
20120413,-2.752
20120414,-2.76
20120415,-2.771
20120416,-2.773
20120417,-2.756
20120418,-2.761
20120419,-2.766
20120420,-2.776
20120421,-2.771
20120422,-2.783
20120423,-2.782
20120424,-2.788
20120425,-2.784
20120426,-2.782
20120427,-2.79
20120428,-2.794
20120429,-2.802
20120430,-2.803
20120501,-2.798
20120502,-2.801
20120503,-2.794
20120504,-2.788
20120505,-2.798
20120506,-2.804
20120507,-2.804
20120508,-2.795
20120509,-2.795
20120510,-2.788
20120511,-2.792
20120512,-2.8
20120513,-2.786
20120514,-2.78
20120515,-2.779
20120516,-2.787
20120517,-2.776
20120518,-2.772
20120519,-2.775
20120520,-2.783
20120521,-2.789
20120522,-2.793
20120523,-2.799
20120524,-2.796
20120525,-2.796
20120526,-2.791
20120527,-2.797
20120528,-2.802
20120529,-2.802
20120530,-2.793
20120531,-2.791
20120601,-2.791
20120602,-2.792
20120603,-2.792
20120604,-2.798
20120605,-2.8
20120606,-2.789
20120607,-2.791
20120608,-2.787
20120609,-2.784
20120610,-2.79
20120611,-2.793
20120612,-2.757
20120613,-2.742
20120614,-2.74
20120615,-2.727
20120616,-2.73
20120617,-2.733
20120618,-2.733
20120619,-2.732
20120620,-2.732
20120621,-2.727
20120622,-2.726
20120623,-2.719
20120624,-2.702
20120625,-2.649
20120626,-2.598
20120627,-2.577
20120628,-2.567
20120629,-2.578
20120630,-2.593
20120701,-2.611
20120702,-2.629
20120703,-2.645
20120704,-2.658
20120705,-2.667
20120706,-2.646
20120707,-2.652
20120708,-2.654
20120709,-2.661
20120710,-2.659
20120711,-2.566
20120712,-2.289
20120713,-2.24
20120714,-2.196
20120715,-2.208
20120716,-2.231
20120717,-2.095
20120718,-2.052
20120719,-1.976
20120720,-2.037
20120721,-2.127
20120722,-2.194
20120723,-2.248
20120724,-2.304
20120725,-2.349
20120726,-2.394
20120727,-2.418
20120728,-2.453
20120729,-2.479
20120730,-2.5
20120731,-2.497
20120801,-2.473
20120802,-2.471
20120803,-2.431
20120804,-2.434
20120805,-2.455
20120806,-2.301
20120807,-2.194
20120808,-2.19
20120809,-2.254
20120810,-2.308
20120811,-2.347
20120812,-2.379
20120813,-2.41
20120814,-2.445
20120815,-2.466
20120816,-2.497
20120817,-2.515
20120818,-2.528
20120819,-2.544
20120820,-2.57
20120821,-2.574
20120822,-2.586
20120823,-2.601
20120824,-2.61
20120825,-2.615
20120826,-2.635
20120827,-2.611
20120828,-2.592
20120829,-2.588
20120830,-2.594
20120831,-2.592
20120901,-2.406
20120902,-2.382
20120903,-2.414
20120904,-2.442
20120905,-2.48
20120906,-2.511
20120907,-2.532
20120908,-2.555
20120909,-2.568
20120910,-2.588
20120911,-2.603
20120912,-2.619
20120913,-2.645
20120914,-2.644
20120915,-2.664
20120916,-2.667
20120917,-2.682
20120918,-2.686
20120919,-2.699
20120920,-2.704
20120921,-2.71
20120922,-2.726
20120923,-2.725
20120924,-2.717
20120925,-2.683
20120926,-2.561
20120927,-2.529
20120928,-2.523
20120929,-2.534
20120930,-2.549
20121001,-2.566
20121002,-2.589
20121003,-2.597
20121004,-2.314
20121005,-2.138
20121006,-1.964
20121007,-2.022
20121008,-2.113
20121009,-2.198
20121010,-2.274
20121011,-2.329
20121012,-2.369
20121013,-2.168
20121014,-2.109
20121015,-2.028
20121016,-2.079
20121017,-2.162
20121018,-2.232
20121019,-2.031
20121020,-2.082
20121021,-2.175
20121022,-2.253
20121023,-2.31
20121024,-2.353
20121025,-2.386
20121026,-2.411
20121027,-2.445
20121028,-2.465
20121029,-2.471
20121030,-2.136
20121031,-2.154
20121101,-2.226
20121102,-2.311
20121103,-2.258
20121104,-2.257
20121105,-2.061
20121106,-2.037
20121107,-2.013
20121108,-2.088
20121109,-2.171
20121110,-2.226
20121111,-2.294
20121112,-2.334
20121113,-2.354
20121114,-2.383
20121115,-2.408
20121116,-2.428
20121117,-2.442
20121118,-2.478
20121119,-2.49
20121120,-2.501
20121121,-2.51
20121122,-2.523
20121123,-2.534
20121124,-2.551
20121125,-2.527
20121126,-2.518
20121127,-2.525
20121128,-2.536
20121129,-2.558
20121130,-2.561
20121201,-2.564
20121202,-2.33
20121203,-2.246
20121204,-2.269
20121205,-2.176
20121206,-2.203
20121207,-2.246
20121208,-2.33
20121209,-2.263
20121210,-2.048
20121211,-2.067
20121212,-2.128
20121213,-2.059
20121214,-2.144
20121215,-1.977
20121216,-2.041
20121217,-2.024
20121218,-1.982
20121219,-2.085
20121220,-2.149
20121221,-2.22
20121222,-2.104
20121223,-1.807
20121224,-1.84
20121225,-1.781
20121226,-1.803
20121227,-1.772
20121228,-1.903
20121229,-1.95
20121230,-2.02
20121231,-2.086
20130101,-1.981
20130102,-1.987
20130103,-2.078
20130104,-2.143
20130105,-2.196
20130106,-2.236
20130107,-2.269
20130108,-2.29
20130109,-2.309
20130110,-2.121
20130111,-2.173
20130112,-2.238
20130113,-2.301
20130114,-2.327
20130115,-2.364
20130116,-2.39
20130117,-2.413
20130118,-2.429
20130119,-2.447
20130120,-2.466
20130121,-2.486
20130122,-2.511
20130123,-2.526
20130124,-2.54
20130125,-2.553
20130126,-2.555
20130127,-2.48
20130128,-2.439
20130129,-2.43
20130130,-2.191
20130131,-2.062
20130201,-2.053
20130202,-2.07
20130203,-2.122
20130204,-1.997
20130205,-2.004
20130206,-2.088
20130207,-2.16
20130208,-2.222
20130209,-2.263
20130210,-2.279
20130211,-2.316
20130212,-2.368
20130213,-2.394
20130214,-2.396
20130215,-2.431
20130216,-2.452
20130217,-2.457
20130218,-2.46
20130219,-2.472
20130220,-2.489
20130221,-2.496
20130222,-2.512
20130223,-2.522
20130224,-2.536
20130226,-2.5614117647058827
20130227,-2.565375
20130228,-2.569083333333334
20130301,-2.5780833333333333
20130302,-2.581875
20130303,-2.5918333333333337
20130304,-2.5921250000000007
20130305,-2.5961666666666674
20130306,-2.603875
20130307,-2.611291666666667
20130308,-2.62
20130309,-2.629291666666666
20130310,-2.6407083333333334
20130311,-2.6327916666666664
20130312,-2.6220416666666666
20130313,-2.6197083333333335
20130314,-2.631041666666667
20130315,-2.62475
20130316,-2.62325
20130317,-2.6277916666666665
20130318,-2.629
20130319,-2.6223333333333327
20130320,-2.6140416666666657
20130321,-2.617291666666667
20130322,-2.618041666666666
20130323,-2.628666666666667
20130324,-2.641625
20130325,-2.648041666666667
20130326,-2.6547916666666667
20130327,-2.6579583333333336
20130328,-2.6646249999999996
20130329,-2.6678750000000004
20130330,-2.6762916666666663
20130331,-2.682083333333333
20130401,-2.689458333333334
20130402,-2.6965
20130403,-2.7035
20130404,-2.709666666666667
20130405,-2.7132083333333337
20130406,-2.719708333333333
20130407,-2.716958333333333
20130408,-2.721416666666667
20130409,-2.7217916666666664
20130410,-2.7270833333333333
20130411,-2.72925
20130412,-2.732541666666666
20130413,-2.73875
20130414,-2.7340416666666667
20130415,-2.7336666666666662
20130416,-2.7289583333333334
20130417,-2.7253333333333334
20130418,-2.7206250000000005
20130419,-2.7328333333333337
20130420,-2.7397499999999995
20130421,-2.736625
20130422,-2.734375
20130423,-2.7392083333333335
20130424,-2.7423333333333333
20130425,-2.7433333333333327
20130426,-2.746
20130427,-2.7501666666666664
20130428,-2.75025
20130429,-2.7502083333333336
20130430,-2.7614583333333336
20130501,-2.76475
20130502,-2.7685833333333334
20130503,-2.76675
20130504,-2.766625000000001
20130505,-2.7719166666666673
20130506,-2.775833333333333
20130507,-2.7757916666666667
20130508,-2.771125
20130509,-2.771000000000001
20130510,-2.771416666666667
20130511,-2.7718333333333334
20130512,-2.776791666666666
20130513,-2.7741249999999997
20130514,-2.7727083333333336
20130515,-2.769708333333334
20130516,-2.778458333333333
20130517,-2.777541666666666
20130518,-2.7754166666666666
20130519,-2.7800833333333332
20130520,-2.775375
20130521,-2.7720000000000007
20130522,-2.76
20130523,-2.7497916666666664
20130524,-2.751875
20130525,-2.7543749999999996
20130526,-2.755875
20130527,-2.753249999999999
20130528,-2.7552500000000006
20130529,-2.760375
20130530,-2.767541666666667
20130531,-2.7743333333333333
20130601,-2.777708333333333
20130602,-2.78275
20130603,-2.7857083333333335
20130604,-2.7867499999999996
20130605,-2.78875
20130606,-2.792124999999999
20130607,-2.7899166666666666
20130608,-2.786
20130609,-2.7849999999999997
20130610,-2.7855833333333333
20130611,-2.7860416666666663
20130612,-2.7827916666666663
20130613,-2.7791250000000005
20130614,-2.782083333333333
20130615,-2.776208333333333
20130616,-2.783541666666667
20130617,-2.790249999999999
20130618,-2.7894166666666664
20130619,-2.7916666666666665
20130620,-2.789624999999999
20130621,-2.7464583333333343
20130622,-2.606875
20130623,-2.4899999999999998
20130624,-2.3997083333333333
20130625,-2.387166666666667
20130626,-2.41225
20130627,-2.4445416666666673
20130628,-2.4717083333333334
20130629,-2.49575
20130630,-2.5007083333333333
20130701,-2.514625
20130702,-2.532625
20130703,-2.551916666666667
20130704,-2.5737916666666667
20130705,-2.595583333333333
20130706,-2.611375
20130707,-2.6296250000000003
20130708,-2.645041666666667
20130709,-2.6543749999999995
20130710,-2.6648333333333327
20130711,-2.6762916666666663
20130712,-2.6864166666666676
20130713,-2.6969166666666666
20130714,-2.705291666666667
20130715,-2.7142916666666665
20130716,-2.7234999999999996
20130717,-2.735291666666667
20130718,-2.7447916666666674
20130719,-2.75225
20130720,-2.7605833333333334
20130721,-2.7691250000000003
20130722,-2.778
20130723,-2.7867916666666663
20130724,-2.7925416666666663
20130725,-2.799791666666667
20130726,-2.8081250000000004
20130727,-2.810916666666667
20130728,-2.8134583333333345
20130729,-2.817166666666667
20130730,-2.8210833333333327
20130731,-2.8237916666666667
20130801,-2.8227499999999996
20130802,-2.827125
20130803,-2.8318750000000006
20130804,-2.83775
20130805,-2.841625
20130806,-2.8493333333333335
20130807,-2.855291666666666
20130808,-2.8567499999999995
20130809,-2.8536249999999996
20130810,-2.856874999999999
20130811,-2.857041666666667
20130812,-2.8607083333333327
20130813,-2.8664166666666664
20130814,-2.8695416666666667
20130815,-2.868041666666666
20130816,-2.8712083333333336
20130817,-2.873125
20130818,-2.877916666666667
20130819,-2.8838749999999997
20130820,-2.87825
20130821,-2.871458333333333
20130822,-2.869875
20130823,-2.8687083333333327
20130824,-2.8696250000000005
20130825,-2.879583333333333
20130826,-2.8859583333333334
20130827,-2.8888750000000005
20130828,-2.892583333333334
20130829,-2.893416666666667
20130830,-2.894666666666667
20130831,-2.9023749999999997
20130901,-2.9030416666666667
20130902,-2.907291666666666
20130903,-2.913583333333333
20130904,-2.9158749999999998
20130905,-2.9181666666666657
20130906,-2.923958333333333
20130907,-2.9293750000000003
20130908,-2.9086250000000002
20130909,-2.878458333333333
20130910,-2.8763333333333336
20130911,-2.88175
20130912,-2.8820416666666664
20130913,-2.8794999999999997
20130914,-2.877625
20130915,-2.864416666666667
20130916,-2.859458333333333
20130917,-2.851916666666666
20130918,-2.8439999999999994
20130919,-2.8279583333333336
20130920,-2.816166666666667
20130921,-2.800541666666666
20130922,-2.7927500000000003
20130923,-2.789083333333334
20130924,-2.78575
20130925,-2.7857083333333335
20130926,-2.7955833333333335
20130927,-2.800708333333333
20130928,-2.8076666666666665
20130929,-2.81575
20130930,-2.824041666666666
20131001,-2.831958333333333
20131002,-2.83775
20131003,-2.842916666666667
20131004,-2.847583333333333
20131005,-2.8562499999999997
20131006,-2.857458333333333
20131007,-2.8622499999999995
20131008,-2.8657916666666665
20131009,-2.862208333333333
20131010,-2.864875
20131011,-2.8815416666666667
20131012,-2.881458333333333
20131013,-2.878666666666667
20131014,-2.8825416666666666
20131015,-2.880333333333334
20131016,-2.8777500000000003
20131017,-2.8698750000000004
20131018,-2.8735
20131019,-2.8643749999999994
20131020,-2.8655416666666667
20131021,-2.859458333333333
20131022,-2.8502916666666667
20131023,-2.8462499999999995
20131024,-2.851374999999999
20131025,-2.8443333333333336
20131026,-2.8397916666666663
20131027,-2.835125
20131028,-2.8288333333333338
20131029,-2.8191249999999997
20131030,-2.7732916666666667
20131031,-2.6954583333333333
20131101,-2.6574583333333326
20131102,-2.6181249999999996
20131103,-2.5738749999999997
20131104,-2.526875
20131105,-2.3833749999999996
20131106,-2.283375
20131107,-2.1882499999999996
20131108,-2.1811666666666674
20131109,-2.198
20131110,-2.0371249999999996
20131111,-2.0261666666666662
20131112,-2.1032499999999996
20131113,-2.1459999999999995
20131114,-2.195416666666666
20131115,-2.2561250000000004
20131116,-2.289833333333333
20131117,-2.3317083333333333
20131118,-2.3534166666666665
20131119,-2.384541666666667
20131120,-2.392541666666667
20131121,-2.42625
20131122,-2.454708333333334
20131123,-2.476291666666667
20131124,-2.496708333333333
20131125,-2.5143333333333335
20131126,-2.522875
20131127,-2.5278333333333336
20131128,-2.539
20131129,-2.531833333333333
20131130,-2.451083333333334
20131201,-2.3442916666666664
20131202,-2.3651250000000004
20131203,-2.389375
20131204,-2.4229583333333333
20131205,-2.4270416666666668
20131206,-2.376041666666667
20131207,-2.310291666666666
20131208,-2.3101249999999998
20131209,-2.342541666666667
20131210,-2.3536956521739127
20131211,-2.3785416666666666
20131212,-2.4066250000000005
20131213,-2.4330416666666665
20131214,-2.460625
20131215,-2.4469166666666666
20131216,-2.4252916666666673
20131217,-2.4364999999999997
20131218,-2.4143333333333334
20131219,-2.4132916666666664
20131220,-2.4142500000000005
20131221,-2.3882499999999998
20131222,-2.1616249999999995
20131223,-2.073375
20131224,-2.000083333333333
20131225,-1.8763749999999997
20131226,-1.9337916666666668
20131227,-1.9463749999999995
20131228,-1.955541666666666
20131229,-2.051041666666667
20131230,-2.104791666666667
20131231,-2.1539999999999995
20140101,-2.1910000000000003
20140102,-2.2278749999999996
20140103,-2.2570416666666673
20140104,-2.264125
20140105,-2.284541666666667
20140106,-2.2533333333333334
20140107,-1.9317916666666661
20140108,-1.903333333333333
20140109,-1.8683333333333338
20140110,-1.8246249999999993
20140111,-1.873375
20140112,-1.9140833333333338
20140113,-1.987291666666667
20140114,-2.053708333333333
20140115,-2.1102499999999997
20140116,-2.07275
20140117,-2.045458333333333
20140118,-2.075958333333334
20140119,-2.141458333333333
20140120,-2.200958333333334
20140121,-2.2323749999999998
20140122,-2.2180000000000004
20140123,-2.2420000000000004
20140124,-2.278916666666667
20140125,-2.2877499999999995
20140126,-2.171291666666667
20140127,-1.9540000000000004
20140128,-1.9104583333333334
20140129,-2.024208333333333
20140130,-2.122874999999999
20140131,-2.1914166666666666
20140201,-2.228708333333334
20140202,-2.2490833333333335
20140203,-2.2744166666666668
20140204,-2.298208333333333
20140205,-2.3133333333333335
20140206,-2.3420416666666672
20140207,-2.318708333333333
20140208,-2.1235416666666667
20140209,-2.0946666666666665
20140210,-2.1350833333333328
20140211,-2.190583333333333
20140212,-2.234666666666666
20140213,-2.2715833333333335
20140214,-2.3114166666666667
20140215,-2.311875
20140216,-2.3467499999999997
20140217,-2.366916666666666
20140218,-2.3802083333333335
20140219,-2.4008333333333334
20140220,-2.407083333333333
20140221,-2.425
20140222,-2.4317083333333334
20140223,-2.4397500000000005
20140224,-2.451916666666667
20140225,-2.4653749999999994
20140226,-2.4872499999999995
20140227,-2.4912083333333332
20140228,-2.5097083333333337
20140301,-2.522541666666667
20140302,-2.530166666666666
20140303,-2.541083333333333
20140304,-2.5647500000000005
20140305,-2.5801666666666674
20140306,-2.5835416666666666
20140307,-2.5920416666666664
20140308,-2.603458333333333
20140309,-2.611666666666666
20140310,-2.627708333333334
20140311,-2.6422916666666665
20140312,-2.6453750000000005
20140313,-2.651791666666667
20140314,-2.653375
20140315,-2.661958333333333
20140316,-2.669708333333333
20140317,-2.676291666666667
20140318,-2.678625
20140319,-2.6873749999999994
20140320,-2.6865
20140321,-2.6968750000000004
20140322,-2.6935000000000002
20140323,-2.702583333333333
20140324,-2.705041666666667
20140325,-2.7041666666666675
20140326,-2.7033333333333336
20140327,-2.708708333333334
20140328,-2.711541666666667
20140329,-2.7116249999999997
20140330,-2.7155833333333335
20140331,-2.7195416666666676
20140401,-2.7185833333333336
20140402,-2.7250416666666664
20140403,-2.729791666666667
20140404,-2.733
20140405,-2.736166666666666
20140406,-2.735208333333334
20140407,-2.7364999999999995
20140408,-2.745625
20140409,-2.74875
20140410,-2.751958333333333
20140411,-2.757541666666667
20140412,-2.7568750000000004
20140413,-2.7605000000000004
20140414,-2.7688333333333333
20140415,-2.77575
20140416,-2.7750833333333333
20140417,-2.771125000000001
20140418,-2.7832499999999993
20140419,-2.7887083333333327
20140420,-2.7894583333333327
20140421,-2.793583333333333
20140422,-2.794958333333333
20140423,-2.7952500000000007
20140424,-2.7882083333333334
20140425,-2.783708333333333
20140426,-2.783375
20140427,-2.7832499999999993
20140428,-2.7857916666666664
20140429,-2.7833749999999995
20140430,-2.7849999999999997
20140501,-2.7860416666666663
20140502,-2.7949999999999995
20140503,-2.791583333333333
20140504,-2.787833333333332
20140505,-2.7832916666666674
20140506,-2.780375
20140507,-2.783416666666666
20140508,-2.78
20140509,-2.7802083333333325
20140510,-2.7673333333333336
20140511,-2.7645000000000004
20140512,-2.767
20140513,-2.766458333333334
20140514,-2.764875
20140515,-2.763458333333333
20140516,-2.7566249999999997
20140517,-2.752541666666667
20140518,-2.7496666666666676
20140519,-2.750833333333334
20140520,-2.7532083333333337
20140521,-2.75525
20140522,-2.7559166666666677
20140523,-2.761708333333333
20140524,-2.7637500000000004
20140525,-2.768291666666667
20140526,-2.7704166666666663
20140527,-2.660125
20140528,-2.5034583333333327
20140529,-2.268333333333333
20140530,-2.236291666666667
20140531,-2.278125
20140601,-2.332166666666667
20140602,-2.380125
20140603,-2.4196666666666666
20140604,-2.4510833333333335
20140605,-2.4766666666666666
20140606,-2.395875
20140607,-2.3661250000000003
20140608,-2.405375
20140609,-2.437958333333334
20140610,-2.4709583333333334
20140611,-2.502875
20140612,-2.5256250000000002
20140613,-2.5437916666666665
20140614,-2.563708333333333
20140615,-2.5801250000000002
20140616,-2.592375
20140617,-2.6100000000000003
20140618,-2.618666666666667
20140619,-2.630333333333334
20140620,-2.6407500000000006
20140621,-2.651416666666667
20140622,-2.662749999999999
20140623,-2.673125
20140624,-2.681916666666666
20140625,-2.6886666666666668
20140626,-2.6945833333333336
20140627,-2.699291666666667
20140628,-2.6966666666666668
20140629,-2.7041666666666675
20140630,-2.7122916666666668
20140701,-2.714833333333333
20140702,-2.7198333333333333
20140703,-2.7200833333333336
20140704,-2.7240833333333327
20140705,-2.7322500000000005
20140706,-2.7394583333333333
20140707,-2.7504166666666667
20140708,-2.754583333333334
20140709,-2.7575833333333333
20140710,-2.7627916666666668
20140711,-2.767375000000001
20140712,-2.770291666666667
20140713,-2.7728750000000004
20140714,-2.7817916666666664
20140715,-2.7859166666666666
20140716,-2.792708333333333
20140717,-2.7997083333333337
20140718,-2.8041666666666667
20140719,-2.8059999999999996
20140720,-2.8164166666666666
20140721,-2.823708333333334
20140722,-2.8277916666666676
20140723,-2.82875
20140724,-2.8322083333333334
20140725,-2.832666666666667
20140726,-2.8332916666666663
20140727,-2.8366666666666664
20140728,-2.839916666666667
20140729,-2.841875
20140730,-2.841041666666667
20140731,-2.8421666666666674
20140801,-2.8477083333333333
20140802,-2.8504166666666673
20140803,-2.8590833333333325
20140804,-2.8646666666666665
20140805,-2.86825
20140806,-2.8684166666666666
20140807,-2.877125
20140808,-2.8804999999999996
20140809,-2.880833333333333
20140810,-2.872958333333333
20140811,-2.862
20140812,-2.807625
20140813,-2.740583333333333
20140814,-2.7065000000000006
20140815,-2.692958333333334
20140816,-2.6887916666666665
20140817,-2.686208333333333
20140818,-2.691541666666667
20140819,-2.6849166666666666
20140820,-2.670499999999999
20140821,-2.6470833333333332
20140822,-2.6319999999999997
20140823,-2.6204583333333336
20140824,-2.6032083333333333
20140825,-2.5925
20140826,-2.601125
20140827,-2.612583333333333
20140828,-2.6225833333333326
20140829,-2.637125
20140830,-2.6519583333333334
20140831,-2.6505416666666672
20140901,-2.49325
20140902,-2.419166666666666
20140903,-2.408458333333333
20140904,-2.426
20140905,-2.4524166666666667
20140906,-2.4786249999999996
20140907,-2.5048750000000006
20140908,-2.5286666666666666
20140909,-2.5508333333333337
20140910,-2.5696666666666665
20140911,-2.5898333333333334
20140912,-2.6078749999999995
20140913,-2.623125000000001
20140914,-2.6334583333333335
20140915,-2.6431250000000004
20140916,-2.655291666666667
20140917,-2.6644583333333336
20140918,-2.6741666666666664
20140919,-2.6879999999999993
20140920,-2.7027083333333337
20140921,-2.7162916666666663
20140922,-2.7266666666666666
20140923,-2.7301249999999997
20140924,-2.735
20140925,-2.747666666666666
20140926,-2.753166666666667
20140927,-2.7585
20140928,-2.763541666666667
20140929,-2.769083333333333
20140930,-2.773166666666666
20141001,-2.777541666666666
20141002,-2.7826249999999995
20141003,-2.7789583333333336
20141004,-2.7780416666666663
20141005,-2.7861250000000006
20141006,-2.781083333333333
20141007,-2.7781249999999997
20141008,-2.778833333333333
20141009,-2.782833333333334
20141010,-2.7890833333333336
20141011,-2.7927499999999994
20141012,-2.7978333333333336
20141013,-2.79975
20141014,-2.7986249999999995
20141015,-2.801250000000001
20141016,-2.801916666666667
20141017,-2.8065833333333328
20141018,-2.802708333333334
20141019,-2.8048333333333333
20141020,-2.8046666666666664
20141021,-2.796125
20141022,-2.811125
20141023,-2.7965416666666667
20141024,-2.786416666666667
20141025,-2.788666666666666
20141026,-2.781916666666666
20141027,-2.7775416666666657
20141028,-2.7705
20141029,-2.776875
20141030,-2.7776666666666667
20141031,-2.7720833333333332
20141101,-2.7723333333333335
20141102,-2.768166666666667
20141103,-2.762958333333333
20141104,-2.767583333333333
20141105,-2.7618749999999994
20141106,-2.7453749999999997
20141107,-2.7275416666666668
20141108,-2.728166666666666
20141109,-2.7288750000000004
20141110,-2.7317499999999995
20141111,-2.7332916666666667
20141112,-2.7364583333333337
20141113,-2.743041666666667
20141114,-2.7420833333333334
20141115,-2.7459166666666666
20141116,-2.7470833333333338
20141117,-2.628833333333334
20141118,-2.5187916666666665
20141119,-2.5027500000000003
20141120,-2.5175000000000005
20141121,-2.5353749999999997
20141122,-2.5542916666666664
20141123,-2.5815
20141124,-2.607416666666667
20141125,-2.6149999999999998
20141126,-2.6149999999999998
20141127,-2.62175
20141128,-2.634666666666667
20141129,-2.648916666666667
20141130,-2.6602916666666667
20141201,-2.673625
20141202,-2.685625
20141203,-2.6935555555555553
20150827,-2.5066
20150828,-2.39725
20150829,-2.421625
20150830,-2.4575
20150831,-2.4411250000000004
20150901,-2.286375
20150902,-2.306625
20150903,-2.337
20150904,-2.205
20150905,-2.0917499999999998
20150906,-2.13275
20150907,-2.186625
20150908,-2.2346250000000003
20150909,-2.28275
20150910,-2.326125
20150911,-2.362
20150912,-2.392375
20150913,-2.422125
20150914,-2.4459999999999997
20150915,-2.466875
20150916,-2.4736249999999997
20150917,-2.46575
20150918,-2.4306249999999996
20150919,-2.4487500000000004
20150920,-2.467625
20150921,-2.4775
20150922,-2.4920000000000004
20150923,-2.511625
20150924,-2.5220000000000002
20150925,-2.5227500000000003
20150926,-2.5260000000000002
20150927,-2.5385
20150928,-2.5488750000000002
20150929,-2.5565
20150930,-2.5669999999999997
20151001,-2.5765000000000002
20151002,-2.583125
20151003,-2.588625
20151004,-2.597125
20151005,-2.603125
20151006,-2.6117500000000002
20151007,-2.61975
20151008,-2.622875
20151009,-2.6198750000000004
20151010,-2.6195
20151011,-2.624125
20151012,-2.6342499999999998
20151013,-2.6448750000000003
20151014,-2.649
20151015,-2.652875
20151016,-2.6513750000000003
20151017,-2.632125
20151018,-2.610125
20151019,-2.58575
20151020,-2.573
20151021,-2.5595
20151022,-2.55825
20151023,-2.55525
20151024,-2.558125
20151025,-2.575875
20151026,-2.5863750000000003
20151027,-2.599375
20151028,-2.61275
20151029,-2.628625
20151030,-2.6431249999999995
20151031,-2.65575
20151101,-2.668875
20151102,-2.675875
20151103,-2.679125
20151104,-2.686
20151105,-2.691375
20151106,-2.6925000000000003
20151107,-2.6803750000000006
20151108,-2.651875
20151109,-2.618375
20151110,-2.59
20151111,-2.5545
20151112,-2.5395000000000003
20151113,-2.5351250000000003
20151114,-2.5073749999999997
20151115,-2.1701250000000005
20151116,-2.010125
20151117,-2.012
20151118,-1.9536250000000002
20151119,-1.9278749999999998
20151120,-1.936625
20151121,-1.9216250000000001
20151122,-1.923625
20151123,-1.998875
20151124,-1.9669999999999999
20151125,-1.9268750000000001
20151126,-1.9867499999999998
20151127,-2.031875
20151128,-1.950875
20151129,-1.890625
20151130,-1.8872499999999999
20151201,-1.85975
20151202,-1.9341250000000003
20151203,-2.01575
20151204,-2.0531249999999996
20151205,-2.1013749999999995
20151206,-2.165625
20151207,-2.209625
20151208,-2.2247500000000002
20151209,-2.225125
20151210,-2.2475
20151211,-2.2418750000000003
20151212,-2.201
20151213,-1.918125
20151214,-2.0069999999999997
20151215,-2.078375
20151216,-2.093
20151217,-2.0938749999999997
20151218,-2.1335
20151219,-2.16575
20151220,-2.196375
20151221,-2.226125
20151222,-2.174
20151223,-2.14675
20151224,-2.18225
20151225,-2.2135
20151226,-2.2055
20151227,-2.234375
20151228,-2.226875
20151229,-2.25
20151230,-2.260125
20151231,-2.2699999999999996
20160101,-2.287125
20160102,-2.28525
20160103,-2.259875
20160104,-2.25325
20160105,-2.271
20160106,-2.29375
20160107,-2.21925
20160108,-1.903625
20160109,-1.97225
20160110,-2.01425
20160111,-2.05225
20160112,-2.0255
20160113,-1.91075
20160114,-1.883125
20160115,-1.9601250000000001
20160116,-1.9802499999999998
20160117,-2.037
20160118,-2.1125000000000003
20160119,-2.18
20160120,-2.2199999999999998
20160121,-2.2350000000000003
20160122,-2.2617499999999997
20160123,-2.1928750000000004
20160124,-2.2036249999999997
20160125,-2.2217499999999997
20160126,-2.24825
20160127,-2.171625
20160128,-2.122125
20160129,-2.1803749999999997
20160130,-1.967875
20160131,-1.97225
20160201,-2.023125
20160202,-2.093
20160203,-2.17575
20160204,-2.22675
20160205,-2.2445000000000004
20160206,-2.2560000000000002
20160207,-2.285875
20160208,-2.299125
20160209,-2.2235
20160210,-2.04325
20160211,-2.0635
20160212,-2.124625
20160213,-2.1837500000000003
20160214,-2.18425
20160215,-2.0907500000000003
20160216,-2.1802499999999996
20160217,-2.225
20160218,-2.271
20160219,-2.297625
20160220,-2.296125
20160221,-2.20275
20160222,-2.10325
20160223,-2.1715
20160224,-2.229625
20160225,-2.276375
20160226,-2.3165
20160227,-2.349
20160228,-2.37175
20160229,-2.38625
20160301,-2.3786250000000004
20160302,-2.2996250000000003
20160303,-2.08025
20160304,-2.0256250000000002
20160305,-2.01625
20160306,-2.1054999999999997
20160307,-2.155
20160308,-2.21375
20160309,-2.260875
20160310,-2.3203750000000003
20160311,-2.3545000000000003
20160312,-2.3775
20160313,-2.3981250000000003
20160314,-2.4116250000000004
20160315,-2.423125
20160316,-2.4316250000000004
20160317,-2.440875
20160318,-2.44875
20160319,-2.461625
20160320,-2.47025
20160321,-2.4792499999999995
20160322,-2.490625
20160323,-2.4989999999999997
20160324,-2.499375
20160325,-2.504125
20160326,-2.487875
20160327,-2.488
20160328,-2.476
20160329,-2.500375
20160330,-2.4911250000000003
20160331,-2.484
20160401,-2.489625
20160402,-2.494875
20160403,-2.4995
20160404,-2.4659999999999997
20160405,-2.3626249999999995
20160406,-2.304875
20160407,-2.2552499999999998
20160408,-2.23225
20160409,-2.247375
20160410,-2.2927499999999994
20160411,-2.3298749999999995
20160412,-2.3625
20160413,-2.33025
20160414,-2.3335000000000004
20160415,-2.3510000000000004
20160416,-2.3407500000000003
20160417,-2.3633750000000004
20160418,-2.3773750000000002
20160419,-2.404
20160420,-2.425
20160421,-2.4450000000000003
20160422,-2.4631250000000002
20160423,-2.4811250000000005
20160424,-2.4943750000000002
20160425,-2.4843750000000004
20160426,-2.3928749999999996
20160427,-2.315375
20160428,-2.2735
20160429,-2.234
20160430,-2.245625
20160501,-2.301
20160502,-2.341375
20160503,-2.385875
20160504,-2.41725
20160505,-2.44525
20160506,-2.4676250000000004
20160507,-2.494125
20160508,-2.519375
20160509,-2.5423750000000003
20160510,-2.5595000000000003
20160511,-2.5755000000000003
20160512,-2.5945
20160513,-2.6140000000000003
20160514,-2.6254999999999997
20160515,-2.6353750000000002
20160516,-2.64475
20160517,-2.6550000000000002
20160518,-2.662375
20160519,-2.6761250000000003
20160520,-2.681
20160521,-2.68725
20160522,-2.697375
20160523,-2.7068749999999997
20160524,-2.705374999999999
20160525,-2.705875
20160526,-2.7135
20160527,-2.7215000000000003
20160528,-2.7272499999999997
20160529,-2.7345
20160530,-2.74375
20160531,-2.7478749999999996
20160601,-2.75875
20160602,-2.76375
20160603,-2.765625
20160604,-2.7722499999999997
20160605,-2.7783749999999996
20160606,-2.7826250000000003
20160607,-2.7893749999999997
20160608,-2.7923750000000003
20160609,-2.7950000000000004
20160610,-2.7973749999999997
20160611,-2.7981249999999998
20160612,-2.7864999999999998
20160613,-2.7508750000000006
20160614,-2.719
20160615,-2.68525
20160616,-2.6171249999999997
20160617,-2.580875
20160618,-2.541125
20160619,-2.5240000000000005
20160620,-2.489
20160621,-2.33175
20160622,-2.323875
20160623,-2.3234999999999997
20160624,-2.3326249999999997
20160625,-2.366875
20160626,-2.3868750000000003
20160627,-2.4015000000000004
20160628,-2.394125
20160629,-2.22175
20160630,-2.1856250000000004
20160701,-2.0768750000000002
20160702,-2.06325
20160703,-2.135
20160704,-2.206875
20160705,-2.256875
20160706,-2.306625
20160707,-2.343375
20160708,-2.372375
20160709,-2.394625
20160710,-2.4087499999999995
20160711,-2.432625
20160712,-2.4611249999999996
20160713,-2.4811250000000005
20160714,-2.49925
20160715,-2.512125
20160716,-2.52225
20160717,-2.5324999999999998
20160718,-2.542
20160719,-2.54975
20160720,-2.5523333333333333
20160721,-2.5756
20160722,-2.58475
20160723,-2.596
20160724,-2.605875
20160725,-2.6153750000000002
20160726,-2.62725
20160727,-2.6338749999999997
20160728,-2.6422499999999998
20160729,-2.641375
20160730,-2.646375
20160731,-2.6445
20160801,-2.6385
20160802,-2.631125
20160803,-2.6276249999999997
20160804,-2.6312499999999996
20160805,-2.6422499999999998
20160806,-2.647875
20160807,-2.6487500000000006
20160808,-2.659125
20160809,-2.668375
20160810,-2.6743750000000004
20160811,-2.6716249999999997
20160812,-2.6522499999999996
20160813,-2.6375
20160814,-2.6411250000000006
20160815,-2.646375
20160816,-2.6500000000000004
20160817,-2.655625
20160818,-2.662625
20160819,-2.665625
20160820,-2.66925
20160821,-2.6761250000000003
20160822,-2.680625
20160823,-2.6841250000000008
20160824,-2.68525
20160825,-2.690375
20160826,-2.697875
20160827,-2.70125
20160828,-2.7023750000000004
20160829,-2.7125
20160830,-2.71425
20160831,-2.719375
20160901,-2.72625
20160902,-2.7268749999999997
20160903,-2.7331250000000007
20160904,-2.7325
20160905,-2.742375
20160906,-2.7445
20160907,-2.747625
20160908,-2.7508749999999997
20160909,-2.755875
20160910,-2.7593750000000004
20160911,-2.7688749999999995
20160912,-2.7709999999999995
20160913,-2.7785
20160914,-2.784875
20160915,-2.7901249999999997
20160916,-2.7915
20160917,-2.801375
20160918,-2.806875
20160919,-2.8085
20160920,-2.81125
20160921,-2.8148750000000002
20160922,-2.8156250000000003
20160923,-2.8215
20160924,-2.820625
20160925,-2.824625
20160926,-2.830125
20160927,-2.8308750000000003
20160928,-2.8316250000000003
20160929,-2.8306250000000004
20160930,-2.8356250000000003
20161001,-2.834875
20161002,-2.835125
20161003,-2.8453749999999998
20161004,-2.8446249999999997
20161005,-2.845625
20161006,-2.84075
20161007,-2.841500000000001
20161008,-2.845375
20161009,-2.845375
20161010,-2.8467500000000006
20161011,-2.8505
20161012,-2.851
20161013,-2.8521250000000005
20161014,-2.853625
20161015,-2.8517500000000005
20161016,-2.8546249999999995
20161017,-2.85675
20161018,-2.8536250000000005
20161019,-2.85675
20161020,-2.8586250000000004
20161021,-2.8529999999999998
20161022,-2.849375
20161023,-2.84625
20161024,-2.8481249999999996
20161025,-2.849
20161026,-2.846
20161027,-2.845125
20161028,-2.84675
20161029,-2.848125
20161030,-2.8455
20161031,-2.847375
20161101,-2.845625
20161102,-2.8461250000000002
20161103,-2.8421250000000002
20161104,-2.834875
20161105,-2.83375
20161106,-2.834125
20161107,-2.8396250000000003
20161108,-2.8289999999999993
20161109,-2.826125
20161110,-2.83
20161111,-2.8362499999999997
20161112,-2.828625
20161113,-2.830625
20161114,-2.828875
20161115,-2.826125
20161116,-2.814375
20161117,-2.7981249999999998
20161118,-2.78975
20161119,-2.7813749999999997
20161120,-2.76025
20161121,-2.7418750000000003
20161122,-2.714625
20161123,-2.700875
20161124,-2.69175
20161125,-2.686125
20161126,-2.67925
20161127,-2.68625
20161128,-2.6919999999999997
20161129,-2.6907499999999995
20161130,-2.693125
20161201,-2.697
20161202,-2.7037499999999994
20161203,-2.707875
20161204,-2.7131250000000002
20161205,-2.7208749999999995
20161206,-2.7238749999999996
20161207,-2.722875
20161208,-2.7255000000000003
20161209,-2.727375
20161210,-2.723875
20161211,-2.677375
20161212,-2.5734999999999997
20161213,-2.521125
20161214,-2.5032499999999995
20161215,-2.492375
20161216,-2.4985000000000004
20161217,-2.512875
20161218,-2.528625
20161219,-2.543625
20161220,-2.554
20161221,-2.5627500000000003
20161222,-2.5737500000000004
20161223,-2.5722500000000004
20161224,-2.5733749999999995
20161225,-2.572375
20161226,-2.580625
20161227,-2.5946250000000006
20161228,-2.6035
20161229,-2.61125
20161230,-2.61975
20161231,-2.629
20170101,-2.636
20170102,-2.652375
20170103,-2.65325
20170104,-2.6591250000000004
20170105,-2.659375
20170106,-2.653625
20170107,-2.655
20170108,-2.662125
20170109,-2.6508749999999996
20170110,-2.627375
20170111,-2.5498749999999997
20170112,-2.488125
20170113,-2.3336249999999996
20170114,-2.171625
20170115,-2.177125
20170116,-2.2227499999999996
20170117,-2.278
20170118,-2.325125
20170119,-2.365375
20170120,-2.3985000000000003
20170121,-2.4265
20170122,-2.4478750000000002
20170123,-2.4662499999999996
20170124,-2.488375
20170125,-2.50425
20170126,-2.5151250000000003
20170127,-2.5235
20170128,-2.536
20170129,-2.547125
20170130,-2.5517499999999997
20170131,-2.52025
20170201,-2.4939999999999998
20170202,-2.4838750000000003
20170203,-2.480625
20170204,-2.4822500000000005
20170205,-2.45675
20170206,-2.416875
20170207,-2.41275
20170208,-2.4401249999999997
20170209,-2.4605
20170210,-2.47875
20170211,-2.499375
20170212,-2.5171249999999996
20170213,-2.531625
20170214,-2.542
20170215,-2.5513749999999997
20170216,-2.5568750000000002
20170217,-2.5673750000000006
20170218,-2.570125
20170219,-2.5725000000000002
20170220,-2.5742499999999997
20170221,-2.573875
20170222,-2.559375
20170223,-2.412
20170224,-2.124
20170225,-2.1337499999999996
20170226,-2.065125
20170227,-2.0525
20170228,-2.0002500000000003
20170301,-2.03775
20170302,-1.98775
20170303,-1.9995
20170304,-2.05575
20170305,-1.9535
20170306,-2.023875
20170307,-2.090125
20170308,-2.096625
20170309,-2.09975
20170310,-2.1470000000000002
20170311,-2.1793750000000003
20170312,-2.2159999999999997
20170313,-2.2580000000000005
20170314,-2.2870000000000004
20170315,-2.3175
20170316,-2.335375
20170317,-2.35375
20170318,-2.3118749999999997
20170319,-2.2649999999999997
20170320,-2.19625
20170321,-2.130375
20170322,-2.19125
20170323,-2.2495
20170324,-2.2906249999999995
20170325,-2.31375
20170326,-2.333
20170327,-2.351875
20170328,-2.365875
20170329,-2.3789999999999996
20170330,-2.3888749999999996
20170331,-2.3981250000000003
20170401,-2.41175
20170402,-2.428625
20170403,-2.439125
20170404,-2.44875
20170405,-2.460125
20170406,-2.4707500000000002
20170407,-2.478875
20170408,-2.4859999999999998
20170409,-2.4922500000000003
20170410,-2.507125
20170411,-2.51475
20170412,-2.517625
20170413,-2.52725
20170414,-2.531375
20170415,-2.539625
20170416,-2.548875
20170417,-2.5565
20170418,-2.566
20170419,-2.571625
20170420,-2.574625
20170421,-2.5797499999999998
20170422,-2.58825
20170423,-2.59125
20170424,-2.5893750000000004
20170425,-2.59625
20170426,-2.6071250000000004
20170427,-2.60825
20170428,-2.61525
20170429,-2.623625
20170430,-2.6253750000000005
20170501,-2.6343749999999995
20170502,-2.64425
20170503,-2.649875
20170504,-2.656375
20170505,-2.6567499999999997
20170506,-2.661
20170507,-2.6675
20170508,-2.6739999999999995
20170509,-2.676
20170510,-2.677625
20170511,-2.681875
20170512,-2.68225
20170513,-2.6785
20170514,-2.6818750000000002
20170515,-2.6836249999999997
20170516,-2.684625
20170517,-2.687125
20170518,-2.69525
20170519,-2.6951249999999995
20170520,-2.70425
20170521,-2.71075
20170522,-2.7146250000000003
20170523,-2.7230000000000003
20170524,-2.73025
20170525,-2.736125
20170526,-2.742375
20170527,-2.7453750000000006
20170528,-2.7551249999999996
20170529,-2.76225
20170530,-2.765125
20170531,-2.776
20170601,-2.7807500000000003
20170602,-2.7883750000000003
20170603,-2.7944999999999998
20170604,-2.80125
20170605,-2.80525
20170606,-2.801125
20170607,-2.7963750000000003
20170608,-2.796
20170609,-2.7932500000000005
20170610,-2.785875
20170611,-2.783625
20170612,-2.7883750000000003
20170613,-2.7973749999999997
20170614,-2.803125
20170615,-2.804875
20170616,-2.8151249999999997
20170617,-2.8175
20170618,-2.82325
20170619,-2.829375
20170620,-2.837625
20170621,-2.840625
20170622,-2.845
20170623,-2.8521250000000005
20170624,-2.850875
20170625,-2.85325
20170626,-2.8505000000000003
20170627,-2.84775
20170628,-2.824125
20170629,-2.6382499999999998
20170630,-2.5957500000000002
20170701,-2.5589999999999997
20170702,-2.586375
20170703,-2.615875
20170704,-2.650875
20170705,-2.678875
20170706,-2.7045
20170707,-2.7285000000000004
20170708,-2.74925
20170709,-2.7675
20170710,-2.7845
20170711,-2.8012500000000005
20170712,-2.8189999999999995
20170713,-2.83
20170714,-2.8367499999999994
20170715,-2.840125
20170716,-2.84575
20170717,-2.85375
20170718,-2.8649999999999998
20170719,-2.8691250000000004
20170720,-2.876625
20170721,-2.8808749999999996
20170722,-2.8872499999999994
20170723,-2.8871249999999993
20170724,-2.876125
20170725,-2.87225
20170726,-2.8609999999999998
20170727,-2.85975
20170728,-2.8646249999999998
20170729,-2.869375
20170730,-2.860125
20170731,-2.8561249999999996
20170801,-2.86275
20170802,-2.86625
20170803,-2.86825
20170804,-2.8812499999999996
20170805,-2.8911249999999997
20170806,-2.8972499999999997
20170807,-2.902625
20170808,-2.907625
20170809,-2.9158750000000007
20170810,-2.925375
20170811,-2.927875
20170812,-2.933125
20170813,-2.94075
20170814,-2.943
20170815,-2.948
20170816,-2.9521249999999997
20170817,-2.95325
20170818,-2.957875
20170819,-2.9627499999999998
20170820,-2.9675000000000002
20170821,-2.973625
20170822,-2.97725
20170823,-2.976
20170824,-2.98175
20170825,-2.986375
20170826,-2.989125
20170827,-2.994625
20170828,-2.998625
20170829,-3.002625
20170830,-3.0015
20170831,-2.9913750000000006
20170901,-2.9885000000000006
20170902,-2.9882500000000003
20170903,-2.986625
20170904,-2.9911250000000003
20170905,-2.99
20170906,-2.99125
20170907,-2.98925
20170908,-2.95725
20170909,-2.6581249999999996
20170910,-2.5246250000000003
20170911,-2.53225
20170912,-2.4257500000000003
20170913,-2.2795
20170914,-2.1996249999999997
20170915,-2.203625
20170916,-2.1525
20170917,-2.1196249999999996
20170918,-2.1214285714285714
20170923,-2.1496000000000004
20170924,-2.1801250000000003
20170925,-2.213625
20170926,-2.2445
20170927,-2.2695
20170928,-2.288875
20170929,-2.2965
20170930,-2.24025
20171001,-2.233625
20171002,-2.25875
20171003,-2.283
20171004,-2.308375
20171005,-2.238375
20171006,-2.143375
20171007,-2.078875
20171008,-2.0185
20171009,-2.0825
20171010,-2.1142499999999997
20171011,-2.1414999999999997
20171012,-2.1879999999999997
20171013,-2.220375
20171014,-2.24925
20171015,-2.2729999999999997
20171016,-2.2951250000000005
20171017,-2.3165
20171018,-2.3335000000000004
20171019,-2.342375
20171020,-2.330375
20171021,-2.158875
20171022,-2.0763749999999996
20171023,-2.009125
20171024,-1.9991249999999998
20171025,-1.9969999999999999
20171026,-2.062875
20171027,-2.1065
20171028,-2.129375
20171029,-2.175375
20171030,-2.217125
20171031,-2.2266250000000003
20171101,-2.21625
20171102,-2.23625
20171103,-2.2555
20171104,-2.256875
20171105,-2.2340000000000004
20171106,-2.208375
20171107,-2.22625
20171108,-2.2532500000000004
20171109,-2.2595
20171110,-2.23125
20171111,-2.050125
20171112,-1.99875
20171113,-1.9054999999999997
20171114,-1.9385000000000001
20171115,-1.9343750000000002
20171116,-1.9523749999999997
20171117,-1.99575
20171118,-1.9774999999999998
20171119,-1.9258750000000002
20171120,-1.89525
20171121,-1.8094999999999999
20171122,-1.7801250000000002
20171123,-1.8165
20171124,-1.866625
20171125,-1.9335
20171126,-1.8905
20171127,-1.817625
20171128,-1.8195000000000001
20171129,-1.8685
20171130,-1.9133750000000003
20171201,-1.9777500000000001
20171202,-2.0195000000000003
20171203,-2.0283749999999996
20171204,-2.024
20171205,-2.05125
20171206,-2.0835000000000004
20171207,-2.0568750000000002
20171208,-1.904625
20171209,-1.8190000000000002
20171210,-1.8481249999999998
20171211,-1.925
20171212,-1.8162500000000001
20171213,-1.727375
20171214,-1.6730000000000003
20171215,-1.751
20171216,-1.827625
20171217,-1.8637499999999998
20171218,-1.8366249999999997
20171219,-1.946125
20171220,-2.003375
20171221,-2.0303750000000003
20171222,-2.0734999999999997
20171223,-2.096875
20171224,-2.1192500000000005
20171225,-2.14125
20171226,-2.1641250000000003
20171227,-2.1381250000000005
20171228,-2.0405
20171229,-1.961875
20171230,-1.896875
20171231,-1.8087499999999999
20180101,-1.7463750000000002
20180102,-1.8787500000000001
20180103,-1.573625
20180104,-1.6356249999999999
20180105,-1.67325
20180106,-1.75725
20180107,-1.896125
20180108,-1.9825
20180109,-2.034
20180110,-2.0745
20180111,-2.120125
20180112,-2.14825
20180113,-2.1728750000000003
20180114,-2.1988749999999997
20180115,-2.154
20180116,-1.99375
20180117,-2.01275
20180118,-1.8845
20180119,-1.86225
20180120,-1.9019999999999997
20180121,-1.9892500000000002
20180122,-2.0164999999999997
20180123,-2.03625
20180124,-1.898625
20180125,-1.8441250000000002
20180126,-1.968125
20180127,-2.03475
20180128,-2.06375
20180129,-2.0365
20180130,-2.0257500000000004
20180131,-1.9916249999999998
20180201,-2.0337500000000004
20180202,-2.049625
20180203,-2.064625
20180204,-2.13
20180205,-2.1654999999999998
20180206,-2.193
20180207,-2.221875
20180208,-2.23675
20180209,-2.2495000000000003
20180210,-2.26375
20180211,-2.241
20180212,-2.26575
20180213,-2.276625
20180214,-2.29075
20180215,-2.292625
20180216,-2.3031249999999996
20180217,-2.31275
20180218,-2.324875
20180219,-2.33525
20180220,-2.3538750000000004
20180221,-2.36525
20180222,-2.37575
20180223,-2.3863749999999997
20180224,-2.399
20180225,-2.411625
20180226,-2.423375
20180227,-2.428125
20180228,-2.4363750000000004
20180301,-2.4391249999999998
20180302,-2.4448749999999997
20180303,-2.4513749999999996
20180304,-2.4555
20180305,-2.4522500000000003
20180306,-2.45025
20180307,-2.442625
20180308,-2.420125
20180309,-2.4000000000000004
20180310,-2.376375
20180311,-2.3522499999999997
20180312,-2.3557500000000005
20180313,-2.369625
20180314,-2.37
20180315,-2.37775
20180316,-2.398875
20180317,-2.419625
20180318,-2.43775
20180319,-2.449375
20180320,-2.4573750000000003
20180321,-2.459
20180322,-2.4492499999999997
20180323,-2.440125
20180324,-2.4528749999999997
20180325,-2.4607499999999995
20180326,-2.4638750000000007
20180327,-2.46475
20180328,-2.44325
20180329,-2.3741250000000003
20180330,-2.341125
20180331,-2.325625
20180401,-2.334375
20180402,-2.332375
20180403,-2.296375
20180404,-2.2005000000000003
20180405,-2.0355
20180406,-2.063125
20180407,-2.104625
20180408,-2.1496250000000003
20180409,-2.1849999999999996
20180410,-2.211875
20180411,-2.24225
20180412,-2.2649999999999997
20180413,-2.288
20180414,-2.3091250000000003
20180415,-2.3040000000000003
20180416,-2.3145
20180417,-2.336125
20180418,-2.3581250000000002
20180419,-2.3722499999999997
20180420,-2.3903749999999997
20180421,-2.409625
20180422,-2.4204999999999997
20180423,-2.437
20180424,-2.44825
20180425,-2.443625
20180426,-2.45825
20180427,-2.47125
20180428,-2.4803750000000004
20180429,-2.4871250000000007
20180430,-2.425875
20180501,-2.41725
20180502,-2.4271249999999998
20180503,-2.4510000000000005
20180504,-2.470625
20180505,-2.4865
20180506,-2.497375
20180507,-2.508375
20180508,-2.5181249999999995
20180509,-2.533875
20180510,-2.542125
20180511,-2.547375
20180512,-2.55
20180513,-2.552625
20180514,-2.5402500000000003
20180515,-2.5487499999999996
20180516,-2.56075
20180517,-2.5649999999999995
20180518,-2.5691249999999997
20180519,-2.574375
20180520,-2.582375
20180521,-2.5876249999999996
20180522,-2.596125
20180523,-2.60525
20180524,-2.609375
20180525,-2.618
20180526,-2.6268750000000005
20180527,-2.6344999999999996
20180528,-2.643125
20180529,-2.6487499999999997
20180530,-2.641125
20180531,-2.62875
20180601,-2.56575
20180602,-2.531625
20180603,-2.530625
20180604,-2.537125
20180605,-2.54975
20180606,-2.5655
20180607,-2.579875
20180608,-2.5919999999999996
20180609,-2.605
20180610,-2.615
20180611,-2.62725
20180612,-2.6393750000000002
20180613,-2.6508750000000005
20180614,-2.654375
20180615,-2.668125
20180616,-2.6702500000000002
20180617,-2.6752499999999997
20180618,-2.6787499999999995
20180619,-2.684375
20180620,-2.6823333333333337
