844
2
date,-9999
head_nap,-9999.0
20110315,-2.747
20110316,-2.746
20110317,-2.75
20110318,-2.764
20110319,-2.771
20110320,-2.769
20110321,-2.774
20110322,-2.782
20110323,-2.784
20110324,-2.789
20110325,-2.785
20110326,-2.793
20110327,-2.795
20110328,-2.808
20110329,-2.808
20110330,-2.811
20110331,-2.805
20110401,-2.82
20110402,-2.82
20110403,-2.826
20110404,-2.836
20110405,-2.817
20110406,-2.832
20110407,-2.843
20110408,-2.842
20110409,-2.855
20110410,-2.853
20110411,-2.853
20110412,-2.86
20110413,-2.864
20110414,-2.864
20110415,-2.873
20110416,-2.877
20110417,-2.882
20110418,-2.878
20110419,-2.882
20110420,-2.891
20110421,-2.891
20110422,-2.894
20110423,-2.901
20110424,-2.906
20110425,-2.911
20110426,-2.92
20110427,-2.921
20110428,-2.923
20110429,-2.926
20110430,-2.931
20110501,-2.939
20110502,-2.945
20110503,-2.936
20110504,-2.931
20110505,-2.916
20110506,-2.904
20110507,-2.9
20110508,-2.897
20110509,-2.902
20110510,-2.889
20110511,-2.888
20110512,-2.89
20110513,-2.887
20110514,-2.887
20110515,-2.896
20110516,-2.891
20110517,-2.886
20110518,-2.881
20110519,-2.892
20110520,-2.886
20110521,-2.891
20110522,-2.892
20110523,-2.889
20110524,-2.904
20110525,-2.91
20110526,-2.909
20110527,-2.917
20110528,-2.908
20110529,-2.903
20110530,-2.901
20110531,-2.907
20110601,-2.907
20110602,-2.909
20110603,-2.916
20110604,-2.92
20110605,-2.924
20110606,-2.915
20110607,-2.914
20110608,-2.913
20110609,-2.918
20110610,-2.91
20110611,-2.896
20110612,-2.887
20110613,-2.881
20110614,-2.887
20110615,-2.881
20110616,-2.875
20110617,-2.865
20110618,-2.853
20110619,-2.856
20110620,-2.854
20110621,-2.847
20110622,-2.842
20110623,-2.833
20110624,-2.835
20110625,-2.833
20110626,-2.839
20110627,-2.826
20110628,-2.822
20110629,-2.822
20110630,-2.816
20110701,-2.816
20110702,-2.813
20110703,-2.812
20110704,-2.809
20110705,-2.807
20110706,-2.808
20110707,-2.81
20110708,-2.811
20110709,-2.813
20110710,-2.815
20110711,-2.822
20110712,-2.826
20110713,-2.826
20110714,-2.8
20110715,-2.797
20110716,-2.777
20110717,-2.761
20110718,-2.729
20110719,-2.713
20110720,-2.704
20110721,-2.714
20110722,-2.718
20110723,-2.715
20110724,-2.711
20110725,-2.586
20110726,-2.532
20110727,-2.53
20110728,-2.541
20110729,-2.561
20110730,-2.582
20110731,-2.599
20110801,-2.616
20110802,-2.639
20110803,-2.652
20110804,-2.648
20110805,-2.629
20110806,-2.595
20110807,-2.573
20110808,-2.551
20110809,-2.539
20110810,-2.538
20110811,-2.492
20110812,-2.431
20110813,-2.43
20110814,-2.442
20110815,-2.464
20110816,-2.482
20110817,-2.515
20110818,-2.537
20110819,-2.559
20110820,-2.577
20110821,-2.59
20110822,-2.618
20110823,-2.632
20110824,-2.647
20110825,-2.647
20110826,-2.658
20110827,-2.666
20110828,-2.663
20110829,-2.644
20110830,-2.603
20110831,-2.594
20110901,-2.581
20110902,-2.569
20110903,-2.609
20110904,-2.64
20110905,-2.646
20110906,-2.665
20110907,-2.644
20110908,-2.355
20110909,-2.195
20110910,-2.266
20110911,-2.268
20110912,-2.325
20110913,-2.387
20110914,-2.436
20110915,-2.746
20110916,-2.487
20110917,-2.512
20110918,-2.499
20110919,-2.513
20110920,-2.533
20110921,-2.552
20110922,-2.577
20110923,-2.6
20110924,-2.616
20110925,-2.638
20110926,-2.651
20110927,-2.674
20110928,-2.682
20110929,-2.688
20110930,-2.703
20111001,-2.711
20111002,-2.721
20111003,-2.726
20111004,-2.738
20111005,-2.741
20111006,-2.736
20111007,-2.738
20111008,-2.474
20111009,-2.39
20111010,-2.229
20111011,-2.167
20111012,-1.967
20111013,-2.296
20111014,-2.353
20111015,-2.402
20111016,-2.444
20111017,-2.475
20111018,-2.459
20111019,-2.383
20111020,-2.364
20111021,-2.349
20111022,-2.403
20111023,-2.453
20111024,-2.488
20111025,-2.521
20111026,-2.536
20111027,-2.558
20111028,-2.586
20111029,-2.594
20111030,-2.61
20111031,-2.621
20111101,-2.119
20111102,-2.651
20111103,-2.645
20111104,-2.66
20111105,-2.672
20111106,-2.687
20111107,-2.701
20111108,-2.692
20111109,-2.71
20111110,-2.719
20111111,-2.724
20111112,-2.733
20111113,-2.748
20111114,-2.75
20111115,-2.757
20111116,-2.761
20111117,-2.767
20111118,-2.77
20111119,-2.773
20111120,-2.785
20111121,-2.79
20111122,-2.795
20111123,-2.795
20111124,-2.798
20111125,-2.803
20111126,-2.798
20111127,-2.803
20111128,-2.814
20111129,-2.804
20111130,-2.817
20111201,-2.801
20111202,-2.811
20111203,-2.689
20111204,-2.574
20111205,-2.424
20111206,-2.278
20111207,-2.215
20111208,-2.183
20111209,-2.094
20111210,-2.173
20111211,-2.235
20111212,-2.277
20111213,-2.109
20111214,-2.124
20111215,-2.187
20111216,-2.083
20111217,-2.108
20111218,-2.058
20111219,-2.126
20111220,-2.04
20111221,-2.097
20111222,-2.139
20111223,-2.196
20111224,-1.993
20111225,-2.098
20111226,-2.187
20111227,-2.252
20111228,-2.285
20111229,-2.333
20111230,-2.174
20111231,-2.206
20120101,-2.215
20120102,-1.894
20120103,-1.833
20120104,-1.843
20120105,-1.556
20120106,-1.941
20120107,-1.869
20120108,-2.074
20120109,-2.13
20120110,-2.192
20120111,-2.233
20120112,-2.245
20120113,-2.277
20120114,-2.31
20120115,-2.332
20120116,-2.352
20120117,-2.377
20120118,-2.383
20120119,-2.333
20120120,-2.328
20120121,-2.249
20120122,-2.262
20120123,-2.279
20120124,-2.297
20120125,-2.334
20120126,-2.368
20120127,-2.323
20120128,-2.385
20120129,-2.305
20120130,-2.39
20120131,-2.381
20120201,-2.476
20120202,-2.491
20120203,-2.478
20120204,-2.513
20120205,-2.504
20120206,-2.538
20120207,-2.553
20120208,-2.07
20120209,-2.548
20120210,-2.536
20120211,-2.564
20120212,-2.554
20120213,-2.553
20120214,-2.566
20120215,-2.567
20120216,-2.483
20120217,-2.564
20120218,-2.532
20120219,-2.443
20120220,-2.428
20120221,-2.416
20120222,-2.402
20120223,-2.392
20120224,-2.416
20120225,-2.455
20120226,-2.488
20120227,-2.503
20120228,-2.523
20120229,-2.543
20120301,-2.555
20120302,-2.568
20120303,-2.569
20120304,-2.582
20120305,-2.593
20120306,-2.599
20120307,-2.585
20120308,-2.502
20120309,-2.483
20120310,-2.509
20120311,-2.532
20120312,-2.556
20120313,-2.578
20120314,-2.593
20120315,-2.601
20120316,-2.607
20120317,-2.614
20120318,-2.614
20120319,-2.639
20131210,-3.1741666666666664
20131211,-3.213000000000001
20131212,-3.2402916666666663
20131213,-3.2706666666666666
20131214,-3.2926666666666673
20131215,-3.2434999999999996
20131216,-3.2514166666666675
20131217,-3.2886249999999997
20131218,-3.269
20131219,-3.2594166666666666
20131220,-3.266208333333333
20131221,-3.2277916666666666
20131222,-3.0011249999999996
20131223,-2.9680416666666667
20131224,-2.9042499999999998
20131225,-2.8446666666666665
20131226,-2.9059166666666663
20131227,-2.869708333333334
20131228,-2.9224999999999994
20131229,-3.0036666666666676
20131230,-3.0344583333333333
20131231,-3.0601249999999993
20140101,-3.08375
20140102,-3.1144583333333333
20140103,-3.1399166666666676
20140104,-3.105041666666668
20140105,-3.1316666666666673
20140106,-3.060083333333333
20140107,-2.8114166666666667
20140108,-2.845375
20140109,-2.8151666666666664
20140110,-2.8370416666666673
20140111,-2.8789583333333333
20140112,-2.940208333333334
20140113,-2.985208333333333
20140114,-3.036958333333333
20140115,-3.052333333333334
20140116,-2.937041666666667
20140117,-2.953125
20140118,-3.0339166666666664
20140119,-3.1162500000000004
20140120,-3.16525
20140121,-3.1400000000000006
20140122,-3.1192499999999996
20140123,-3.175083333333333
20140124,-3.2176666666666676
20140125,-3.225791666666666
20140126,-2.985041666666666
20140127,-2.817833333333333
20140128,-2.891166666666667
20140129,-3.043458333333333
20140130,-3.1490416666666667
20140131,-3.202458333333334
20140201,-3.1711666666666667
20140202,-3.212875
20140203,-3.268541666666667
20140204,-3.2940416666666668
20140205,-3.3127499999999994
20140206,-3.3345416666666665
20140207,-3.190375
20140208,-3.077458333333334
20140209,-3.1121666666666665
20140210,-3.18275
20140211,-3.2525416666666676
20140212,-3.2798750000000005
20140213,-3.3129166666666663
20140214,-3.3439583333333327
20140215,-3.2927916666666674
20140216,-3.3434166666666663
20140217,-3.3978749999999995
20140218,-3.4185416666666666
20140219,-3.435416666666667
20140220,-3.443166666666666
20140221,-3.4357083333333347
20140222,-3.442458333333333
20140223,-3.4715000000000003
20140224,-3.490833333333333
20140225,-3.5023750000000002
20140226,-3.5240416666666667
20140227,-3.533000000000001
20140228,-3.541916666666666
20140301,-3.556791666666667
20140302,-3.529625
20140303,-3.520166666666666
20140304,-3.5603333333333325
20140305,-3.5837083333333326
20140306,-3.589541666666666
20140307,-3.5929999999999986
20140308,-3.6014583333333334
20140309,-3.621374999999999
20140310,-3.636458333333334
20140311,-3.655750000000001
20140312,-3.6717500000000007
20140313,-3.671666666666667
20140314,-3.6795416666666676
20140315,-3.6854583333333335
20140316,-3.6917916666666675
20140317,-3.7023749999999995
20140318,-3.6920416666666664
20140319,-3.724083333333333
20140320,-3.7135
20140321,-3.6667916666666667
20140322,-3.570583333333332
20140323,-3.510916666666667
20140324,-3.431791666666667
20140325,-3.333833333333333
20140326,-3.2019583333333332
20140327,-3.345208333333334
20140328,-3.497708333333333
20140329,-3.5092083333333335
20140330,-3.5346249999999997
20140331,-3.579916666666666
20140401,-3.582916666666666
20140402,-3.591166666666666
20140403,-3.6155833333333334
20140404,-3.6177499999999996
20140405,-3.6235416666666667
20140406,-3.6260833333333324
20140407,-3.6327916666666664
20140408,-3.6312083333333334
20140409,-3.6434583333333332
20140410,-3.651083333333333
20140411,-3.64425
20140412,-3.625708333333334
20140413,-3.637416666666667
20140414,-3.6567916666666673
20140415,-3.667833333333334
20140416,-3.6657916666666672
20140417,-3.6493749999999996
20140418,-3.675041666666667
20140419,-3.675875
20140420,-3.6815
20140421,-3.67775
20140422,-3.6722083333333337
20140423,-3.596
20140424,-3.5504583333333333
20140425,-3.494874999999999
20140426,-3.414458333333334
20140427,-3.3102916666666666
20140428,-3.264583333333334
20140429,-3.255000000000001
20140430,-3.2521249999999995
20140501,-3.1944166666666676
20140502,-3.0437499999999997
20140503,-2.9045000000000005
20140504,-2.8114166666666667
20140505,-2.7641249999999995
20140506,-2.748041666666667
20140507,-2.7690833333333327
20140508,-2.76775
20140509,-2.7700833333333335
20140510,-2.7477083333333336
20140511,-2.7213333333333325
20140512,-2.7002083333333338
20140513,-2.670875
20140514,-2.6639999999999997
20140515,-2.6802500000000005
20140516,-2.645458333333333
20140517,-2.603916666666667
20140518,-2.583458333333333
20140519,-2.5614166666666667
20140520,-2.545958333333333
20140521,-2.535458333333333
20140522,-2.521541666666667
20140523,-2.510458333333333
20140524,-2.494583333333334
20140525,-2.474791666666667
20140526,-2.4655
20140527,-2.3368333333333333
20140528,-2.1569583333333333
20140529,-1.9564166666666667
20140530,-1.9749166666666664
20140531,-2.0191666666666666
20140601,-2.065958333333334
20140602,-2.11925
20140603,-2.149625
20140604,-2.1629583333333335
20140605,-2.1417083333333333
20140606,-1.9857499999999995
20140607,-2.0139166666666664
20140608,-2.055916666666667
20140609,-2.0760416666666663
20140610,-2.094291666666667
20140611,-2.1122916666666667
20140612,-2.1234999999999995
20140613,-2.1136666666666666
20140614,-2.0934583333333334
20140615,-2.092833333333333
20140616,-2.0910833333333336
20140617,-2.0900416666666666
20140618,-2.074666666666667
20140619,-2.038791666666666
20140620,-2.0026666666666664
20140621,-2.0039999999999996
20140622,-2.0022499999999996
20140623,-1.9849583333333332
20140624,-1.9759166666666672
20140625,-1.9605
20140626,-1.938583333333333
20140627,-1.9152500000000001
20140628,-1.9839583333333335
20140629,-2.020375
20140630,-2.422916666666667
20140701,-2.6638749999999995
20140702,-2.646125
20140703,-2.6722083333333337
20140704,-2.733875
20140705,-2.7338750000000007
20140706,-2.7263333333333333
20140707,-2.7264999999999997
20140708,-2.7170833333333335
20140709,-2.708375
20140710,-2.701333333333334
20140711,-2.6835
20140712,-2.6805416666666666
20140713,-2.6716666666666664
20140714,-2.667208333333333
20140715,-2.6564999999999994
20140716,-2.6599166666666663
20140717,-2.666416666666666
20140718,-2.658458333333334
20140719,-2.6345416666666663
20140720,-2.6164166666666664
20140721,-2.5933750000000004
20140722,-2.5650833333333334
20140723,-2.5425416666666663
20140724,-2.524875
20140725,-2.510291666666667
20140726,-2.490375
20140727,-2.4738333333333338
20140728,-2.472416666666666
20140729,-2.4659583333333335
20140730,-2.4395416666666674
20140731,-2.444791666666667
20140801,-2.526416666666666
20140802,-2.5604166666666663
20140803,-2.5756956521739136
20140804,-2.5551666666666666
20140805,-2.46625
20140806,-2.4617916666666666
20140807,-2.4730416666666666
20140808,-2.4691666666666667
20140809,-2.476083333333333
20140810,-2.466291666666667
20140811,-2.4840416666666667
20140812,-2.494625
20140813,-2.3998749999999998
20140814,-2.3462916666666667
20140815,-2.3712500000000003
20140816,-2.3957083333333333
20140817,-2.3678750000000006
20140818,-2.3697916666666665
20140819,-2.3578749999999995
20140820,-2.3350416666666676
20140821,-2.2320869565217394
20140822,-2.2132500000000004
20140823,-2.1610416666666667
20140824,-2.14675
20140825,-2.1537916666666663
20140826,-2.1751666666666667
20140827,-2.181333333333334
20140828,-2.193041666666667
20140829,-2.2282083333333333
20140830,-2.2500416666666667
20140831,-2.224208333333333
20140901,-2.023708333333333
20140902,-2.0247083333333333
20140903,-2.0577083333333337
20140904,-2.089958333333333
20140905,-2.1269583333333335
20140906,-2.1471250000000004
20140907,-2.1657916666666663
20140908,-2.1802916666666667
20140909,-2.196958333333334
20140910,-2.2037500000000003
20140911,-2.2121666666666675
20140912,-2.2177916666666673
20140913,-2.1679999999999997
20140914,-2.162708333333333
20140915,-2.149125000000001
20140916,-2.149666666666667
20140917,-2.1658749999999998
20140918,-2.180416666666667
20140919,-2.195083333333334
20140920,-2.2150833333333333
20140921,-2.2273333333333327
20140922,-2.228458333333333
20140923,-2.222458333333334
20140924,-2.2294166666666664
20140925,-2.2431666666666668
20140926,-2.253291666666667
20140927,-2.272791666666667
20140928,-2.285086956521739
20140929,-2.3947083333333334
20140930,-2.4216666666666664
20141001,-2.426458333333333
20141002,-2.4274583333333335
20141003,-2.4252083333333334
20141004,-2.429958333333333
20141005,-2.439666666666667
20141006,-2.4413333333333336
20141007,-2.42375
20141008,-2.3795833333333336
20141009,-2.410583333333333
20141010,-2.419458333333333
20141011,-2.4164999999999996
20141012,-2.4184999999999994
20141013,-2.418875
20141014,-2.4132083333333334
20141015,-2.413416666666666
20141016,-2.4203333333333332
20141017,-2.4275
20141018,-2.4313333333333333
20141019,-2.4289166666666664
20141020,-2.4285416666666664
20141021,-2.4287499999999995
20141022,-2.447708333333334
20141023,-2.4336666666666664
20141024,-2.393291666666667
20141025,-2.3493749999999998
20141026,-2.3200416666666674
20141027,-2.3080416666666665
20141028,-2.3012916666666663
20141029,-2.300916666666667
20141030,-2.31
20141031,-2.3092916666666667
20141101,-2.3185
20141102,-2.332541666666667
20141103,-2.3355000000000006
20141104,-2.338416666666667
20141105,-2.320416666666667
20141106,-2.3155
20141107,-2.308541666666667
20141108,-2.324666666666667
20141109,-2.3385000000000002
20141110,-2.348782608695652
20141111,-2.351375
20141112,-2.3317083333333337
20141113,-2.3251250000000003
20141114,-2.3415416666666666
20141115,-2.383416666666667
20141116,-2.41425
20141117,-2.29475
20141118,-2.2421666666666664
20141119,-2.2607500000000003
20141120,-2.2797500000000004
20141121,-2.311083333333333
20141122,-2.35325
20141123,-2.40025
20141124,-2.4473749999999996
20141125,-2.4705416666666666
20141126,-2.505291666666667
20141127,-2.54475
20141128,-2.574875
20141129,-2.56425
20141130,-2.6247083333333334
20141201,-2.7149583333333323
20141202,-2.7389166666666664
20141203,-2.772583333333333
20141204,-2.8543750000000006
20141205,-2.923083333333334
20141206,-3.0058749999999996
20141207,-3.0861250000000005
20141208,-3.1798750000000005
20141209,-3.2637916666666666
20141210,-3.313541666666666
20141211,-3.3364166666666666
20141212,-3.3298749999999995
20141213,-3.270375000000001
20141214,-3.4008749999999996
20141215,-3.541416666666666
20141216,-3.6592083333333325
20141217,-3.7517083333333345
20141218,-3.769041666666667
20141219,-3.7698750000000008
20141220,-3.8082499999999997
20141221,-3.894541666666667
20141222,-3.9962916666666666
20141223,-4.065041666666667
20141224,-4.061083333333333
20141225,-4.091166666666667
20141226,-4.1801249999999985
20141227,-4.246791666666668
20141228,-4.3225
20141229,-4.374625
20141230,-4.407166666666668
20141231,-4.46675
20150101,-4.542125
20150102,-4.582041666666666
20150103,-4.616333333333334
20150104,-4.6735
20150105,-4.7084166666666665
20150106,-4.748749999999999
20150107,-4.7885833333333325
20150108,-4.806166666666667
20150109,-4.676416666666667
20150110,-4.622791666666667
20150111,-4.664458333333333
20150112,-4.736916666666667
20150113,-4.452625
20150114,-4.4355416666666665
20150115,-4.403416666666667
20150116,-4.481833333333333
20150117,-4.564874999999999
20150118,-4.567875
20150119,-4.586374999999999
20150120,-4.664291666666667
20150121,-4.7289166666666675
20150122,-4.790083333333334
20150123,-4.841458333333333
20150124,-4.882250000000001
20150125,-4.905875000000001
20150126,-4.720875
20150127,-4.618333333333333
20150128,-4.581125000000001
20150129,-4.498666666666667
20150130,-4.524083333333334
20150131,-4.5703749999999985
20150201,-4.655291666666668
20150202,-4.6280833333333335
20150203,-4.693416666666667
20150204,-4.799333333333331
20150205,-4.8950000000000005
20150206,-4.965041666666666
20150207,-5.005166666666665
20150208,-4.9980416666666665
20150209,-5.039208333333335
20150210,-5.042333333333335
20150211,-5.100666666666666
20150212,-5.142083333333335
20150213,-5.16575
20150214,-5.198083333333332
20150215,-5.229125000000001
20150216,-5.248124999999999
20150217,-5.260125
20150218,-5.256541666666666
20150219,-5.265958333333334
20150220,-5.274083333333334
20150221,-5.038958333333333
20150222,-5.015416666666668
20150223,-4.984791666666667
20150224,-5.014625000000001
20150225,-5.019583333333334
20150226,-4.901916666666668
20150227,-4.839416666666666
20150228,-4.711125
20150301,-2.2231666666666667
20150302,-2.2955
20150303,-2.3234583333333334
20150304,-2.283875
20150305,-2.3365416666666667
20150306,-2.3669583333333333
20150307,-2.396125
20150308,-2.443458333333334
20150309,-2.487625
20150310,-2.527333333333333
20150311,-2.5577916666666667
20150312,-2.560541666666666
20150313,-2.5733750000000004
20150314,-2.6121666666666665
20150315,-2.6005
20150316,-2.621583333333333
20150317,-2.632541666666667
20150318,-2.645041666666667
20150319,-2.6575416666666674
20150320,-2.66375
20150321,-2.678875
20150322,-2.688166666666666
20150323,-2.68875
20150324,-2.699500000000001
20150325,-2.7110416666666666
20150326,-2.7127083333333335
20150327,-2.7209999999999996
