3861
2
date,-9999
head_nap,-9999.0
20070710,-2.453
20070711,-2.5
20070712,-2.568
20070713,-2.605
20070714,-2.621
20070715,-2.649
20070716,-2.689
20070717,-2.576
20070718,-2.326
20070719,-2.411
20070720,-2.446
20070721,-2.559
20070722,-2.548
20070723,-2.551
20070724,-2.653
20070725,-2.487
20070726,-2.427
20070727,-2.586
20070728,-2.572
20070729,-2.571
20070730,-2.685
20070731,-2.701
20070801,-2.685
20070802,-2.688
20070803,-2.815
20070804,-2.748
20070805,-2.725
20070806,-2.761
20070807,-2.83
20070808,-2.815
20070809,-2.815
20070810,-2.835
20070811,-2.829
20070812,-2.813
20070813,-2.874
20070814,-2.84
20070815,-2.851
20070816,-2.944
20070817,-2.913
20070818,-2.871
20070819,-2.852
20070820,-2.874
20070821,-2.931
20070822,-2.947
20070823,-2.943
20070824,-2.971
20070825,-2.939
20070826,-2.931
20070827,-2.902
20070828,-2.95
20070829,-2.934
20070830,-2.911
20070831,-2.923
20070901,-2.972
20070902,-2.917
20070903,-2.995
20070904,-3.011
20070905,-2.978
20070906,-3.136
20070907,-3.127
20070908,-3.098
20070909,-3.121
20070910,-3.05
20070911,-3.132
20070912,-3.064
20070913,-3.044
20070914,-2.981
20070915,-3.122
20070916,-2.976
20070917,-3.063
20070918,-3.149
20070919,-3.039
20070920,-3.053
20070921,-3.071
20070922,-3.119
20070923,-3.056
20070924,-2.972
20070925,-3.067
20070926,-3.079
20070927,-3.091
20070928,-3.04
20070929,-3.061
20070930,-3.147
20071001,-2.875
20071002,-2.816
20071003,-2.795
20071004,-2.838
20071005,-2.873
20071006,-2.857
20071007,-2.845
20071008,-2.913
20071009,-2.882
20071010,-2.95
20071011,-2.905
20071012,-2.93
20071013,-2.958
20071014,-2.919
20071015,-2.918
20071016,-2.972
20071017,-2.963
20071018,-3.071
20071019,-2.99
20071020,-2.993
20071021,-2.923
20071022,-2.97
20071023,-2.963
20071024,-2.948
20071025,-2.943
20071026,-2.942
20071027,-2.983
20071028,-2.905
20071029,-2.947
20071030,-3.037
20071031,-3.008
20071101,-2.982
20071102,-2.984
20071103,-2.94
20071104,-3.01
20071105,-2.932
20071106,-3.049
20071107,-2.864
20071108,-2.894
20071109,-3.032
20071110,-2.898
20071111,-2.825
20071112,-2.736
20071113,-2.55
20071114,-2.678
20071115,-2.624
20071116,-2.592
20071117,-2.618
20071118,-2.617
20071119,-2.71
20071120,-2.729
20071121,-2.723
20071122,-2.754
20071123,-2.913
20071124,-2.826
20071125,-2.848
20071126,-2.899
20071127,-2.877
20071128,-2.761
20071129,-2.74
20071130,-2.838
20071201,-2.825
20071202,-2.771
20071203,-2.746
20071204,-2.471
20071205,-2.326
20071206,-2.464
20071207,-2.39
20071208,-2.217
20071209,-2.179
20071210,-2.317
20071211,-2.375
20071212,-2.4
20071213,-2.412
20071214,-2.43
20071215,-2.502
20071216,-2.56
20071217,-2.571
20071218,-2.623
20071219,-2.653
20071220,-2.622
20071221,-2.626
20071222,-2.665
20071223,-2.745
20071224,-2.696
20071225,-2.666
20071226,-2.834
20071227,-2.74
20071228,-2.723
20071229,-2.693
20071230,-2.892
20071231,-2.816
20080101,-2.776
20080102,-2.784
20080103,-2.724
20080104,-2.814
20080105,-2.756
20080106,-2.91
20080107,-2.725
20080108,-2.902
20080109,-2.776
20080110,-2.787
20080111,-2.798
20080112,-2.738
20080113,-2.596
20080114,-2.527
20080115,-2.551
20080116,-2.692
20080117,-2.592
20080118,-2.698
20080119,-2.501
20080120,-2.171
20080121,-2.054
20080122,-2.162
20080123,-1.963
20080124,-2.076
20080125,-2.15
20080126,-2.199
20080127,-2.294
20080128,-2.272
20080129,-2.293
20080130,-2.354
20080131,-2.214
20080201,-2.353
20080202,-2.607
20080203,-2.423
20080204,-2.409
20080205,-2.436
20080206,-2.644
20080207,-2.524
20080208,-2.51
20080209,-2.534
20080210,-2.563
20080211,-2.575
20080212,-2.595
20080213,-2.611
20080214,-2.623
20080215,-2.691
20080216,-2.684
20080217,-2.628
20080218,-2.65
20080219,-2.667
20080220,-2.662
20080221,-2.701
20080222,-2.726
20080223,-2.79
20080224,-2.705
20080225,-2.835
20080226,-2.614
20080227,-2.811
20080228,-2.715
20080229,-2.651
20080301,-2.726
20080302,-2.617
20080303,-2.593
20080304,-2.711
20080305,-2.705
20080306,-2.6
20080307,-2.607
20080308,-2.657
20080309,-2.666
20080310,-2.595
20080311,-2.747
20080312,-2.655
20080313,-2.624
20080314,-2.53
20080315,-2.534
20080316,-2.583
20080317,-2.709
20080318,-2.687
20080319,-2.721
20080320,-2.651
20080321,-2.602
20080322,-2.544
20080323,-2.418
20080324,-2.468
20080325,-2.567
20080326,-2.516
20080327,-2.561
20080328,-2.583
20080329,-2.756
20080330,-2.446
20080331,-2.633
20080401,-2.48
20080402,-2.575
20080403,-2.605
20080404,-2.545
20080405,-2.521
20080406,-2.603
20080407,-2.677
20080408,-2.68
20080409,-2.662
20080410,-2.734
20080411,-2.734
20080412,-2.793
20080413,-2.798
20080414,-2.81
20080415,-2.843
20080416,-2.805
20080417,-2.746
20080418,-2.803
20080419,-2.854
20080420,-2.884
20080421,-2.851
20080422,-2.91
20080423,-2.905
20080424,-2.901
20080425,-2.951
20080426,-2.879
20080427,-2.852
20080428,-2.855
20080429,-2.881
20080430,-2.875
20080501,-3.017
20080502,-2.998
20080503,-2.975
20080504,-2.946
20080505,-2.984
20080506,-2.957
20080507,-2.941
20080508,-2.958
20080509,-2.972
20080510,-3.008
20080511,-3.013
20080512,-2.992
20080513,-3.009
20080514,-2.983
20080515,-2.983
20080516,-2.999
20080517,-3.008
20080518,-3.052
20080519,-3.049
20080520,-3.037
20080521,-3.021
20080522,-3.019
20080523,-3.027
20080524,-3.031
20080525,-3.074
20080526,-3.038
20080527,-3.045
20080528,-3.027
20080529,-3.056
20080530,-3.061
20080531,-3.084
20080601,-3.06
20080602,-3.047
20080603,-3.081
20080604,-3.09
20080605,-3.045
20080606,-3.05
20080607,-3.083
20080608,-3.11
20080609,-3.106
20080610,-3.064
20080611,-3.077
20080612,-3.052
20080613,-3.101
20080614,-3.078
20080615,-3.073
20080616,-3.121
20080617,-3.121
20080618,-3.107
20080619,-3.058
20080620,-3.144
20080621,-3.128
20080622,-3.043
20080623,-3.196
20080624,-3.116
20080625,-3.068
20080626,-3.154
20080627,-3.126
20080628,-3.125
20080629,-3.122
20080630,-3.184
20080701,-3.096
20080702,-3.094
20080703,-3.141
20080704,-3.169
20080705,-3.116
20080706,-3.079
20080707,-3.12
20080708,-3.192
20080709,-3.136
20080710,-3.058
20080711,-3.071
20080712,-3.108
20080713,-3.12
20080714,-3.126
20080715,-3.087
20080716,-3.058
20080717,-3.047
20080718,-3.071
20080719,-3.023
20080720,-3.101
20080721,-3.02
20080722,-3.072
20080723,-3.025
20080724,-2.984
20080725,-2.98
20080726,-3.023
20080727,-2.989
20080728,-2.579
20080729,-2.657
20080730,-2.712
20080731,-2.671
20080801,-2.766
20080802,-2.768
20080803,-2.818
20080804,-2.842
20080805,-2.794
20080806,-2.725
20080807,-2.7
20080808,-2.788
20080809,-2.799
20080810,-2.729
20080811,-2.777
20080812,-2.644
20080813,-2.811
20080814,-2.875
20080815,-2.649
20080816,-2.65
20080817,-2.677
20080818,-2.73
20080819,-2.739
20080820,-2.821
20080821,-2.745
20080822,-2.627
20080823,-2.616
20080824,-2.652
20080825,-2.704
20080826,-2.756
20080827,-2.718
20080828,-2.757
20080829,-2.798
20080830,-2.798
20080831,-2.768
20080901,-2.862
20080902,-2.756
20080903,-2.863
20080904,-2.862
20080905,-2.884
20080906,-2.917
20080907,-2.898
20080908,-2.969
20080909,-2.901
20080910,-2.942
20080911,-2.895
20080912,-2.931
20080913,-2.993
20080914,-2.98
20080915,-2.947
20080916,-2.945
20080917,-2.953
20080918,-2.969
20080919,-2.996
20080920,-2.986
20080921,-2.937
20080922,-2.973
20080923,-2.967
20080924,-3.041
20080925,-3.037
20080926,-3.013
20080927,-2.966
20080928,-2.967
20080929,-2.948
20080930,-2.903
20081001,-2.961
20081002,-3.021
20081003,-3.006
20081004,-2.956
20081005,-2.769
20081006,-2.569
20081007,-2.334
20081008,-2.487
20081009,-2.565
20081010,-2.501
20081011,-2.56
20081012,-2.615
20081013,-2.593
20081014,-2.729
20081015,-2.648
20081016,-2.734
20081017,-2.776
20081018,-2.626
20081019,-2.683
20081020,-2.604
20081021,-2.735
20081022,-2.79
20081023,-2.744
20081024,-2.754
20081025,-2.805
20081026,-2.682
20081027,-2.737
20081028,-2.722
20081029,-2.58
20081030,-2.492
20081031,-2.632
20081101,-2.629
20081102,-2.74
20081103,-2.677
20081104,-2.755
20081105,-2.711
20081106,-2.743
20081107,-2.728
20081108,-2.808
20081109,-2.777
20081110,-2.791
20081111,-2.787
20081112,-2.227
20081113,-2.218
20081114,-2.253
20081115,-2.291
20081116,-2.35
20081117,-2.42
20081118,-2.347
20081119,-2.5
20081120,-2.512
20081121,-2.498
20081122,-2.402
20081123,-2.284
20081124,-2.428
20081125,-2.518
20081126,-2.463
20081127,-2.416
20081128,-2.471
20081129,-2.518
20081130,-2.589
20081201,-2.65
20081202,-2.652
20081203,-2.615
20081204,-2.546
20081205,-2.689
20081206,-2.778
20081207,-2.784
20081208,-2.651
20081209,-2.641
20081210,-2.685
20081211,-2.574
20081212,-2.615
20081213,-2.511
20081214,-2.691
20081215,-2.763
20081216,-2.679
20081217,-2.694
20081218,-2.743
20081219,-2.807
20081220,-2.743
20081221,-2.76
20081222,-2.776
20081223,-2.772
20081224,-2.73
20081225,-2.821
20081226,-2.818
20081227,-2.776
20081228,-2.775
20081229,-2.823
20081230,-2.825
20081231,-2.802
20090101,-2.864
20090102,-2.885
20090103,-2.813
20090104,-2.816
20090105,-2.993
20090106,-2.874
20090107,-2.863
20090108,-2.931
20090109,-2.903
20090110,-2.886
20090111,-2.892
20090112,-2.838
20090113,-2.922
20090114,-2.948
20090115,-2.956
20090116,-2.897
20090117,-2.857
20090118,-2.746
20090119,-2.759
20090120,-2.959
20090121,-2.813
20090122,-2.574
20090123,-2.493
20090124,-2.497
20090125,-2.394
20090126,-2.515
20090127,-2.604
20090128,-2.591
20090129,-2.638
20090130,-2.661
20090131,-2.669
20090201,-2.671
20090202,-2.653
20090203,-2.766
20090204,-2.757
20090205,-2.752
20090206,-2.798
20090207,-2.825
20090208,-2.89
20090209,-2.799
20090210,-2.722
20090211,-2.805
20090212,-2.661
20090213,-2.587
20090214,-2.664
20090215,-2.573
20090216,-2.652
20090217,-2.562
20090218,-2.368
20090219,-2.412
20090220,-2.508
20090221,-2.512
20090222,-2.486
20090223,-2.566
20090224,-2.679
20090225,-2.624
20090226,-2.625
20090227,-2.698
20090228,-2.687
20090301,-2.66
20090302,-2.763
20090303,-2.631
20090304,-2.534
20090305,-2.742
20090306,-2.773
20090307,-2.75
20090308,-2.63
20090309,-2.726
20090310,-2.577
20090311,-2.716
20090312,-2.537
20090313,-2.672
20090314,-2.577
20090315,-2.753
20090316,-2.72
20090317,-2.766
20090318,-2.698
20090319,-2.759
20090320,-2.773
20090321,-2.752
20090322,-2.796
20090323,-2.625
20090324,-2.907
20090325,-2.646
20090326,-2.816
20090327,-2.77
20090328,-2.67
20090329,-2.564
20090330,-2.476
20090331,-2.521
20090401,-2.572
20090402,-2.605
20090403,-2.635
20090404,-2.721
20090405,-2.765
20090406,-2.683
20090407,-2.765
20090408,-2.756
20090409,-2.833
20090410,-2.787
20090411,-2.886
20090412,-2.862
20090413,-2.86
20090414,-2.901
20090415,-2.884
20090416,-2.873
20090417,-2.941
20090418,-2.976
20090419,-2.977
20090420,-2.949
20090421,-2.945
20090422,-2.952
20090423,-2.972
20090424,-2.932
20090425,-2.895
20090426,-2.948
20090427,-2.948
20090428,-2.99
20090429,-3.046
20090430,-3.037
20090501,-3.03
20090502,-3.029
20090503,-2.955
20090504,-3.013
20090505,-2.98
20090506,-3.015
20090507,-3.014
20090508,-2.984
20090509,-3.042
20090510,-3.075
20090511,-3.051
20090512,-3.025
20090513,-3.009
20090514,-2.987
20090515,-3.011
20090516,-3.082
20090517,-3.013
20090518,-3.064
20090519,-3.024
20090520,-3.014
20090521,-2.935
20090522,-3.023
20090523,-3.023
20090524,-3.033
20090525,-2.992
20090526,-2.933
20090527,-3.054
20090528,-3.072
20090529,-3.009
20090530,-2.961
20090531,-2.981
20090601,-2.984
20090602,-2.988
20090603,-2.967
20090604,-2.962
20090605,-2.972
20090606,-2.943
20090607,-3.027
20090608,-3.051
20090609,-2.972
20090610,-3.088
20090611,-3.048
20090612,-3.04
20090613,-3.012
20090614,-2.976
20090615,-3.019
20090616,-3.066
20090617,-2.961
20090618,-3.039
20090619,-3.016
20090620,-3.029
20090621,-3.023
20090622,-3.063
20090623,-3.03
20090624,-2.985
20090625,-2.988
20090626,-3.026
20090627,-3.047
20090628,-3.033
20090629,-3.053
20090630,-3.059
20090701,-3.049
20090702,-3.021
20090703,-2.989
20090704,-3.046
20090705,-3.025
20090706,-3.033
20090707,-3.021
20090708,-3.043
20090709,-3.047
20090710,-3.006
20090711,-2.923
20090712,-2.79
20090713,-2.845
20090714,-2.81
20090715,-2.851
20090716,-2.876
20090717,-2.771
20090718,-2.872
20090719,-2.913
20090720,-2.942
20090721,-2.906
20090722,-2.933
20090723,-2.942
20090724,-2.993
20090725,-3.032
20090726,-2.945
20090727,-2.916
20090728,-3.037
20090729,-2.955
20090730,-3.031
20090731,-3.02
20090801,-2.921
20090802,-3.004
20090803,-3.038
20090804,-3.041
20090805,-3.021
20090806,-3.021
20090807,-3.009
20090808,-3.063
20090809,-3.029
20090810,-3.025
20090811,-3.077
20090812,-3.031
20090813,-3.07
20090814,-3.071
20090815,-3.039
20090816,-3.091
20090817,-3.072
20090818,-3.136
20090819,-3.079
20090820,-3.045
20090821,-3.137
20090822,-3.139
20090823,-3.081
20090824,-3.048
20090825,-3.166
20090826,-3.141
20090827,-3.126
20090828,-3.095
20090829,-3.181
20090830,-3.129
20090831,-3.102
20090901,-3.097
20090902,-3.145
20090903,-2.981
20090904,-3.138
20090905,-3.223
20090906,-3.106
20090907,-3.037
20090908,-3.052
20090909,-3.13
20090910,-3.1
20090911,-3.069
20090912,-3.056
20090913,-3.05
20090914,-3.101
20090915,-3.087
20090916,-3.112
20090917,-3.119
20090918,-3.106
20090919,-3.108
20090920,-3.176
20090921,-3.158
20090922,-3.118
20090923,-3.151
20090924,-3.126
20090925,-3.143
20090926,-3.137
20090927,-3.121
20090928,-3.098
20090929,-3.107
20090930,-3.095
20091001,-3.126
20091002,-3.113
20091003,-3.004
20091004,-3.189
20091005,-3.124
20091006,-3.106
20091007,-3.166
20091008,-3.183
20091009,-3.156
20091010,-3.057
20091011,-3.083
20091012,-3.285
20091013,-3.153
20091014,-3.148
20091015,-3.102
20091016,-3.064
20091017,-3.138
20091018,-3.097
20091019,-3.082
20091020,-3.043
20091021,-3.099
20091022,-3.109
20091023,-3.173
20091024,-3.1
20091025,-3.154
20091026,-3.123
20091027,-3.159
20091028,-3.07
20091029,-3.146
20091030,-3.121
20091031,-3.064
20091101,-2.977
20091102,-3.094
20091103,-3.028
20091104,-3.093
20091105,-3.106
20091106,-3.147
20091107,-3.0
20091108,-3.161
20091109,-3.081
20091110,-2.981
20091111,-3.023
20091112,-2.955
20091113,-2.901
20091114,-2.834
20091115,-2.904
20091116,-2.71
20091117,-2.721
20091118,-2.612
20091119,-2.686
20091120,-2.587
20091121,-2.647
20091122,-2.569
20091123,-2.578
20091124,-2.626
20091125,-2.403
20091126,-2.49
20091127,-2.469
20091128,-2.278
20091129,-2.336
20091130,-2.428
20091201,-2.582
20091202,-2.484
20091203,-2.514
20091204,-2.698
20091205,-2.572
20091206,-2.513
20091207,-2.469
20091208,-2.457
20091209,-2.429
20091210,-2.42
20091211,-2.462
20091212,-2.421
20091213,-2.474
20091214,-2.521
20091215,-2.58
20091216,-2.527
20091217,-2.66
20091218,-2.715
20091219,-2.722
20091220,-2.604
20091221,-2.809
20091222,-2.705
20091223,-2.86
20091224,-2.79
20091225,-2.789
20091226,-2.782
20091227,-2.149
20091228,-2.221
20091229,-2.103
20091230,-2.249
20091231,-2.355
20100101,-2.427
20100102,-2.518
20100103,-2.569
20100104,-2.484
20100105,-2.534
20100106,-2.628
20100107,-2.72
20100108,-2.759
20100109,-2.685
20100110,-2.716
20100111,-2.725
20100112,-2.691
20100113,-2.675
20100114,-2.758
20100115,-2.829
20100116,-2.686
20100117,-2.782
20100118,-2.813
20100119,-2.739
20100120,-2.504
20100121,-2.587
20100122,-2.552
20100123,-2.572
20100124,-2.643
20100125,-2.741
20100126,-2.776
20100127,-2.57
20100128,-2.707
20100129,-2.596
20100130,-2.842
20100131,-2.815
20100201,-2.816
20100202,-2.678
20100203,-2.545
20100204,-2.607
20100205,-2.553
20100206,-2.708
20100207,-2.659
20100208,-2.589
20100209,-2.654
20100210,-2.745
20100211,-2.788
20100212,-2.798
20100213,-2.776
20100214,-2.797
20100215,-2.782
20100216,-2.788
20100217,-2.817
20100218,-2.87
20100219,-2.816
20100220,-2.908
20100221,-2.907
20100222,-2.87
20100223,-2.777
20100224,-2.722
20100225,-2.68
20100226,-2.664
20100227,-2.776
20100228,-2.538
20100301,-2.74
20100302,-2.498
20100303,-2.491
20100304,-2.543
20100305,-2.569
20100306,-2.711
20100307,-2.602
20100308,-2.565
20100309,-2.641
20100310,-2.648
20100311,-2.635
20100312,-2.697
20100313,-2.758
20100314,-2.71
20100315,-2.731
20100316,-2.828
20100317,-2.727
20100318,-2.758
20100319,-2.778
20100320,-2.732
20100321,-2.897
20100322,-2.774
20100323,-2.797
20100324,-2.708
20100325,-2.74
20100326,-2.814
20100327,-2.784
20100328,-2.826
20100329,-2.834
20100330,-2.737
20100331,-2.862
20100401,-2.933
20100402,-2.853
20100403,-2.862
20100404,-2.878
20100405,-2.889
20100406,-2.729
20100407,-2.724
20100408,-2.831
20100409,-2.784
20100410,-2.784
20100411,-2.793
20100412,-2.796
20100413,-2.824
20100414,-2.853
20100415,-2.872
20100416,-2.895
20100417,-2.842
20100418,-2.851
20100419,-2.938
20100420,-2.855
20100421,-2.924
20100422,-3.084
20100423,-3.089
20100424,-3.129
20100425,-3.086
20100426,-3.127
20100427,-3.131
20100428,-3.074
20100429,-3.046
20100430,-3.135
20100501,-3.12
20100502,-3.136
20100503,-3.181
20100504,-3.167
20100505,-3.047
20100506,-2.997
20100507,-3.045
20100508,-3.061
20100509,-3.042
20100510,-3.037
20100511,-3.028
20100512,-3.029
20100513,-2.918
20100514,-2.801
20100515,-2.79
20100516,-2.855
20100517,-2.905
20100518,-2.929
20100519,-2.93
20100520,-2.963
20100521,-2.981
20100522,-2.971
20100523,-2.966
20100524,-2.948
20100525,-3.051
20100526,-3.013
20100527,-3.056
20100528,-3.081
20100529,-3.062
20100530,-3.021
20100531,-3.18
20100601,-3.091
20100602,-3.152
20100603,-3.14
20100604,-3.126
20100605,-3.117
20100606,-3.074
20100607,-3.154
20100608,-3.103
20100609,-3.177
20100610,-3.136
20100611,-3.124
20100612,-3.176
20100613,-3.171
20100614,-3.198
20100615,-3.221
20100616,-3.168
20100617,-3.166
20100618,-3.152
20100619,-3.137
20100620,-3.256
20100621,-3.231
20100622,-3.212
20100623,-3.183
20100624,-3.184
20100625,-3.219
20100626,-3.227
20100627,-3.232
20100628,-3.221
20100629,-3.219
20100630,-3.238
20100701,-3.188
20100702,-3.219
20100703,-3.255
20100704,-3.238
20100705,-3.241
20100706,-3.261
20100707,-3.216
20100708,-3.242
20100709,-3.22
20100710,-3.272
20100711,-3.266
20100712,-3.178
20100713,-3.221
20100714,-3.185
20100715,-3.278
20100716,-3.196
20100717,-3.244
20100718,-3.262
20100719,-3.2
20100720,-3.173
20100721,-3.189
20100722,-3.294
20100723,-3.268
20100724,-3.282
20100725,-3.21
20100726,-3.237
20100727,-3.295
20100728,-3.254
20100729,-3.247
20100730,-3.29
20100731,-3.24
20100801,-3.276
20100802,-3.274
20100803,-3.261
20100804,-3.182
20100805,-3.296
20100806,-3.299
20100807,-3.245
20100808,-3.255
20100809,-3.256
20100810,-3.217
20100811,-3.266
20100812,-3.237
20100813,-3.247
20100814,-3.246
20100815,-3.223
20100816,-3.223
20100817,-3.212
20100818,-3.226
20100819,-3.297
20100820,-3.24
20100821,-3.261
20100822,-3.2
20100823,-3.077
20100824,-3.329
20100825,-3.305
20100826,-3.175
20100827,-3.232
20100828,-3.191
20100829,-3.019
20100830,-2.875
20100831,-2.44
20100901,-2.465
20100902,-2.548
20100903,-2.606
20100904,-2.67
20100905,-2.722
20100906,-2.71
20100907,-2.732
20100908,-2.776
20100909,-2.916
20100910,-2.898
20100911,-2.877
20100912,-2.95
20100913,-2.969
20100914,-2.888
20100915,-2.891
20100916,-2.577
20100917,-2.517
20100918,-2.563
20100919,-2.562
20100920,-2.601
20100921,-2.655
20100922,-2.622
20100923,-2.649
20100924,-2.685
20100925,-2.632
20100926,-2.606
20100927,-2.649
20100928,-2.686
20100929,-2.695
20100930,-2.679
20101001,-2.769
20101002,-2.782
20101003,-2.779
20101004,-2.804
20101005,-2.856
20101006,-2.861
20101007,-2.957
20101008,-2.896
20101009,-2.893
20101010,-2.94
20101011,-2.975
20101012,-2.973
20101013,-2.985
20101014,-2.988
20101015,-2.976
20101016,-3.096
20101017,-3.069
20101018,-2.984
20101019,-2.96
20101020,-3.101
20101021,-2.858
20101022,-2.443
20101023,-2.396
20101024,-2.706
20101025,-2.694
20101026,-2.643
20101027,-2.625
20101028,-2.648
20101029,-2.615
20101030,-2.712
20101031,-2.752
20101101,-2.846
20101102,-2.761
20101103,-2.846
20101104,-2.834
20101105,-2.791
20101106,-2.622
20101107,-2.418
20101108,-2.352
20101109,-2.624
20101110,-2.743
20101111,-2.679
20101112,-2.736
20101113,-2.555
20101114,-2.567
20101115,-2.538
20101116,-2.509
20101117,-2.47
20101118,-2.577
20101119,-2.667
20101120,-2.681
20101121,-2.699
20101122,-2.708
20101123,-2.756
20101124,-2.787
20101125,-2.753
20101126,-2.782
20101127,-2.786
20101128,-2.848
20101129,-2.849
20101130,-2.888
20101201,-2.824
20101202,-2.885
20101203,-2.892
20101204,-2.898
20101205,-2.839
20101206,-2.949
20101207,-2.978
20101208,-2.966
20101209,-3.049
20101210,-2.978
20101211,-2.759
20101212,-2.832
20101213,-2.777
20101214,-2.886
20101215,-2.782
20101216,-2.569
20101217,-2.778
20101218,-2.818
20101219,-2.781
20101220,-2.914
20101221,-2.863
20101222,-2.875
20101223,-2.916
20101224,-2.984
20101225,-3.023
20101226,-2.962
20101227,-2.947
20101228,-2.986
20101229,-3.013
20101230,-3.007
20101231,-3.015
20110101,-2.959
20110102,-3.003
20110103,-2.99
20110104,-2.941
20110105,-2.955
20110106,-2.969
20110107,-3.019
20110108,-2.869
20110109,-2.946
20110110,-2.911
20110111,-2.706
20110112,-2.91
20110113,-2.805
20110114,-2.714
20110115,-2.648
20110116,-2.493
20110117,-2.536
20110118,-2.639
20110119,-2.624
20110120,-2.685
20110121,-2.699
20110122,-2.681
20110123,-2.694
20110124,-2.74
20110125,-2.66
20110126,-2.808
20110127,-2.878
20110128,-2.828
20110129,-2.811
20110130,-2.854
20110131,-2.893
20110201,-2.859
20110202,-2.909
20110203,-2.929
20110204,-2.821
20110205,-2.92
20110206,-2.939
20110207,-2.862
20110208,-3.025
20110209,-2.905
20110210,-2.88
20110211,-2.949
20110212,-2.93
20110213,-2.945
20110214,-2.909
20110215,-2.874
20110216,-2.916
20110217,-2.923
20110218,-2.923
20110219,-2.88
20110220,-2.911
20110221,-2.904
20110222,-2.944
20110223,-2.941
20110224,-2.964
20110225,-2.974
20110226,-2.855
20110227,-3.002
20110228,-3.099
20110301,-3.045
20110302,-2.938
20110303,-2.937
20110304,-2.923
20110305,-2.918
20110306,-2.982
20110307,-2.972
20110308,-2.88
20110309,-2.908
20110310,-2.909
20110311,-3.062
20110312,-2.927
20110313,-3.005
20110314,-3.092
20110315,-3.006
20110316,-2.983
20110317,-2.997
20110318,-3.077
20110319,-3.114
20110320,-3.018
20110321,-3.045
20110322,-3.057
20110323,-3.065
20110324,-3.014
20110325,-2.948
20110326,-3.063
20110327,-3.024
20110328,-3.082
20110329,-3.048
20110330,-3.05
20110331,-3.022
20110401,-3.144
20110402,-3.019
20110403,-3.107
20110404,-3.143
20110405,-3.058
20110406,-3.122
20110407,-3.1
20110408,-3.072
20110409,-3.113
20110410,-3.1
20110411,-3.047
20110412,-3.18
20110413,-3.083
20110414,-3.103
20110415,-3.137
20110416,-3.128
20110417,-3.159
20110418,-3.098
20110419,-3.112
20110420,-3.141
20110421,-3.133
20110422,-3.126
20110423,-3.162
20110424,-3.185
20110425,-3.179
20110426,-3.177
20110427,-3.141
20110428,-3.14
20110429,-3.165
20110430,-3.167
20110501,-3.193
20110502,-3.181
20110503,-3.204
20110504,-3.149
20110505,-3.111
20110506,-3.076
20110507,-3.078
20110508,-3.107
20110509,-3.153
20110510,-3.125
20110511,-3.074
20110512,-3.058
20110513,-3.124
20110514,-3.069
20110515,-3.151
20110516,-3.073
20110517,-3.104
20110518,-3.062
20110519,-3.146
20110520,-3.091
20110521,-3.128
20110522,-3.069
20110523,-3.142
20110524,-3.182
20110525,-3.129
20110526,-2.995
20110527,-3.2
20110528,-3.086
20110529,-3.12
20110530,-3.104
20110531,-3.183
20110601,-3.182
20110602,-3.145
20110603,-3.105
20110604,-3.071
20110605,-3.062
20110606,-3.113
20110607,-3.162
20110608,-3.131
20110609,-3.168
20110610,-3.119
20110611,-3.126
20110612,-3.105
20110613,-3.053
20110614,-3.148
20110615,-3.059
20110616,-3.044
20110617,-3.111
20110618,-3.0
20110619,-3.104
20110620,-3.077
20110621,-3.047
20110622,-3.042
20110623,-3.084
20110624,-3.095
20110625,-3.032
20110626,-3.068
20110627,-2.992
20110628,-3.03
20110629,-3.076
20110630,-3.039
20110701,-3.029
20110702,-2.983
20110703,-3.023
20110704,-3.028
20110705,-3.008
20110706,-2.979
20110707,-3.022
20110708,-3.04
20110709,-3.041
20110710,-3.053
20110711,-3.059
20110712,-3.02
20110713,-3.015
20110714,-2.975
20110715,-3.138
20110716,-2.886
20110717,-2.955
20110718,-2.912
20110719,-2.926
20110720,-2.913
20110721,-2.908
20110722,-2.909
20110723,-2.871
20110724,-2.908
20110725,-2.842
20110726,-2.75
20110727,-2.764
20110728,-2.761
20110729,-2.762
20110730,-2.79
20110731,-2.819
20110801,-2.854
20110802,-2.873
20110803,-2.861
20110804,-2.881
20110805,-2.908
20110806,-2.788
20110807,-2.883
20110808,-2.801
20110809,-2.91
20110810,-2.801
20110811,-2.745
20110812,-2.735
20110813,-2.627
20110814,-2.647
20110815,-2.756
20110816,-2.706
20110817,-2.755
20110818,-2.76
20110819,-2.841
20110820,-2.814
20110821,-2.754
20110822,-2.884
20110823,-2.807
20110824,-2.878
20110825,-2.858
20110826,-2.78
20110827,-2.919
20110828,-2.883
20110829,-2.883
20110830,-2.878
20110831,-2.862
20110901,-2.859
20110902,-2.814
20110903,-2.851
20110904,-2.889
20110905,-2.937
20110906,-2.886
20110907,-2.987
20110908,-2.876
20110909,-2.436
20110910,-2.444
20110911,-2.558
20110912,-2.522
20110913,-2.666
20110914,-2.742
20110915,-2.781
20110916,-2.722
20110917,-2.744
20110918,-2.768
20110919,-2.86
20110920,-2.852
20110921,-2.799
20110922,-2.873
20110923,-2.864
20110924,-2.875
20110925,-2.922
20110926,-2.934
20110927,-2.986
20110928,-2.946
20110929,-2.946
20110930,-2.959
20111001,-2.987
20111002,-2.971
20111003,-2.959
20111004,-3.019
20111005,-2.986
20111006,-2.921
20111007,-3.059
20111008,-2.968
20111009,-2.754
20111010,-2.644
20111011,-2.504
20111012,-2.503
20111013,-2.642
20111014,-2.659
20111015,-2.66
20111016,-2.71
20111017,-2.744
20111018,-2.741
20111019,-2.84
20111020,-2.826
20111021,-2.699
20111022,-2.684
20111023,-2.749
20111024,-2.756
20111025,-2.825
20111026,-2.922
20111027,-2.888
20111028,-2.985
20111029,-2.889
20111030,-2.926
20111031,-2.927
20111101,-2.902
20111102,-2.973
20111103,-2.907
20111104,-2.981
20111105,-2.999
20111106,-3.086
20111107,-3.028
20111108,-3.005
20111109,-3.043
20111110,-3.04
20111111,-3.045
20111112,-3.095
20111113,-3.069
20111114,-3.022
20111115,-3.049
20111116,-3.064
20111117,-3.077
20111118,-3.084
20111119,-3.081
20111120,-3.101
20111121,-3.08
20111122,-3.116
20111123,-3.146
20111124,-3.119
20111125,-3.041
20111126,-3.119
20111127,-3.027
20111128,-3.174
20111129,-3.031
20111130,-3.266
20111201,-2.981
20111202,-3.154
20111203,-2.943
20111204,-2.999
20111205,-2.992
20111206,-2.711
20111207,-2.442
20111208,-2.6
20111209,-2.569
20111210,-2.473
20111211,-2.485
20111212,-2.516
20111213,-2.414
20111214,-2.365
20111215,-2.467
20111216,-2.259
20111217,-2.517
20111218,-2.429
20111219,-2.436
20111220,-2.395
20111221,-2.38
20111222,-2.448
20111223,-2.428
20111224,-2.672
20111225,-2.327
20111226,-2.477
20111227,-2.525
20111228,-2.429
20111229,-2.604
20111230,-2.738
20111231,-2.475
20120101,-2.508
20120102,-2.559
20120103,-2.113
20120104,-2.27
20120105,-2.059
20120106,-2.367
20120107,-2.216
20120108,-2.305
20120109,-2.358
20120110,-2.457
20120111,-2.453
20120112,-2.367
20120113,-2.584
20120114,-2.571
20120115,-2.597
20120116,-2.639
20120117,-2.651
20120118,-2.612
20120119,-2.603
20120120,-2.647
20120121,-2.52
20120122,-2.544
20120123,-2.6
20120124,-2.638
20120125,-2.603
20120126,-2.596
20120127,-2.713
20120128,-2.721
20120129,-2.697
20120130,-2.678
20120131,-2.748
20120201,-2.792
20120202,-2.775
20120203,-2.748
20120204,-2.808
20120205,-2.758
20120206,-2.823
20120207,-2.869
20120208,-2.795
20120209,-2.777
20120210,-2.838
20120211,-2.787
20120212,-2.74
20120213,-2.714
20120214,-2.805
20120215,-2.804
20120216,-2.853
20120217,-2.782
20120218,-2.672
20120219,-2.871
20120220,-2.792
20120221,-2.689
20120222,-2.655
20120223,-2.721
20120224,-2.689
20120225,-2.686
20120226,-2.771
20120227,-2.713
20120228,-2.786
20120229,-2.839
20120301,-2.832
20120302,-2.857
20120303,-2.793
20120304,-2.837
20120305,-2.858
20120306,-2.955
20120307,-2.768
20120308,-3.04
20120309,-2.81
20120310,-2.801
20120311,-2.833
20120312,-2.826
20120313,-2.864
20120314,-2.862
20120315,-2.836
20120316,-2.858
20120317,-2.885
20120318,-2.887
20120319,-3.023
20120320,-2.94
20120321,-2.97
20120322,-2.939
20120323,-2.935
20120324,-2.981
20120325,-3.019
20120326,-3.002
20120327,-2.99
20120328,-2.959
20120329,-2.952
20120330,-2.998
20120331,-2.983
20120401,-3.014
20120402,-3.004
20120403,-3.004
20120404,-3.125
20120405,-3.1
20120406,-2.984
20120407,-3.086
20120408,-3.085
20120409,-2.957
20120410,-3.041
20120411,-3.12
20120412,-3.098
20120413,-3.098
20120414,-3.097
20120415,-3.164
20120416,-3.122
20120417,-2.942
20120418,-3.03
20120419,-3.099
20120420,-3.13
20120421,-3.1
20120422,-3.141
20120423,-3.076
20120424,-3.085
20120425,-3.127
20120426,-3.159
20120427,-3.193
20120428,-3.094
20120429,-3.019
20120430,-3.204
20120501,-3.107
20120502,-3.093
20120503,-3.088
20120504,-3.05
20120505,-3.161
20120506,-3.132
20120507,-3.149
20120508,-3.044
20120509,-3.128
20120510,-3.074
20120511,-3.15
20120512,-3.189
20120513,-3.034
20120514,-2.986
20120515,-3.023
20120516,-3.172
20120517,-3.042
20120518,-2.984
20120519,-3.096
20120520,-3.039
20120521,-3.045
20120522,-3.134
20120523,-3.156
20120524,-3.125
20120525,-3.106
20120526,-3.072
20120527,-3.072
20120528,-3.077
20120529,-3.109
20120530,-3.114
20120531,-3.065
20120601,-3.159
20120602,-3.075
20120603,-3.025
20120604,-3.1
20120605,-3.14
20120606,-2.982
20120607,-3.079
20120608,-3.111
20120609,-3.111
20120610,-3.084
20120611,-3.037
20120612,-3.102
20120613,-3.089
20120614,-3.057
20120615,-2.94
20120616,-3.015
20120617,-3.072
20120618,-2.937
20120619,-3.029
20120620,-3.0
20120621,-2.965
20120622,-3.062
20120623,-3.049
20120624,-2.858
20120625,-3.001
20120626,-2.927
20120627,-2.809
20120628,-2.802
20120629,-2.894
20120630,-2.906
20120701,-2.931
20120702,-2.938
20120703,-2.914
20120704,-2.917
20120705,-2.938
20120706,-2.926
20120707,-2.934
20120708,-2.88
20120709,-2.984
20120710,-2.94
20120711,-2.917
20120712,-2.691
20120713,-2.479
20120714,-2.55
20120715,-2.593
20120716,-2.62
20120717,-2.556
20120718,-2.391
20120719,-2.353
20120720,-2.446
20120721,-2.531
20120722,-2.573
20120723,-2.583
20120724,-2.612
20120725,-2.66
20120726,-2.747
20120727,-2.678
20120728,-2.775
20120729,-2.808
20120730,-2.82
20120731,-2.807
20120801,-2.736
20120802,-2.772
20120803,-2.727
20120804,-2.706
20120805,-2.733
20120806,-2.763
20120807,-2.627
20120808,-2.529
20120809,-2.598
20120810,-2.619
20120811,-2.636
20120812,-2.645
20120813,-2.698
20120814,-2.742
20120815,-2.736
20120816,-2.874
20120817,-2.798
20120818,-2.808
20120819,-2.826
20120820,-2.897
20120821,-2.837
20120822,-2.894
20120823,-2.876
20120824,-2.838
20120825,-2.881
20120826,-2.959
20120827,-2.895
20120828,-2.817
20120829,-2.836
20120830,-2.877
20120831,-2.943
20120901,-2.743
20120902,-2.675
20120903,-2.729
20120904,-2.715
20120905,-2.79
20120906,-2.821
20120907,-2.799
20120908,-2.825
20120909,-2.805
20120910,-2.882
20120911,-2.854
20120912,-2.91
20120913,-2.997
20120914,-2.837
20120915,-3.023
20120916,-2.935
20120917,-2.994
20120918,-2.956
20120919,-3.048
20120920,-3.004
20120921,-2.962
20120922,-3.071
20120923,-2.992
20120924,-2.828
20120925,-3.053
20120926,-2.896
20120927,-2.863
20120928,-2.872
20120929,-2.853
20120930,-2.883
20121001,-2.842
20121002,-2.905
20121003,-2.857
20121004,-2.868
20121005,-2.486
20121006,-2.396
20121007,-2.408
20121008,-2.431
20121009,-2.547
20121010,-2.601
20121011,-2.607
20121012,-2.631
20121013,-2.658
20121014,-2.466
20121015,-2.483
20121016,-2.414
20121017,-2.489
20121018,-2.567
20121019,-2.588
20121020,-2.471
20121021,-2.508
20121022,-2.595
20121023,-2.646
20121024,-2.637
20121025,-2.657
20121026,-2.711
20121027,-2.767
20121028,-2.77
20121029,-2.731
20121030,-2.698
20121031,-2.434
20121101,-2.434
20121102,-2.732
20121103,-2.626
20121104,-2.644
20121105,-2.625
20121106,-2.542
20121107,-2.505
20121108,-2.369
20121109,-2.501
20121110,-2.465
20121111,-2.721
20121112,-2.715
20121113,-2.706
20121114,-2.695
20121115,-2.696
20121116,-2.703
20121117,-2.691
20121118,-2.834
20121119,-2.788
20121120,-2.818
20121121,-2.781
20121122,-2.921
20121123,-2.802
20121124,-2.891
20121125,-2.7
20121126,-2.816
20121127,-2.862
20121128,-2.86
20121129,-2.857
20121130,-2.896
20121201,-2.883
20121202,-2.907
20121203,-2.537
20121204,-2.536
20121205,-2.593
20121206,-2.649
20121207,-2.456
20121208,-2.765
20121209,-2.529
20121210,-2.579
20121211,-2.46
20121212,-2.41
20121213,-2.367
20121214,-2.391
20121215,-2.583
20121216,-2.411
20121217,-2.372
20121218,-2.414
20121219,-2.464
20121220,-2.388
20121221,-2.538
20121222,-2.509
20121223,-2.341
20121224,-2.192
20121225,-2.252
20121226,-2.251
20121227,-2.247
20121228,-2.387
20121229,-2.262
20121230,-2.427
20121231,-2.412
20130101,-2.515
20130102,-2.499
20130103,-2.443
20130104,-2.486
20130105,-2.533
20130106,-2.537
20130107,-2.575
20130108,-2.591
20130109,-2.592
20130110,-2.406
20130111,-2.539
20130112,-2.557
20130113,-2.617
20130114,-2.59
20130115,-2.653
20130116,-2.721
20130117,-2.767
20130118,-2.661
20130119,-2.704
20130120,-2.739
20130121,-2.811
20130122,-2.846
20130123,-2.841
20130124,-2.878
20130125,-2.85
20130126,-2.768
20130127,-2.729
20130128,-2.828
20130129,-2.733
20130130,-2.677
20130131,-2.41
20130201,-2.324
20130202,-2.53
20130203,-2.444
20130204,-2.388
20130205,-2.261
20130206,-2.448
20130207,-2.534
20130208,-2.577
20130209,-2.584
20130210,-2.52
20130211,-2.599
20130212,-2.744
20130213,-2.753
20130214,-2.607
20130215,-2.779
20130216,-2.79
20130217,-2.753
20130218,-2.733
20130219,-2.72
20130220,-2.844
20130221,-2.781
20130222,-2.77
20130223,-2.806
20130224,-2.82
20130225,-2.887
20130227,-2.856588235294117
20130228,-2.8627083333333334
20130301,-2.8709583333333337
20130302,-2.877625
20130303,-2.8872916666666666
20130304,-2.891291666666667
20130305,-2.895958333333333
20130306,-2.9054583333333333
20130307,-2.9171666666666667
20130308,-2.9265416666666675
20130309,-2.9358749999999993
20130310,-2.935416666666667
20130311,-2.924375
20130312,-2.916291666666666
20130313,-2.916833333333333
20130314,-2.926041666666667
20130315,-2.923166666666667
20130316,-2.92275
20130317,-2.925125
20130318,-2.9246250000000007
20130319,-2.913833333333334
20130320,-2.9124166666666667
20130321,-2.9201250000000005
20130322,-2.924458333333334
20130323,-2.9334166666666666
20130324,-2.9450000000000003
20130325,-2.952166666666667
20130326,-2.959208333333334
20130327,-2.9635
20130328,-2.9702916666666663
20130329,-2.976625
20130330,-2.9823749999999993
20130331,-2.989333333333333
20130401,-2.9968750000000006
20130402,-3.005166666666667
20130403,-3.0109166666666662
20130404,-3.019041666666667
20130405,-3.024708333333333
20130406,-3.0362500000000003
20130407,-3.0375
20130408,-3.045916666666667
20130409,-3.050916666666667
20130410,-3.0556250000000005
20130411,-3.0577916666666667
20130412,-3.0608333333333335
20130413,-3.0612499999999994
20130414,-3.0517083333333335
20130415,-3.053666666666667
20130416,-3.050166666666667
20130417,-3.0488750000000007
20130418,-3.049041666666667
20130419,-3.06225
20130420,-3.066958333333334
20130421,-3.0623333333333336
20130422,-3.0616250000000007
20130423,-3.068458333333332
20130424,-3.0696250000000007
20130425,-3.0701249999999995
20130426,-3.074916666666667
20130427,-3.0798333333333336
20130428,-3.0758333333333336
20130429,-3.078291666666667
20130430,-3.086916666666666
20130501,-3.087875000000001
20130502,-3.070166666666666
20130503,-3.0567083333333334
20130504,-3.057
20130505,-3.062125
20130506,-3.064208333333333
20130507,-3.0642083333333336
20130508,-3.05875
20130509,-3.0605833333333337
20130510,-3.060916666666667
20130511,-3.059166666666666
20130512,-3.061833333333333
20130513,-3.0564583333333335
20130514,-3.0532916666666665
20130515,-3.051708333333334
20130516,-3.059666666666667
20130517,-3.0568333333333335
20130518,-3.052583333333333
20130519,-3.0567083333333334
20130520,-3.052083333333334
20130521,-3.045208333333333
20130522,-3.0301666666666662
20130523,-3.0222499999999997
20130524,-3.0260833333333337
20130525,-3.0268750000000004
20130526,-3.027624999999999
20130527,-3.0246250000000003
20130528,-3.028333333333333
20130529,-3.03725
20130530,-3.042499999999999
20130531,-3.0475833333333324
20130601,-3.051458333333334
20130602,-3.058833333333333
20130603,-3.0626250000000006
20130604,-3.0636250000000005
20130605,-3.0669166666666663
20130606,-3.069458333333334
20130607,-3.0689999999999995
20130608,-3.0651666666666664
20130609,-3.0674166666666665
20130610,-3.0707916666666666
20130611,-3.0692500000000003
20130612,-3.0664166666666666
20130613,-3.0604583333333335
20130614,-3.061208333333333
20130615,-3.053625
20130616,-3.0601249999999993
20130617,-3.0660416666666666
20130618,-3.0673749999999997
20130619,-3.069583333333334
20130620,-3.0673333333333335
20130621,-2.998291666666667
20130622,-2.8149999999999995
20130623,-2.7139166666666665
20130624,-2.671041666666667
20130625,-2.688458333333333
20130626,-2.7211666666666656
20130627,-2.752666666666667
20130628,-2.7745416666666665
20130629,-2.785458333333333
20130630,-2.791708333333333
20130701,-2.8142499999999995
20130702,-2.8325833333333335
20130703,-2.8523333333333327
20130704,-2.8720000000000003
20130705,-2.89125
20130706,-2.907458333333333
20130707,-2.9245416666666664
20130708,-2.938708333333333
20130709,-2.9494166666666666
20130710,-2.958250000000001
20130711,-2.968375
20130712,-2.975291666666666
20130713,-2.9852083333333326
20130714,-2.992416666666666
20130715,-3.001875
20130716,-3.0109583333333343
20130717,-3.0225416666666667
20130718,-3.03175
20130719,-3.0397499999999997
20130720,-3.047041666666667
20130721,-3.0571666666666673
20130722,-3.0668333333333333
20130723,-3.078041666666667
20130724,-3.0850833333333334
20130725,-3.0920416666666664
20130726,-3.098333333333333
20130727,-3.1033333333333335
20130728,-3.108541666666667
20130729,-3.1118333333333332
20130730,-3.1135416666666664
20130731,-3.1162499999999995
20130801,-3.1147916666666666
20130802,-3.119416666666666
20130803,-3.126708333333333
20130804,-3.1303750000000004
20130805,-3.1358333333333337
20130806,-3.1461666666666663
20130807,-3.1499583333333327
20130808,-3.1509583333333335
20130809,-3.14725
20130810,-3.149291666666666
20130811,-3.1519999999999997
20130812,-3.1564583333333327
20130813,-3.1617083333333333
20130814,-3.1642499999999996
20130815,-3.1621249999999996
20130816,-3.1677500000000003
20130817,-3.1702916666666674
20130818,-3.1739583333333337
20130819,-3.179749999999999
20130820,-3.1727916666666665
20130821,-3.1667500000000004
20130822,-3.1664999999999996
20130823,-3.167291666666666
20130824,-3.170833333333334
20130825,-3.1806249999999996
20130826,-3.1839166666666663
20130827,-3.1865000000000006
20130828,-3.1920416666666664
20130829,-3.192458333333333
20130830,-3.1938750000000007
20130831,-3.203291666666667
20130901,-3.203708333333333
20130902,-3.2085000000000004
20130903,-3.21425
20130904,-3.2170833333333335
20130905,-3.2181666666666673
20130906,-3.226458333333332
20130907,-3.231666666666666
20130908,-3.2199583333333326
20130909,-3.199416666666666
20130910,-3.1922916666666663
20130911,-3.196666666666666
20130912,-3.1922083333333333
20130913,-3.1845416666666666
20130914,-3.180166666666668
20130915,-3.1644166666666664
20130916,-3.1577083333333325
20130917,-3.142791666666667
20130918,-3.1245416666666674
20130919,-3.0993333333333335
20130920,-3.077875000000001
20130921,-3.058583333333333
20130922,-3.054166666666667
20130923,-3.0524583333333335
20130924,-3.0535
20130925,-3.0610833333333325
20130926,-3.0768749999999994
20130927,-3.082125
20130928,-3.0922499999999995
20130929,-3.103125
20130930,-3.113083333333334
20131001,-3.123333333333333
20131002,-3.1285000000000003
20131003,-3.132458333333334
20131004,-3.1395416666666667
20131005,-3.1482916666666667
20131006,-3.1495833333333336
20131007,-3.150916666666666
20131008,-3.153416666666667
20131009,-3.1516250000000006
20131010,-3.159291666666667
20131011,-3.1718333333333333
20131012,-3.1675833333333334
20131013,-3.164708333333332
20131014,-3.165374999999999
20131015,-3.1626250000000007
20131016,-3.1593750000000003
20131017,-3.149791666666666
20131018,-3.1475833333333334
20131019,-3.139416666666667
20131020,-3.136416666666667
20131021,-3.130999999999999
20131022,-3.1210416666666667
20131023,-3.1205
20131024,-3.1237083333333335
20131025,-3.1154166666666665
20131026,-3.116875
20131027,-3.111083333333333
20131028,-3.105958333333333
20131029,-3.094249999999999
20131030,-3.0218333333333334
20131031,-2.9407916666666676
20131101,-2.912708333333334
20131102,-2.8719999999999994
20131103,-2.846833333333334
20131104,-2.7815833333333337
20131105,-2.6537916666666663
20131106,-2.5649583333333332
20131107,-2.489583333333334
20131108,-2.5286666666666666
20131109,-2.5308749999999995
20131110,-2.3637500000000005
20131111,-2.396499999999999
20131112,-2.464125
20131113,-2.497833333333334
20131114,-2.5451666666666664
20131115,-2.589666666666667
20131116,-2.6177916666666667
20131117,-2.6515833333333334
20131118,-2.669458333333333
20131119,-2.6980000000000004
20131120,-2.7007083333333335
20131121,-2.7372499999999995
20131122,-2.762083333333333
20131123,-2.778375
20131124,-2.7989999999999995
20131125,-2.812291666666667
20131126,-2.8139583333333333
20131127,-2.817791666666667
20131128,-2.825791666666666
20131129,-2.8177499999999998
20131130,-2.7513333333333336
20131201,-2.6810000000000005
20131202,-2.7003750000000006
20131203,-2.7242499999999996
20131204,-2.7515833333333326
20131205,-2.7460000000000004
20131206,-2.6901666666666664
20131207,-2.6353750000000002
20131208,-2.6395416666666667
20131209,-2.6612500000000003
20131210,-2.6751739130434777
20131211,-2.704416666666667
20131212,-2.7307083333333337
20131213,-2.7582500000000003
20131214,-2.774708333333333
20131215,-2.746708333333333
20131216,-2.7319999999999998
20131217,-2.747666666666666
20131218,-2.7273333333333336
20131219,-2.722
20131220,-2.7207499999999993
20131221,-2.6939583333333332
20131222,-2.478166666666667
20131223,-2.4304999999999994
20131224,-2.35725
20131225,-2.2732083333333333
20131226,-2.3480416666666666
20131227,-2.3277083333333333
20131228,-2.3507916666666664
20131229,-2.4328333333333334
20131230,-2.4704583333333328
20131231,-2.506583333333334
20140101,-2.5319583333333333
20140102,-2.560416666666667
20140103,-2.579500000000001
20140104,-2.5724166666666664
20140105,-2.5944583333333338
20140106,-2.56025
20140107,-2.2871249999999996
20140108,-2.287875
20140109,-2.2445833333333334
20140110,-2.2245416666666666
20140111,-2.2738750000000003
20140112,-2.3305
20140113,-2.394333333333334
20140114,-2.447916666666667
20140115,-2.485208333333333
20140116,-2.4192916666666666
20140117,-2.414125
20140118,-2.4414166666666666
20140119,-2.5070833333333336
20140120,-2.554875
20140121,-2.5623333333333327
20140122,-2.5552499999999996
20140123,-2.58775
20140124,-2.6145
20140125,-2.6243333333333334
20140126,-2.470666666666667
20140127,-2.2927500000000003
20140128,-2.304041666666667
20140129,-2.4200000000000004
20140130,-2.5075416666666666
20140131,-2.566541666666667
20140201,-2.5771250000000006
20140202,-2.589375
20140203,-2.6193749999999993
20140204,-2.641083333333334
20140205,-2.654791666666666
20140206,-2.67775
20140207,-2.6038333333333337
20140208,-2.4528750000000006
20140209,-2.458083333333333
20140210,-2.5182500000000005
20140211,-2.5820416666666666
20140212,-2.61775
20140213,-2.6536249999999995
20140214,-2.686666666666666
20140215,-2.677
20140216,-2.715083333333333
20140217,-2.7347083333333333
20140218,-2.748375
20140219,-2.7673333333333336
20140220,-2.7727083333333336
20140221,-2.783125
20140222,-2.78825
20140223,-2.7994583333333334
20140224,-2.812708333333333
20140225,-2.8270416666666667
20140226,-2.847125
20140227,-2.8502916666666667
20140228,-2.8717500000000005
20140301,-2.8819583333333334
20140302,-2.8850000000000002
20140303,-2.8997083333333333
20140304,-2.9190833333333344
20140305,-2.9336666666666673
20140306,-2.9352916666666666
20140307,-2.9433333333333334
20140308,-2.953791666666666
20140309,-2.9622499999999996
20140310,-2.977625
20140311,-2.9877083333333334
20140312,-2.9910416666666664
20140313,-2.9999583333333333
20140314,-3.0015416666666663
20140315,-3.010333333333333
20140316,-3.020125
20140317,-3.0253333333333337
20140318,-3.0295
20140319,-3.0386249999999992
20140320,-3.0379583333333335
20140321,-3.043833333333333
20140322,-3.0397916666666673
20140323,-3.0409583333333328
20140324,-3.039291666666666
20140325,-3.0399999999999996
20140326,-3.037125
20140327,-3.041708333333333
20140328,-3.0467083333333327
20140329,-3.0482083333333345
20140330,-3.0538333333333334
20140331,-3.059708333333333
20140401,-3.06125
20140402,-3.0666666666666664
20140403,-3.073333333333333
20140404,-3.0781666666666663
20140405,-3.0817916666666663
20140406,-3.0781666666666667
20140407,-3.0844166666666664
20140408,-3.091541666666666
20140409,-3.096833333333333
20140410,-3.0986666666666665
20140411,-3.1045833333333324
20140412,-3.1042916666666662
20140413,-3.108458333333333
20140414,-3.1180833333333324
20140415,-3.1235416666666675
20140416,-3.122666666666667
20140417,-3.1184999999999996
20140418,-3.132333333333334
20140419,-3.137541666666667
20140420,-3.137916666666667
20140421,-3.138833333333333
20140422,-3.118458333333333
20140423,-3.0970833333333325
20140424,-3.0850000000000004
20140425,-3.082416666666667
20140426,-3.08225
20140427,-3.0837499999999998
20140428,-3.0860833333333333
20140429,-3.082916666666667
20140430,-3.0863750000000003
20140501,-3.086833333333333
20140502,-3.09625
20140503,-3.093375
20140504,-3.0912916666666668
20140505,-3.0877083333333335
20140506,-3.084916666666668
20140507,-3.0926666666666667
20140508,-3.088291666666667
20140509,-3.086625
20140510,-3.073916666666667
20140511,-3.0724166666666672
20140512,-3.0742499999999993
20140513,-3.0705416666666667
20140514,-3.0678750000000004
20140515,-3.0671666666666675
20140516,-3.061666666666666
20140517,-3.056666666666667
20140518,-3.053958333333334
20140519,-3.0587500000000003
20140520,-3.0619166666666664
20140521,-3.0624583333333333
20140522,-3.0660416666666666
20140523,-3.0697083333333324
20140524,-3.0723333333333342
20140525,-3.0768333333333335
20140526,-3.0780416666666675
20140527,-2.9610833333333333
20140528,-2.7885416666666667
20140529,-2.604875
20140530,-2.6204583333333336
20140531,-2.6642916666666667
20140601,-2.7089166666666666
20140602,-2.7475833333333335
20140603,-2.78025
20140604,-2.803666666666667
20140605,-2.813041666666667
20140606,-2.7259583333333333
20140607,-2.7213749999999997
20140608,-2.755708333333333
20140609,-2.7843749999999994
20140610,-2.813083333333333
20140611,-2.8398333333333343
20140612,-2.8586666666666667
20140613,-2.877291666666667
20140614,-2.8972916666666664
20140615,-2.909333333333333
20140616,-2.9195833333333336
20140617,-2.9347499999999997
20140618,-2.942791666666667
20140619,-2.9490416666666674
20140620,-2.9592500000000004
20140621,-2.966041666666667
20140622,-2.9757499999999997
20140623,-2.9869999999999997
20140624,-2.993083333333333
20140625,-3.0017083333333328
20140626,-3.0083333333333333
20140627,-3.0098333333333334
20140628,-3.0045
20140629,-3.0115000000000003
20140630,-3.0170833333333333
20140701,-3.0186666666666677
20140702,-3.0266250000000006
20140703,-3.023636363636364
20140704,-3.023458333333334
20140705,-3.0379583333333327
20140706,-3.045958333333333
20140707,-3.0572916666666665
20140708,-3.052083333333334
20140709,-3.0576666666666674
20140710,-3.065833333333334
20140711,-3.0676249999999996
20140712,-3.065375000000001
20140713,-3.07075
20140714,-3.0864999999999996
20140715,-3.0857916666666667
20140716,-3.0841250000000002
20140717,-3.0913749999999998
20140718,-3.0964999999999994
20140719,-3.0928750000000007
20140720,-3.108541666666666
20140721,-3.1067083333333336
20140722,-3.112208333333333
20140723,-3.1062916666666656
20140724,-3.1115
20140725,-3.1092083333333336
20140726,-3.116124999999999
20140727,-3.119208333333333
20140728,-3.119041666666666
20140729,-3.1174166666666667
20140730,-3.122833333333333
20140731,-3.1225416666666663
20140801,-3.129916666666668
20140802,-3.1340833333333333
20140803,-3.1482500000000004
20140804,-3.1535416666666674
20140805,-3.151375
20140806,-3.1500000000000004
20140807,-3.1720833333333327
20140808,-3.156708333333333
20140809,-3.172208333333334
20140810,-3.1503333333333345
20140811,-3.158458333333334
20140812,-3.0792499999999996
20140813,-2.9672916666666667
20140814,-2.9317500000000005
20140815,-2.9254583333333333
20140816,-2.92325
20140817,-2.9152916666666666
20140818,-2.9209166666666664
20140819,-2.882125
20140820,-2.846791666666667
20140821,-2.822291666666667
20140822,-2.8281250000000004
20140823,-2.8059166666666666
20140824,-2.8009999999999997
20140825,-2.8026249999999995
20140826,-2.8305833333333332
20140827,-2.8512083333333327
20140828,-2.857958333333333
20140829,-2.8800416666666666
20140830,-2.894416666666667
20140831,-2.871208333333333
20140901,-2.648333333333334
20140902,-2.651166666666666
20140903,-2.665958333333333
20140904,-2.689458333333333
20140905,-2.7180416666666662
20140906,-2.743083333333333
20140907,-2.7691250000000003
20140908,-2.7890833333333327
20140909,-2.8084166666666666
20140910,-2.8263750000000005
20140911,-2.84675
20140912,-2.854714285714286
20150128,-2.3047999999999997
20150129,-2.198625
20150130,-2.216625
20150131,-2.265625
20150201,-2.348375
20150202,-2.39575
20150203,-2.4038749999999993
20150204,-2.465875
20150205,-2.527
20150206,-2.5765000000000002
20150207,-2.612125
20150208,-2.6425
20150209,-2.65575
20150210,-2.67875
20150211,-2.69
20150212,-2.709
20150213,-2.721625
20150214,-2.75375
20150215,-2.78425
20150216,-2.7981249999999998
20150217,-2.8268749999999994
20150218,-2.8269999999999995
20150219,-2.83075
20150220,-2.8386249999999995
20150221,-2.7108750000000006
20150222,-2.567125
20150223,-2.544375
20150224,-2.5411249999999996
20150225,-2.545
20150226,-2.387625
20150227,-2.30825
20150228,-2.3483750000000003
20150301,-2.4365
20150302,-2.5409999999999995
20150303,-2.59975
20150304,-2.5919999999999996
20150305,-2.615875
20150306,-2.639875
20150307,-2.6618749999999998
20150308,-2.7025
20150309,-2.731375
20150310,-2.764
20150311,-2.786625
20150312,-2.8031249999999996
20150313,-2.82825
20150314,-2.849875
20150315,-2.865375
20150316,-2.8789999999999996
20150317,-2.8935
20150318,-2.9088750000000005
20150319,-2.92075
20150320,-2.9217500000000003
20150321,-2.9444999999999997
20150322,-2.947125
20150323,-2.95025
20150324,-2.965125
20150325,-2.979
20150326,-2.9803750000000004
20150327,-3.0001249999999997
20150328,-2.9837499999999997
20150329,-2.9862500000000005
20150330,-2.9665
20150331,-2.8884999999999996
20150401,-2.803625
20150402,-2.73675
20150403,-2.6762499999999996
20150404,-2.70625
20150405,-2.7504999999999997
20150406,-2.7873749999999995
20150407,-2.81525
20150408,-2.843125
20150409,-2.862875
20150410,-2.8786249999999995
20150411,-2.9018750000000004
20150412,-2.91725
20150413,-2.939875
20150414,-2.94375
20150415,-2.961375
20150416,-2.9796249999999995
20150417,-2.99725
20150418,-3.00625
20150419,-3.0167500000000005
20150420,-3.028125
20150421,-3.036625
20150422,-3.0392500000000005
20150423,-3.045375
20150424,-3.0501250000000004
20150425,-3.059625
20150426,-3.0733750000000004
20150427,-3.083125
20150428,-3.0845000000000002
20150429,-3.0835
20150430,-3.093875
20150501,-3.1045
20150502,-3.110125
20150503,-3.1072499999999996
20150504,-3.1157500000000002
20150505,-3.1169999999999995
20150506,-3.1181249999999996
20150507,-3.1323749999999997
20150508,-3.1297499999999996
20150509,-3.1353750000000002
20150510,-3.141125
20150511,-3.1365000000000003
20150512,-3.1465
20150513,-3.14975
20150514,-3.1498749999999998
20150515,-3.15
20150516,-3.142375
20150517,-3.139875
20150518,-3.1285
20150519,-3.1403749999999997
20150520,-3.147875
20150521,-3.149375
20150522,-3.14425
20150523,-3.15125
20150524,-3.1468749999999996
20150525,-3.1544999999999996
20150526,-3.1574999999999998
20150527,-3.1494999999999997
20150528,-3.155125
20150529,-3.1504999999999996
20150530,-3.161875
20150531,-3.15525
20150601,-3.1609999999999996
20150602,-3.1522500000000004
20150603,-3.1719999999999997
20150604,-3.16675
20150605,-3.1645000000000003
20150606,-3.1786250000000003
20150607,-3.186125
20150608,-3.19075
20150609,-3.1963749999999997
20150610,-3.2005
20150611,-3.2018750000000002
20150612,-3.2071250000000004
20150613,-3.2137499999999997
20150614,-3.226375
20150615,-3.231375
20150616,-3.234
20150617,-3.2284999999999995
20150618,-3.242
20150619,-3.246125
20150620,-3.2471249999999996
20150621,-3.24325
20150622,-3.246125
20150623,-3.2573749999999997
20150624,-3.2529999999999997
20150625,-3.2575
20150626,-3.2587500000000005
20150627,-3.2723749999999994
20150628,-3.271375
20150629,-3.28
20150630,-3.278375
20150701,-3.279625
20150702,-3.2901249999999997
20150703,-3.2765000000000004
20150704,-3.268375
20150705,-3.262375
20150706,-3.23325
20150707,-3.2166249999999996
20150708,-3.221875
20150709,-3.2251249999999994
20150710,-3.220625
20150711,-3.2308749999999997
20150712,-3.2352500000000006
20150713,-3.233625
20150714,-3.239
20150715,-3.232875
20150716,-3.232375
20150717,-3.2266250000000003
20150718,-3.2385
20150719,-3.2365
20150720,-3.2393750000000003
20150721,-3.2461249999999997
20150722,-3.2535000000000003
20150723,-3.2649999999999997
20150724,-3.2659999999999996
20150725,-3.27725
20150726,-3.264125
20150727,-3.252375
20150728,-3.2015
20150729,-3.159125
20150730,-3.12575
20150731,-3.0904999999999996
20150801,-3.076125
20150802,-3.067
20150803,-3.064375
20150804,-3.07375
20150805,-3.06875
20150806,-3.077375
20150807,-3.086875
20150808,-3.096125
20150809,-3.096625
20150810,-3.105
20150811,-3.1165
20150812,-3.12575
20150813,-3.1304999999999996
20150814,-3.1401250000000003
20150815,-3.15625
20150816,-3.161125
20150817,-3.148125
20150818,-3.11525
20150819,-3.075875
20150820,-3.0551250000000003
20150821,-3.0462499999999997
20150822,-3.047125
20150823,-3.05125
20150824,-3.062375
20150825,-3.071375
20150826,-3.06775
20150827,-3.027125
20150828,-2.9015
20150829,-2.8303749999999996
20150830,-2.826625
20150831,-2.8155
20150901,-2.6916249999999997
20150902,-2.6550000000000002
20150903,-2.6765
20150904,-2.6081249999999994
20150905,-2.442
20150906,-2.433625
20150907,-2.488
20150908,-2.53625
20150909,-2.5908750000000005
20150910,-2.640375
20150911,-2.68075
20150912,-2.71375
20150913,-2.745625
20150914,-2.772875
20150915,-2.8003750000000003
20150916,-2.8151250000000005
20150917,-2.842
20150918,-2.8202499999999997
20150919,-2.8085000000000004
20150920,-2.8113750000000004
20150921,-2.81525
20150922,-2.8347499999999997
20150923,-2.867125
20150924,-2.874
20150925,-2.8875
20150926,-2.8905000000000003
20150927,-2.89725
20150928,-2.90225
20150929,-2.9087499999999995
20150930,-2.917375
20151001,-2.9236250000000004
20151002,-2.928125
20151003,-2.934625
20151004,-2.948625
20151005,-2.9525
20151006,-2.96575
20151007,-2.9779999999999998
20151008,-2.989375
20151009,-2.9915
20151010,-2.9927499999999996
20151011,-2.997625
20151012,-3.0025000000000004
20151013,-3.0146249999999997
20151014,-3.0201249999999997
20151015,-3.024375
20151016,-3.0306249999999997
20151017,-3.028875
20151018,-3.018625
20151019,-2.9945
20151020,-2.9695
20151021,-2.9445000000000006
20151022,-2.9505
20151023,-2.9444999999999997
20151024,-2.94175
20151025,-2.9606249999999994
20151026,-2.96175
20151027,-2.970625
20151028,-2.98325
20151029,-3.0022499999999996
20151030,-3.0148750000000004
20151031,-3.0244999999999997
20151101,-3.034375
20151102,-3.0365
20151103,-3.0418749999999997
20151104,-3.0461250000000004
20151105,-3.05075
20151106,-3.0568750000000002
20151107,-3.056625
20151108,-3.0337500000000004
20151109,-2.9987500000000007
20151110,-2.9636249999999995
20151111,-2.9225000000000003
20151112,-2.8992500000000003
20151113,-2.893625
20151114,-2.87475
20151115,-2.6088749999999994
20151116,-2.32375
20151117,-2.320375
20151118,-2.2788749999999998
20151119,-2.2418750000000003
20151120,-2.2275
20151121,-2.24625
20151122,-2.237375
20151123,-2.308125
20151124,-2.3237499999999995
20151125,-2.2778750000000003
20151126,-2.327
20151127,-2.374875
20151128,-2.355
20151129,-2.2673750000000004
20151130,-2.253875
20151201,-2.184375
20151202,-2.24175
20151203,-2.322625
20151204,-2.3964999999999996
20151205,-2.4290000000000003
20151206,-2.500625
20151207,-2.560625
20151208,-2.5876249999999996
20151209,-2.6136250000000003
20151210,-2.613
20151211,-2.6333749999999996
20151212,-2.55875
20151213,-2.22875
20151214,-2.262625
20151215,-2.3566249999999997
20151216,-2.4132499999999997
20151217,-2.410875
20151218,-2.4523750000000004
20151219,-2.4845
20151220,-2.5218749999999996
20151221,-2.56125
20151222,-2.560625
20151223,-2.523125
20151224,-2.514875
20151225,-2.5655
20151226,-2.5723749999999996
20151227,-2.5992499999999996
20151228,-2.6020000000000003
20151229,-2.616125
20151230,-2.6203750000000006
20151231,-2.6458749999999998
20160101,-2.665125
20160102,-2.663375
20160103,-2.6635
20160104,-2.666
20160105,-2.6816250000000004
20160106,-2.69575
20160107,-2.664
20160108,-2.2892499999999996
20160109,-2.295375
20160110,-2.3640000000000003
20160111,-2.424125
20160112,-2.4635000000000002
20160113,-2.274625
20160114,-2.183875
20160115,-2.19175
20160116,-2.2356249999999998
20160117,-2.25725
20160118,-2.33
20160119,-2.415
20160120,-2.495875
20160121,-2.5222499999999997
20160122,-2.54175
20160123,-2.518125
20160124,-2.48825
20160125,-2.5033749999999997
20160126,-2.5346249999999997
20160127,-2.5120000000000005
20160128,-2.41625
20160129,-2.436625
20160130,-2.292625
20160131,-2.20075
20160201,-2.277375
20160202,-2.3375
20160203,-2.431625
20160204,-2.50025
20160205,-2.5290000000000004
20160206,-2.541375
20160207,-2.574125
20160208,-2.592
20160209,-2.576625
20160210,-2.362625
20160211,-2.3035
20160212,-2.35925
20160213,-2.42775
20160214,-2.5025000000000004
20160215,-2.38225
20160216,-2.434375
20160217,-2.4797499999999997
20160218,-2.546625
20160219,-2.5893750000000004
20160220,-2.6055
20160221,-2.567375
20160222,-2.40425
20160223,-2.42775
20160224,-2.4925
20160225,-2.54875
20160226,-2.597
20160227,-2.64425
20160228,-2.67725
20160229,-2.694625
20160301,-2.681375
20160302,-2.6762499999999996
20160303,-2.43975
20160304,-2.3028750000000002
20160305,-2.258
20160306,-2.344
20160307,-2.419375
20160308,-2.474125
20160309,-2.523875
20160310,-2.59725
20160311,-2.635125
20160312,-2.6648750000000003
20160313,-2.6948749999999997
20160314,-2.712625
20160315,-2.73
20160316,-2.747625
20160317,-2.7562499999999996
20160318,-2.7695
20160319,-2.7808750000000004
20160320,-2.7912500000000002
20160321,-2.79875
20160322,-2.8087500000000003
20160323,-2.820375
20160324,-2.8219999999999996
20160325,-2.8357500000000004
20160326,-2.8235
20160327,-2.834875
20160328,-2.8203750000000003
20160329,-2.839625
20160330,-2.8409999999999997
20160331,-2.8301250000000002
20160401,-2.8152499999999994
20160402,-2.815125
20160403,-2.822875
20160404,-2.791625
20160405,-2.7135
20160406,-2.6466250000000002
20160407,-2.60025
20160408,-2.565875
20160409,-2.5558750000000003
20160410,-2.60425
20160411,-2.64325
20160412,-2.680375
20160413,-2.6955
20160414,-2.679875
20160415,-2.68625
20160416,-2.7058750000000003
20160417,-2.7209999999999996
20160418,-2.726375
20160419,-2.74975
20160420,-2.764125
20160421,-2.776125
20160422,-2.79325
20160423,-2.81025
20160424,-2.8255
20160425,-2.82475
20160426,-2.8169999999999997
20160427,-2.73625
20160428,-2.63
20160429,-2.5855
20160430,-2.574625
20160501,-2.60825
20160502,-2.641
20160503,-2.6967499999999998
20160504,-2.7253750000000005
20160505,-2.7487500000000002
20160506,-2.7712499999999993
20160507,-2.7994999999999997
20160508,-2.82875
20160509,-2.8511250000000006
20160510,-2.86675
20160511,-2.8850000000000002
20160512,-2.903375
20160513,-2.9234999999999998
20160514,-2.9341250000000003
20160515,-2.9438750000000002
20160516,-2.9526250000000003
20160517,-2.96
20160518,-2.96875
20160519,-2.989375
20160520,-2.99275
20160521,-2.9941250000000004
20160522,-3.00875
20160523,-3.024125
20160524,-3.0182500000000005
20160525,-3.0195
20160526,-3.025625
20160527,-3.0321249999999997
20160528,-3.0336250000000002
20160529,-3.0429999999999997
20160530,-3.0492500000000002
20160531,-3.055875
20160601,-3.061125
20160602,-3.0658749999999997
20160603,-3.0682499999999995
20160604,-3.07325
20160605,-3.0815
20160606,-3.084875
20160607,-3.0918750000000004
20160608,-3.095375
20160609,-3.096375
20160610,-3.096875
20160611,-3.10025
20160612,-3.0945
20160613,-3.058125
20160614,-3.0436249999999996
20160615,-3.0266249999999992
20160616,-2.990625
20160617,-2.9619999999999997
20160618,-2.9336249999999997
20160619,-2.90625
20160620,-2.88125
20160621,-2.7815
20160622,-2.69475
20160623,-2.668
20160624,-2.65775
20160625,-2.672875
20160626,-2.6998750000000005
20160627,-2.72475
20160628,-2.73275
20160629,-2.575875
20160630,-2.5188750000000004
20160701,-2.384
20160702,-2.33525
20160703,-2.389625
20160704,-2.467625
20160705,-2.534125
20160706,-2.599875
20160707,-2.640625
20160708,-2.6790000000000003
20160709,-2.713
20160710,-2.7293749999999997
20160711,-2.75575
20160712,-2.7829999999999995
20160713,-2.805125
20160714,-2.82325
20160715,-2.836125
20160716,-2.8455
20160717,-2.8595
20160718,-2.871
20160719,-2.8797499999999996
20160720,-2.879
20160721,-2.9105999999999996
20160722,-2.9190000000000005
20160723,-2.9307499999999997
20160724,-2.9388750000000003
20160725,-2.94925
20160726,-2.960375
20160727,-2.966625
20160728,-2.977125
20160729,-2.97975
20160730,-2.988875
20160731,-2.992
20160801,-2.993375
20160802,-2.9894999999999996
20160803,-2.9868750000000004
20160804,-2.98925
20160805,-2.997125
20160806,-3.0
20160807,-2.9975000000000005
20160808,-3.00525
20160809,-3.013375
20160810,-3.0189999999999997
20160811,-3.0193749999999997
20160812,-3.017125
20160813,-3.0075
20160814,-3.0063750000000002
20160815,-3.0088749999999997
20160816,-3.0080000000000005
20160817,-3.0112499999999995
20160818,-3.01575
20160819,-3.0181250000000004
20160820,-3.021125
20160821,-3.0256250000000002
20160822,-3.03
20160823,-3.0347500000000003
20160824,-3.034
20160825,-3.0373750000000004
20160826,-3.0427500000000003
20160827,-3.04675
20160828,-3.0465
20160829,-3.055625
20160830,-3.055375
20160831,-3.059
20160901,-3.064875
20160902,-3.0650000000000004
20160903,-3.0686250000000004
20160904,-3.0703750000000003
20160905,-3.08
20160906,-3.080625
20160907,-3.084
20160908,-3.0855
20160909,-3.0886250000000004
20160910,-3.093125
20160911,-3.099375
20160912,-3.10475
20160913,-3.10825
20160914,-3.113875
20160915,-3.117875
20160916,-3.118625
20160917,-3.127
20160918,-3.131875
20160919,-3.1323749999999997
20160920,-3.13675
20160921,-3.1378749999999997
20160922,-3.138625
20160923,-3.143625
20160924,-3.141375
20160925,-3.1445000000000003
20160926,-3.15075
20160927,-3.1518750000000004
20160928,-3.1513750000000003
20160929,-3.1519999999999997
20160930,-3.154875
20161001,-3.1551249999999995
20161002,-3.1555
20161003,-3.16375
20161004,-3.16425
20161005,-3.1648750000000003
20161006,-3.166375
20161007,-3.1691249999999997
20161008,-3.1719999999999997
20161009,-3.1731250000000006
20161010,-3.172875
20161011,-3.17725
20161012,-3.1787499999999995
20161013,-3.179
20161014,-3.1814999999999998
20161015,-3.1801249999999994
20161016,-3.1822500000000002
20161017,-3.1845000000000003
20161018,-3.1799999999999997
20161019,-3.1870000000000003
20161020,-3.189875
20161021,-3.18775
20161022,-3.185125
20161023,-3.1866250000000003
20161024,-3.187625
20161025,-3.188125
20161026,-3.187375
20161027,-3.185125
20161028,-3.1863750000000004
20161029,-3.187375
20161030,-3.1859999999999995
20161031,-3.187
20161101,-3.1845000000000003
20161102,-3.1825
20161103,-3.1793750000000003
20161104,-3.173
20161105,-3.175625
20161106,-3.1780000000000004
20161107,-3.18575
20161108,-3.176875
20161109,-3.173875
20161110,-3.1774999999999998
20161111,-3.183625
20161112,-3.1773750000000005
20161113,-3.177375
20161114,-3.1806249999999996
20161115,-3.1767499999999997
20161116,-3.16625
20161117,-3.1523749999999997
20161118,-3.1457499999999996
20161119,-3.1414999999999997
20161120,-3.125875
20161121,-3.1167500000000006
20161122,-3.092
20161123,-3.0785
20161124,-3.0701250000000004
20161125,-3.0599999999999996
20161126,-3.050375
20161127,-3.055125
20161128,-3.058
20161129,-3.054125
20161130,-3.054125
20161201,-3.055875
20161202,-3.0608750000000002
20161203,-3.06225
20161204,-3.066375
20161205,-3.074
20161206,-3.073875
20161207,-3.071625
20161208,-3.0753749999999997
20161209,-3.0774999999999992
20161210,-3.076625
20161211,-3.03925
20161212,-2.929125
20161213,-2.872375
20161214,-2.853875
20161215,-2.839375
20161216,-2.84025
20161217,-2.852875
20161218,-2.8706250000000004
20161219,-2.883
20161220,-2.89425
20161221,-2.9045000000000005
20161222,-2.9185
20161223,-2.920375
20161224,-2.925875
20161225,-2.9228750000000003
20161226,-2.925875
20161227,-2.9351249999999998
20161228,-2.9421249999999994
20161229,-2.94825
20161230,-2.9565
20161231,-2.963375
20170101,-2.969625
20170102,-2.9885
20170103,-2.9887500000000005
20170104,-2.9932499999999997
20170105,-2.9985
20170106,-2.991875
20170107,-2.991
20170108,-2.9966250000000003
20170109,-2.9894999999999996
20170110,-2.9625000000000004
20170111,-2.867875
20170112,-2.804375
20170113,-2.68825
20170114,-2.513375
20170115,-2.4745
20170116,-2.51675
20170117,-2.578875
20170118,-2.634125
20170119,-2.6810000000000005
20170120,-2.722125
20170121,-2.75675
20170122,-2.78575
20170123,-2.80975
20170124,-2.83425
20170125,-2.85375
20170126,-2.86625
20170127,-2.8763750000000003
20170128,-2.8890000000000002
20170129,-2.9006250000000002
20170130,-2.91575
20170131,-2.9048750000000005
20170201,-2.868125
20170202,-2.85075
20170203,-2.844375
20170204,-2.8443750000000003
20170205,-2.82775
20170206,-2.772375
20170207,-2.762625
20170208,-2.7906250000000004
20170209,-2.8138750000000003
20170210,-2.8337499999999998
20170211,-2.8553749999999996
20170212,-2.8749999999999996
20170213,-2.8912500000000003
20170214,-2.9048749999999997
20170215,-2.914625
20170216,-2.919625
20170217,-2.9303749999999997
20170218,-2.9330000000000003
20170219,-2.9345
20170220,-2.9366250000000003
20170221,-2.94075
20170222,-2.9320000000000004
20170223,-2.812875
20170224,-2.4721249999999997
20170225,-2.4477499999999996
20170226,-2.401875
20170227,-2.362375
20170228,-2.306375
20170301,-2.3280000000000003
20170302,-2.28025
20170303,-2.2499999999999996
20170304,-2.31625
20170305,-2.2433750000000003
20170306,-2.2840000000000003
20170307,-2.37175
20170308,-2.4178749999999996
20170309,-2.4221250000000003
20170310,-2.460375
20170311,-2.495
20170312,-2.538
20170313,-2.586125
20170314,-2.618125
20170315,-2.650625
20170316,-2.66575
20170317,-2.684125
20170318,-2.6921250000000003
20170319,-2.6618749999999998
20170320,-2.590625
20170321,-2.4696249999999997
20170322,-2.5081249999999997
20170323,-2.581375
20170324,-2.634
20170325,-2.665375
20170326,-2.69075
20170327,-2.71225
20170328,-2.725375
20170329,-2.7399999999999998
20170330,-2.7507500000000005
20170331,-2.7587499999999996
20170401,-2.7750000000000004
20170402,-2.7932499999999996
20170403,-2.80375
20170404,-2.8123750000000003
20170405,-2.82275
20170406,-2.832
20170407,-2.8407500000000008
20170408,-2.8495
20170409,-2.856
20170410,-2.867875
20170411,-2.874375
20170412,-2.878625
20170413,-2.890125
20170414,-2.894125
20170415,-2.9025
20170416,-2.910875
20170417,-2.919375
20170418,-2.929125
20170419,-2.9352499999999995
20170420,-2.9375
20170421,-2.941375
20170422,-2.94775
20170423,-2.9515
20170424,-2.9506249999999996
20170425,-2.957875
20170426,-2.9663749999999998
20170427,-2.9675
20170428,-2.975625
20170429,-2.979875
20170430,-2.981625
20170501,-2.98825
20170502,-2.9976249999999998
20170503,-3.002875
20170504,-3.0086249999999994
20170505,-3.009875
20170506,-3.0123749999999996
20170507,-3.019875
20170508,-3.0247499999999996
20170509,-3.0247499999999996
20170510,-3.0256250000000002
20170511,-3.028625
20170512,-3.0292499999999998
20170513,-3.0268750000000004
20170514,-3.0281249999999997
20170515,-3.0295
20170516,-3.0300000000000002
20170517,-3.032
20170518,-3.037375
20170519,-3.03625
20170520,-3.042625
20170521,-3.0498749999999997
20170522,-3.05325
20170523,-3.06
20170524,-3.0655
20170525,-3.072875
20170526,-3.07725
20170527,-3.079875
20170528,-3.0898749999999997
20170529,-3.0968750000000003
20170530,-3.100125
20170531,-3.108375
20170601,-3.1145
20170602,-3.120875
20170603,-3.126125
20170604,-3.131875
20170605,-3.1356249999999997
20170606,-3.1315000000000004
20170607,-3.1185
20170608,-3.118375
20170609,-3.1175
20170610,-3.11175
20170611,-3.1109999999999998
20170612,-3.114375
20170613,-3.123875
20170614,-3.12725
20170615,-3.12475
20170616,-3.133
20170617,-3.1367499999999997
20170618,-3.1411249999999997
20170619,-3.14925
20170620,-3.1566250000000005
20170621,-3.15825
20170622,-3.162125
20170623,-3.16825
20170624,-3.1685
20170625,-3.1690000000000005
20170626,-3.160875
20170627,-3.1555
20170628,-3.143625
20170629,-2.9295
20170630,-2.7255
20170701,-2.638
20170702,-2.572375
20170703,-2.55675
20170704,-2.57475
20170705,-2.5972500000000003
20170706,-2.620375
20170707,-2.6423750000000004
20170708,-2.66525
20170709,-2.682375
20170710,-2.7016250000000004
20170711,-2.7181249999999997
20170712,-2.7375
20170713,-2.75125
20170714,-2.757875
20170715,-2.766
20170716,-2.7715
20170717,-2.779125
20170718,-2.787125
20170719,-2.7908749999999998
20170720,-2.7995
20170721,-2.8051250000000003
20170722,-2.81075
20170723,-2.8115000000000006
20170724,-2.8102500000000004
20170725,-2.8048750000000005
20170726,-2.790875
20170727,-2.787
20170728,-2.7883750000000003
20170729,-2.794125
20170730,-2.79425
20170731,-2.7906249999999995
20170801,-2.79075
20170802,-2.7913750000000004
20170803,-2.7929999999999997
20170804,-2.8025
20170805,-2.81125
20170806,-2.8167500000000003
20170807,-2.8218749999999995
20170808,-2.825875
20170809,-2.8343749999999996
20170810,-2.843
20170811,-2.84425
20170812,-2.8485000000000005
20170813,-2.8545000000000003
20170814,-2.8571250000000004
20170815,-2.8611250000000004
20170816,-2.866125
20170817,-2.8644999999999996
20170818,-2.8685
20170819,-2.87175
20170820,-2.875625
20170821,-2.8795
20170822,-2.8822500000000004
20170823,-2.8835
20170824,-2.88525
20170825,-2.8890000000000002
20170826,-2.892
20170827,-2.8961249999999996
20170828,-2.9001249999999996
20170829,-2.9036250000000003
20170830,-2.906375
20170831,-2.899
20170901,-2.892874999999999
20170902,-2.892
20170903,-2.88975
20170904,-2.8925
20170905,-2.89225
20170906,-2.8945
20170907,-2.8924999999999996
20170908,-2.8782500000000004
20170909,-2.826625
20170910,-2.7392499999999997
20170911,-2.680375
20170912,-2.6079999999999997
20170913,-2.4181250000000003
20170914,-2.292625
20170915,-2.2585
20170916,-2.232875
20170917,-2.164625
20170918,-2.182125
20170919,-2.230125
20170920,-2.285
20170921,-2.345125
20170922,-2.3830000000000005
20170923,-2.467
20170924,-2.50325
20170925,-2.5458750000000006
20170926,-2.5825
20170927,-2.612125
20170928,-2.637625
20170929,-2.658
20170930,-2.663375
20171001,-2.6315
20171002,-2.640625
20171003,-2.6704999999999997
20171004,-2.6843750000000006
20171005,-2.678375
20171006,-2.5717499999999998
20171007,-2.484375
20171008,-2.370625
20171009,-2.4314999999999998
20171010,-2.490375
20171011,-2.5335
20171012,-2.5855
20171013,-2.6236249999999997
20171014,-2.6603749999999997
20171015,-2.6843749999999997
20171016,-2.708125
20171017,-2.7262500000000003
20171018,-2.744125
20171019,-2.7578750000000003
20171020,-2.767875
20171021,-2.698375
20171022,-2.561125
20171023,-2.4151249999999997
20171024,-2.405125
20171025,-2.3844999999999996
20171026,-2.45475
20171027,-2.5241249999999997
20171028,-2.5532500000000002
20171029,-2.6060000000000003
20171030,-2.656375
20171031,-2.679375
20171101,-2.690625
20171102,-2.7052500000000004
20171103,-2.72025
20171104,-2.724375
20171105,-2.7437500000000004
20171106,-2.72725
20171107,-2.7055
20171108,-2.7222500000000003
20171109,-2.7287500000000007
20171110,-2.7241249999999995
20171111,-2.5989999999999998
20171112,-2.45275
20171113,-2.3356250000000003
20171114,-2.340625
20171115,-2.3537500000000002
20171116,-2.382
20171117,-2.4265000000000003
20171118,-2.4396250000000004
20171119,-2.3856249999999997
20171120,-2.346375
20171121,-2.21375
20171122,-2.138125
20171123,-2.1817499999999996
20171124,-2.23325
20171125,-2.3027499999999996
20171126,-2.326125
20171127,-2.2398749999999996
20171128,-2.2074999999999996
20171129,-2.2415
20171130,-2.3042499999999997
20171201,-2.3718749999999997
20171202,-2.42375
20171203,-2.461
20171204,-2.47275
20171205,-2.4775
20171206,-2.49725
20171207,-2.505875
20171208,-2.3751249999999997
20171209,-2.2264999999999997
20171210,-2.2199999999999998
20171211,-2.2962500000000006
20171212,-2.246375
20171213,-2.1029999999999998
20171214,-2.012375
20171215,-2.0841250000000002
20171216,-2.169875
20171217,-2.210625
20171218,-2.1921250000000003
20171219,-2.26075
20171220,-2.320125
20171221,-2.366
20171222,-2.408875
20171223,-2.4430000000000005
20171224,-2.470125
20171225,-2.4973750000000003
20171226,-2.523875
20171227,-2.5481249999999998
20171228,-2.471625
20171229,-2.3228750000000002
20171230,-2.2596249999999998
20171231,-2.177125
20180101,-2.080125
20180102,-2.1685
20180103,-1.876375
20180104,-1.9461250000000003
20180105,-2.005875
20180106,-2.073125
20180107,-2.16675
20180108,-2.234
20180109,-2.2937499999999997
20180110,-2.352375
20180111,-2.4211249999999995
20180112,-2.47125
20180113,-2.5051249999999996
20180114,-2.5412500000000002
20180115,-2.5366250000000004
20180116,-2.35675
20180117,-2.3405
20180118,-2.234375
20180119,-2.166625
20180120,-2.19075
20180121,-2.271375
20180122,-2.32375
20180123,-2.3724999999999996
20180124,-2.279375
20180125,-2.1671250000000004
20180126,-2.26475
20180127,-2.3446249999999997
20180128,-2.3905
20180129,-2.3895
20180130,-2.330875
20180131,-2.33125
20180201,-2.32775
20180202,-2.3716250000000003
20180203,-2.389125
20180204,-2.439
20180205,-2.486875
20180206,-2.5205
20180207,-2.5627500000000003
20180208,-2.5905
20180209,-2.61325
20180210,-2.6367499999999997
20180211,-2.6393750000000002
20180212,-2.658125
20180213,-2.6630000000000003
20180214,-2.675625
20180215,-2.688625
20180216,-2.70025
20180217,-2.702625
20180218,-2.71175
20180219,-2.72125
20180220,-2.73975
20180221,-2.7521250000000004
20180222,-2.761625
20180223,-2.7727499999999994
20180224,-2.785
20180225,-2.793875
20180226,-2.7979999999999996
20180227,-2.793
20180228,-2.793125
20180301,-2.7833749999999995
20180302,-2.7815000000000003
20180303,-2.779375
20180304,-2.775
20180305,-2.773875
20180306,-2.78425
20180307,-2.794875
20180308,-2.79575
20180309,-2.79975
20180310,-2.7851250000000003
20180311,-2.7642500000000005
20180312,-2.7550000000000003
20180313,-2.767875
20180314,-2.77025
20180315,-2.7740000000000005
20180316,-2.799375
20180317,-2.81775
20180318,-2.829875
20180319,-2.8409999999999997
20180320,-2.8530000000000006
20180321,-2.8545000000000003
20180322,-2.854875
20180323,-2.8532500000000005
20180324,-2.862875
20180325,-2.8696250000000005
20180326,-2.8724999999999996
20180327,-2.8715
20180328,-2.86925
20180329,-2.857875
20180330,-2.812625
20180331,-2.7669999999999995
20180401,-2.755125
20180402,-2.746625
20180403,-2.7387500000000005
20180404,-2.6414999999999997
20180405,-2.364625
20180406,-2.379
20180407,-2.44325
20180408,-2.51225
20180409,-2.5643749999999996
20180410,-2.6045
20180411,-2.6424999999999996
20180412,-2.6692500000000003
20180413,-2.6992499999999997
20180414,-2.723375
20180415,-2.73825
20180416,-2.752625
20180417,-2.7669999999999995
20180418,-2.7832500000000002
20180419,-2.792625
20180420,-2.804625
20180421,-2.820625
20180422,-2.827
20180423,-2.8416250000000005
20180424,-2.8507499999999997
20180425,-2.861875
20180426,-2.8720000000000003
20180427,-2.883375
20180428,-2.88975
20180429,-2.901
20180430,-2.8911249999999997
20180501,-2.8919999999999995
20180502,-2.8914999999999997
20180503,-2.902625
20180504,-2.9085
20180505,-2.91425
20180506,-2.9165
20180507,-2.921875
20180508,-2.9276249999999995
20180509,-2.9368749999999997
20180510,-2.944875
20180511,-2.9493750000000003
20180512,-2.953375
20180513,-2.9605
20180514,-2.964625
20180515,-2.965375
20180516,-2.9706249999999996
20180517,-2.9695
20180518,-2.9715
20180519,-2.97475
20180520,-2.9815000000000005
20180521,-2.9855
20180522,-2.9926250000000003
20180523,-2.9988750000000004
20180524,-3.0025
20180525,-3.007625
20180526,-3.015625
20180527,-3.0216250000000002
20180528,-3.028125
20180529,-3.0349999999999997
20180530,-3.0333750000000004
20180531,-3.032
20180601,-3.0046250000000003
20180602,-2.987875
20180603,-2.9796250000000004
20180604,-2.9743749999999998
20180605,-2.9741250000000004
20180606,-2.9803749999999996
20180607,-2.9882500000000003
20180608,-2.997125
20180609,-3.003875
20180610,-3.0116249999999996
20180611,-3.0193749999999997
20180612,-3.0281250000000006
20180613,-3.037
20180614,-3.038875
20180615,-3.0486250000000004
20180616,-3.051875
20180617,-3.053
20180618,-3.057375
20180619,-3.0629999999999997
20180620,-3.063
