4927
2
date,-9999
head_nap,-9999.0
20031216,-2.156
20031217,-2.175
20031218,-2.2
20031219,-2.225
20031220,-2.25
20031221,-2.187
20031222,-2.155
20031223,-2.15
20031224,-2.142
20031225,-2.158
20031226,-2.173
20031227,-2.196
20031228,-2.144
20031229,-2.101
20031230,-2.118
20031231,-2.143
20040101,-2.148
20040102,-2.184
20040103,-2.197
20040104,-2.223
20040105,-2.209
20040106,-2.179
20040107,-2.14
20040108,-2.129
20040109,-2.142
20040110,-2.162
20040111,-2.123
20040112,-2.071
20040113,-2.07
20040114,-2.071
20040115,-2.093
20040116,-2.052
20040117,-2.043
20040118,-2.065
20040119,-2.023
20040120,-1.99
20040121,-2.05
20040122,-2.071
20040123,-2.102
20040124,-2.117
20040125,-2.134
20040126,-2.148
20040127,-2.155
20040128,-2.176
20040129,-2.183
20040130,-2.097
20040131,-2.078
20040201,-1.951
20040202,-1.946
20040203,-1.957
20040204,-1.965
20040205,-1.981
20040206,-1.989
20040207,-1.945
20040208,-1.944
20040209,-1.947
20040210,-1.968
20040211,-1.945
20040212,-1.955
20040213,-1.974
20040214,-1.993
20040215,-2.025
20040216,-2.053
20040217,-2.077
20040218,-2.111
20040219,-2.135
20040220,-2.157
20040221,-2.179
20040222,-2.197
20040223,-2.213
20040224,-2.218
20040225,-2.21
20040226,-2.224
20040227,-2.235
20040228,-2.248
20040229,-2.265
20040301,-2.284
20040302,-2.297
20040303,-2.309
20040304,-2.333
20040305,-2.35
20040306,-2.366
20040307,-2.396
20040308,-2.428
20040309,-2.443
20040310,-2.456
20040311,-2.47
20040312,-2.477
20040313,-2.482
20040314,-2.506
20040315,-2.52
20040316,-2.531
20040317,-2.539
20040318,-2.545
20040319,-2.524
20040320,-2.428
20040321,-2.419
20040322,-2.401
20040323,-2.426
20040324,-2.445
20040325,-2.457
20040326,-2.485
20040327,-2.499
20040328,-2.519
20040329,-2.544
20040330,-2.558
20040331,-2.561
20040401,-2.581
20040402,-2.595
20040403,-2.612
20040404,-2.592
20040405,-2.574
20040406,-2.459
20040407,-2.434
20040408,-2.356
20040409,-2.37
20040410,-2.377
20040411,-2.403
20040412,-2.431
20040413,-2.462
20040414,-2.487
20040415,-2.503
20040416,-2.529
20040417,-2.548
20040418,-2.565
20040419,-2.615
20040420,-2.645
20040421,-2.665
20040422,-2.688
20040423,-2.715
20040424,-2.739
20040425,-2.76
20040426,-2.772
20040427,-2.789
20040428,-2.817
20040429,-2.784
20040430,-2.83
20040501,-2.86
20040502,-2.873
20040503,-2.877
20040504,-2.878
20040505,-2.903
20040506,-2.932
20040507,-2.867
20040508,-2.887
20040509,-2.922
20040510,-2.933
20040511,-2.954
20040512,-2.966
20040513,-2.98
20040514,-2.989
20040515,-3.005
20040516,-3.018
20040624,-2.94
20040625,-2.846
20040626,-2.836
20040627,-2.83
20040628,-2.856
20040629,-2.891
20040630,-2.919
20040701,-2.949
20040702,-2.929
20040703,-2.932
20040704,-2.966
20040705,-2.999
20040709,-3.011
20040716,-2.926
20040717,-2.873
20040718,-2.792
20040719,-2.757
20040720,-2.754
20040721,-2.751
20040722,-2.788
20040723,-2.835
20040724,-2.87
20040725,-2.905
20040726,-2.871
20040727,-2.907
20040728,-2.939
20040729,-2.971
20040730,-3.012
20040814,-2.8
20040815,-2.746
20040816,-2.729
20040817,-2.703
20040818,-2.702
20040819,-2.722
20040820,-2.721
20040821,-2.672
20040822,-2.68
20040823,-2.691
20040824,-2.688
20040825,-2.609
20040826,-2.578
20040827,-2.538
20040828,-2.477
20040829,-2.488
20040830,-2.478
20040831,-2.436
20040901,-2.417
20040902,-2.465
20040903,-2.53
20040904,-2.581
20040905,-2.615
20040906,-2.645
20040907,-2.679
20040908,-2.713
20040909,-2.752
20040910,-2.784
20040911,-2.833
20040912,-2.81
20040913,-2.84
20040914,-2.839
20040915,-2.831
20040916,-2.842
20040917,-2.858
20040918,-2.889
20040919,-2.888
20040920,-2.891
20040921,-2.878
20040922,-2.87
20040923,-2.842
20040924,-2.743
20040925,-2.713
20040926,-2.692
20040927,-2.708
20040928,-2.714
20040929,-2.668
20040930,-2.657
20041001,-2.637
20041002,-2.619
20041003,-2.572
20041004,-2.567
20041005,-2.583
20041006,-2.597
20041007,-2.614
20041008,-2.636
20041009,-2.651
20041010,-2.678
20041011,-2.702
20041012,-2.716
20041013,-2.744
20041014,-2.765
20041015,-2.79
20041016,-2.81
20041017,-2.819
20041018,-2.782
20041019,-2.743
20041020,-2.736
20041021,-2.727
20041022,-2.738
20041023,-2.727
20041024,-2.55
20041025,-2.49
20041026,-2.504
20041027,-2.509
20041028,-2.516
20041029,-2.536
20041030,-2.44
20041031,-2.45
20041101,-2.463
20041102,-2.482
20041103,-2.494
20041104,-2.464
20041105,-2.517
20041106,-2.516
20041107,-2.535
20041108,-2.539
20041109,-2.558
20041110,-2.523
20041111,-2.475
20041112,-2.455
20041113,-2.447
20041114,-2.4
20041115,-2.389
20041116,-2.417
20041117,-2.385
20041118,-2.361
20041119,-2.279
20041120,-2.195
20041121,-2.171
20041122,-2.16
20041123,-2.172
20041124,-2.179
20041125,-2.194
20041126,-2.216
20041127,-2.221
20041128,-2.225
20041129,-2.261
20041130,-2.277
20041201,-2.304
20041202,-2.325
20041203,-2.351
20041204,-2.376
20041205,-2.395
20041206,-2.412
20041207,-2.437
20041208,-2.457
20041209,-2.473
20041210,-2.488
20041211,-2.508
20041212,-2.524
20041213,-2.533
20041214,-2.537
20041215,-2.548
20041216,-2.532
20041217,-2.537
20041218,-2.536
20041219,-2.386
20041220,-2.367
20041221,-2.391
20041222,-2.395
20041223,-2.38
20041224,-2.372
20041225,-2.336
20041226,-2.36
20041227,-2.378
20041228,-2.392
20041229,-2.389
20041230,-2.315
20041231,-2.282
20050101,-2.257
20050102,-2.27
20050103,-2.292
20050104,-2.307
20050105,-2.328
20050106,-2.34
20050107,-2.316
20050108,-2.28
20050109,-2.332
20050110,-2.353
20050111,-2.338
20050112,-2.315
20050113,-2.357
20050114,-2.378
20050115,-2.389
20050116,-2.415
20050117,-2.414
20050118,-2.364
20050119,-2.338
20050120,-2.308
20050121,-2.315
20050122,-2.305
20050123,-2.315
20050124,-2.305
20050125,-2.31
20050126,-2.331
20050127,-2.346
20050128,-2.371
20050129,-2.392
20050130,-2.409
20050131,-2.4
20050201,-2.346
20050202,-2.351
20050203,-2.371
20050204,-2.383
20050205,-2.399
20050206,-2.435
20050207,-2.457
20050208,-2.483
20050209,-2.489
20050210,-2.417
20050211,-2.385
20050212,-2.291
20050213,-2.154
20050214,-2.135
20050215,-2.13
20050216,-2.139
20050217,-2.158
20050218,-2.166
20050219,-2.182
20050220,-2.177
20050221,-2.166
20050222,-2.18
20050223,-2.202
20050224,-2.216
20050225,-2.224
20050226,-2.231
20050227,-2.247
20050228,-2.266
20050301,-2.287
20050302,-2.327
20050303,-2.357
20050304,-2.351
20050305,-2.391
20050306,-2.418
20050307,-2.413
20050308,-2.264
20050309,-2.128
20050310,-2.106
20050311,-2.098
20050312,-2.097
20050313,-2.115
20050314,-2.129
20050315,-2.149
20050316,-2.152
20050317,-2.184
20050318,-2.209
20050319,-2.244
20050320,-2.262
20050321,-2.29
20050322,-2.326
20050323,-2.374
20050324,-2.402
20050325,-2.419
20050326,-2.43
20050327,-2.454
20050328,-2.467
20050329,-2.462
20050330,-2.474
20050331,-2.489
20050401,-2.508
20050402,-2.518
20050403,-2.541
20050404,-2.558
20050405,-2.564
20050406,-2.558
20050407,-2.569
20050408,-2.605
20050409,-2.609
20050410,-2.596
20050411,-2.615
20050412,-2.619
20050413,-2.627
20050414,-2.59
20050415,-2.599
20050416,-2.623
20050417,-2.639
20050418,-2.645
20050419,-2.669
20050420,-2.642
20050421,-2.659
20050422,-2.673
20050423,-2.689
20050424,-2.713
20050425,-2.74
20050426,-2.759
20050427,-2.736
20050428,-2.747
20050429,-2.718
20050430,-2.713
20050501,-2.747
20050502,-2.757
20050503,-2.781
20050504,-2.802
20050505,-2.81
20050506,-2.785
20050507,-2.788
20050508,-2.724
20050509,-2.721
20050510,-2.718
20050511,-2.743
20050512,-2.77
20050513,-2.795
20050514,-2.809
20050515,-2.744
20050516,-2.725
20050517,-2.743
20050518,-2.779
20050519,-2.786
20050520,-2.782
20050521,-2.811
20050522,-2.831
20050523,-2.855
20050524,-2.861
20050525,-2.881
20050526,-2.828
20050527,-2.898
20050528,-2.934
20050529,-2.947
20050530,-2.949
20050531,-2.924
20050601,-2.94
20050602,-2.951
20050603,-2.948
20050604,-2.844
20050605,-2.851
20050606,-2.872
20050607,-2.898
20050608,-2.927
20050609,-2.942
20050610,-2.96
20050611,-2.953
20050612,-2.967
20050613,-2.938
20050614,-2.963
20050615,-2.977
20050616,-2.986
20050617,-2.994
20050618,-3.002
20050619,-3.014
20050701,-2.964
20050702,-2.933
20050703,-2.93
20050704,-2.926
20050705,-2.927
20050706,-2.911
20050707,-2.92
20050708,-2.931
20050709,-2.898
20050710,-2.915
20050711,-2.953
20050712,-2.967
20050713,-2.989
20050714,-3.016
20050720,-3.012
20050721,-3.006
20050722,-3.007
20050726,-2.988
20050727,-2.991
20050728,-2.983
20050729,-2.994
20050730,-2.938
20050731,-2.855
20050801,-2.719
20050802,-2.717
20050803,-2.737
20050804,-2.789
20050805,-2.806
20050806,-2.731
20050807,-2.705
20050808,-2.682
20050809,-2.697
20050810,-2.689
20050811,-2.705
20050812,-2.75
20050813,-2.789
20050814,-2.782
20050815,-2.76
20050816,-2.766
20050817,-2.808
20050818,-2.845
20050819,-2.885
20050820,-2.913
20050821,-2.921
20050822,-2.929
20050823,-2.942
20050824,-2.943
20050825,-2.917
20050826,-2.85
20050827,-2.818
20050828,-2.838
20050829,-2.882
20050830,-2.909
20050831,-2.923
20050901,-2.972
20050902,-2.984
20050903,-2.987
20050904,-3.004
20050917,-3.012
20050918,-3.01
20050919,-3.016
20050929,-3.012
20050930,-2.911
20051001,-2.842
20051002,-2.81
20051003,-2.818
20051004,-2.831
20051005,-2.858
20051006,-2.88
20051007,-2.887
20051008,-2.906
20051009,-2.921
20051010,-2.926
20051011,-2.941
20051012,-2.967
20051013,-2.982
20051014,-2.998
20051015,-2.999
20051016,-3.01
20051017,-3.019
20051022,-3.02
20051024,-2.994
20051025,-2.859
20051026,-2.765
20051027,-2.735
20051028,-2.748
20051029,-2.77
20051030,-2.79
20051031,-2.804
20051101,-2.832
20051102,-2.835
20051103,-2.794
20051104,-2.803
20051105,-2.821
20051106,-2.831
20051107,-2.832
20051108,-2.812
20051109,-2.829
20051110,-2.834
20051111,-2.802
20051112,-2.773
20051113,-2.798
20051114,-2.792
20051115,-2.765
20051116,-2.719
20051117,-2.645
20051118,-2.49
20051119,-2.468
20051120,-2.497
20051121,-2.541
20051122,-2.567
20051123,-2.595
20051124,-2.568
20051125,-2.483
20051126,-2.505
20051127,-2.541
20051128,-2.56
20051129,-2.601
20051130,-2.619
20051201,-2.622
20051202,-2.629
20051203,-2.654
20051204,-2.678
20051205,-2.612
20051206,-2.557
20051207,-2.561
20051208,-2.586
20051209,-2.622
20051210,-2.625
20051211,-2.648
20051212,-2.677
20051213,-2.684
20051214,-2.704
20051215,-2.697
20051216,-2.639
20051217,-2.647
20051218,-2.597
20051219,-2.528
20051220,-2.512
20051221,-2.536
20051222,-2.561
20051223,-2.517
20051224,-2.526
20051225,-2.563
20051226,-2.568
20051227,-2.597
20051228,-2.614
20051229,-2.634
20051230,-2.641
20051231,-2.64
20060101,-2.543
20060102,-2.548
20060103,-2.563
20060104,-2.606
20060105,-2.619
20060106,-2.654
20060107,-2.675
20060108,-2.701
20060109,-2.712
20060110,-2.716
20060111,-2.712
20060112,-2.732
20060113,-2.719
20060114,-2.732
20060115,-2.74
20060116,-2.74
20060117,-2.728
20060118,-2.752
20060119,-2.74
20060120,-2.641
20060121,-2.609
20060122,-2.626
20060123,-2.627
20060124,-2.653
20060125,-2.678
20060126,-2.723
20060127,-2.728
20060128,-2.757
20060129,-2.774
20060130,-2.778
20060131,-2.781
20060201,-2.78
20060202,-2.788
20060203,-2.793
20060204,-2.813
20060205,-2.799
20060206,-2.794
20060207,-2.787
20060208,-2.732
20060209,-2.726
20060210,-2.724
20060211,-2.703
20060212,-2.7
20060213,-2.703
20060214,-2.709
20060215,-2.664
20060216,-2.591
20060217,-2.559
20060218,-2.549
20060219,-2.58
20060220,-2.62
20060221,-2.649
20060222,-2.673
20060223,-2.681
20060224,-2.711
20060225,-2.734
20060226,-2.753
20060227,-2.752
20060228,-2.723
20060301,-2.71
20060302,-2.703
20060303,-2.686
20060304,-2.666
20060305,-2.671
20060306,-2.642
20060307,-2.581
20060308,-2.552
20060309,-2.531
20060310,-2.485
20060311,-2.506
20060312,-2.539
20060313,-2.56
20060314,-2.591
20060315,-2.633
20060316,-2.661
20060317,-2.675
20060318,-2.688
20060319,-2.701
20060320,-2.725
20060321,-2.738
20060322,-2.759
20060323,-2.769
20060324,-2.754
20060325,-2.781
20060326,-2.724
20060327,-2.632
20060328,-2.619
20060329,-2.652
20060330,-2.575
20060331,-2.549
20060401,-2.534
20060402,-2.537
20060403,-2.508
20060404,-2.508
20060405,-2.532
20060406,-2.559
20060407,-2.578
20060408,-2.561
20060409,-2.55
20060410,-2.581
20060411,-2.585
20060412,-2.591
20060413,-2.583
20060414,-2.612
20060415,-2.597
20060416,-2.631
20060417,-2.639
20060418,-2.657
20060419,-2.658
20060420,-2.685
20060421,-2.706
20060422,-2.719
20060423,-2.733
20060424,-2.743
20060425,-2.759
20060426,-2.779
20060427,-2.793
20060428,-2.793
20060429,-2.812
20060430,-2.814
20060501,-2.812
20060502,-2.828
20060503,-2.841
20060504,-2.854
20060505,-2.871
20060506,-2.885
20060507,-2.906
20060508,-2.92
20060509,-2.942
20060510,-2.957
20060511,-2.98
20060512,-2.994
20060513,-3.012
20060515,-3.019
20060519,-3.001
20060520,-2.934
20060521,-2.933
20060522,-2.933
20060523,-2.967
20060524,-2.958
20060525,-2.959
20060526,-2.948
20060527,-2.93
20060528,-2.94
20060529,-2.946
20060530,-2.947
20060531,-2.966
20060601,-2.983
20060602,-2.992
20060603,-3.0
20060802,-3.346
20060803,-3.342
20060804,-3.311
20060805,-3.319
20060806,-3.343
20060807,-3.352
20060808,-3.336
20060809,-3.34
20060810,-3.324
20060811,-3.281
20060812,-3.279
20060813,-3.291
20060814,-3.269
20060815,-3.209
20060816,-3.2
20060817,-3.219
20060818,-3.238
20060819,-3.243
20060820,-3.234
20060821,-3.145
20060822,-3.101
20060823,-3.083
20060824,-3.091
20060825,-3.085
20060826,-3.087
20060827,-3.101
20060828,-3.06
20060829,-2.997
20060830,-2.95
20060831,-2.913
20060901,-2.896
20060902,-2.895
20060903,-2.897
20060904,-2.891
20060905,-2.894
20060906,-2.903
20060907,-2.933
20060908,-2.962
20060909,-2.976
20060910,-2.998
20060911,-3.025
20060912,-3.05
20060913,-3.067
20060914,-3.092
20060915,-3.117
20060916,-3.127
20060917,-3.14
20060918,-3.132
20060919,-3.137
20060920,-3.142
20060921,-3.15
20060922,-3.172
20060923,-3.188
20060924,-3.187
20060925,-3.193
20060926,-3.196
20060927,-3.176
20060928,-3.183
20060929,-3.186
20060930,-3.2
20061001,-3.199
20061002,-3.159
20061003,-3.092
20061004,-3.072
20061005,-3.045
20061006,-2.979
20061007,-2.951
20061008,-2.91
20061009,-2.901
20061010,-2.922
20061011,-2.914
20061012,-2.956
20061013,-2.959
20061014,-2.963
20061015,-2.975
20061016,-2.981
20061017,-2.987
20061018,-2.996
20061019,-3.002
20061020,-3.006
20061021,-3.018
20061022,-3.018
20061023,-2.993
20061024,-2.825
20061025,-2.746
20061026,-2.706
20061027,-2.738
20061028,-2.725
20061029,-2.757
20061030,-2.753
20061031,-2.77
20061101,-2.804
20061102,-2.759
20061103,-2.704
20061104,-2.684
20061105,-2.696
20061106,-2.72
20061107,-2.742
20061108,-2.757
20061109,-2.8
20061110,-2.794
20061111,-2.756
20061112,-2.711
20061113,-2.659
20061114,-2.674
20061115,-2.644
20061116,-2.617
20061117,-2.586
20061118,-2.597
20061119,-2.601
20061120,-2.61
20061121,-2.568
20061122,-2.545
20061123,-2.503
20061124,-2.473
20061125,-2.478
20061126,-2.528
20061127,-2.554
20061128,-2.576
20061129,-2.624
20061130,-2.629
20061201,-2.636
20061202,-2.63
20061203,-2.546
20061204,-2.546
20061205,-2.506
20061206,-2.544
20061207,-2.48
20061208,-2.386
20061209,-2.42
20061210,-2.448
20061211,-2.459
20061212,-2.486
20061213,-2.503
20061214,-2.529
20061215,-2.547
20061216,-2.594
20061217,-2.6
20061218,-2.582
20061219,-2.597
20061220,-2.612
20061221,-2.636
20061222,-2.653
20061223,-2.661
20061224,-2.684
20061225,-2.7
20061226,-2.709
20061227,-2.72
20061228,-2.742
20061229,-2.734
20061230,-2.752
20061231,-2.717
20070101,-2.662
20070102,-2.608
20070103,-2.539
20070104,-2.507
20070105,-2.509
20070106,-2.513
20070107,-2.408
20070108,-2.405
20070109,-2.385
20070110,-2.415
20070111,-2.351
20070112,-2.307
20070113,-2.371
20070114,-2.451
20070115,-2.482
20070116,-2.513
20070117,-2.494
20070118,-2.312
20070119,-2.232
20070120,-2.256
20070121,-2.321
20070122,-2.355
20070123,-2.37
20070124,-2.431
20070125,-2.494
20070126,-2.498
20070127,-2.533
20070128,-2.503
20070129,-2.541
20070130,-2.556
20070131,-2.551
20070201,-2.583
20070202,-2.582
20070203,-2.601
20070204,-2.6
20070205,-2.602
20070206,-2.609
20070207,-2.627
20070208,-2.625
20070209,-2.69
20070210,-2.666
20070211,-2.629
20070212,-2.456
20070213,-2.388
20070214,-2.357
20070215,-2.357
20070216,-2.393
20070217,-2.45
20070218,-2.52
20070219,-2.54
20070220,-2.569
20070221,-2.573
20070222,-2.569
20070223,-2.57
20070224,-2.555
20070225,-2.529
20070226,-2.397
20070227,-2.386
20070228,-2.322
20070301,-2.273
20070302,-2.28
20070303,-2.337
20070304,-2.346
20070305,-2.363
20070306,-2.349
20070307,-2.25
20070308,-2.285
20070309,-2.331
20070310,-2.394
20070311,-2.433
20070312,-2.47
20070313,-2.524
20070314,-2.551
20070315,-2.559
20070316,-2.581
20070317,-2.595
20070318,-2.507
20070319,-2.523
20070320,-2.535
20070321,-2.53
20070322,-2.555
20070323,-2.58
20070324,-2.595
20070325,-2.627
20070326,-2.633
20070327,-2.646
20070328,-2.67
20070329,-2.69
20070330,-2.696
20070331,-2.724
20070401,-2.741
20070402,-2.746
20070403,-2.754
20070404,-2.783
20070405,-2.796
20070406,-2.808
20070407,-2.82
20070408,-2.816
20070409,-2.832
20070410,-2.852
20070411,-2.857
20070412,-2.861
20070413,-2.873
20070414,-2.88
20070415,-2.886
20070416,-2.902
20070417,-2.915
20070418,-2.923
20070419,-2.92
20070420,-2.949
20070421,-2.945
20070422,-2.953
20070423,-2.963
20070424,-2.976
20070425,-2.978
20070426,-3.0
20070427,-3.015
20070428,-3.03
20070429,-3.035
20070430,-3.049
20070501,-3.056
20070502,-3.073
20070503,-3.083
20070504,-3.102
20070505,-3.111
20070506,-3.101
20070507,-3.095
20070508,-3.089
20070509,-3.109
20070510,-3.101
20070511,-3.105
20070512,-3.037
20070513,-3.01
20070514,-3.038
20070515,-3.009
20070516,-3.015
20070517,-2.999
20070518,-2.996
20070519,-3.034
20070520,-3.058
20070521,-3.073
20070522,-3.09
20070523,-3.089
20070524,-3.111
20070525,-3.121
20070526,-3.139
20070527,-3.12
20070528,-3.12
20070529,-3.094
20070530,-3.088
20070531,-3.113
20070601,-3.093
20070602,-3.117
20070603,-3.133
20070604,-3.146
20070605,-3.151
20070606,-3.155
20070607,-3.161
20070608,-3.17
20070609,-3.19
20070610,-3.193
20070611,-3.204
20070612,-3.209
20070613,-3.215
20070614,-3.215
20070615,-3.205
20070616,-3.166
20070617,-3.083
20070618,-2.964
20070619,-2.902
20070620,-2.915
20070621,-2.932
20070622,-2.941
20070623,-2.963
20070624,-2.894
20070625,-2.86
20070626,-2.793
20070627,-2.713
20070628,-2.72
20070629,-2.73
20070630,-2.711
20070701,-2.649
20070702,-2.523
20070703,-2.527
20070704,-2.453
20070705,-2.431
20070706,-2.478
20070707,-2.427
20070708,-2.498
20070709,-2.561
20070710,-2.608
20070711,-2.659
20070712,-2.673
20070713,-2.708
20070714,-2.769
20070715,-2.808
20070716,-2.839
20070717,-2.469
20070718,-2.519
20070719,-2.599
20070720,-2.651
20070721,-2.635
20070722,-2.655
20070723,-2.67
20070724,-2.606
20070725,-2.542
20070726,-2.585
20070727,-2.662
20070728,-2.722
20070729,-2.753
20070730,-2.785
20070731,-2.815
20070801,-2.832
20070802,-2.869
20070803,-2.909
20070804,-2.919
20070805,-2.936
20070806,-2.979
20070807,-3.003
20070808,-3.011
20070809,-3.023
20070810,-3.03
20070811,-3.043
20070812,-3.047
20070813,-3.062
20070814,-3.065
20070815,-3.051
20070816,-3.079
20070817,-3.038
20070818,-3.04
20070819,-3.057
20070820,-3.081
20070821,-3.088
20070822,-3.089
20070823,-3.103
20070824,-3.108
20070825,-3.116
20070826,-3.135
20070827,-3.129
20070828,-3.145
20070829,-3.159
20070830,-3.161
20070831,-3.161
20070901,-3.169
20070902,-3.166
20070903,-3.165
20070904,-3.177
20070905,-3.174
20070906,-3.172
20070907,-3.184
20070908,-3.188
20070909,-3.201
20070910,-3.181
20070911,-3.183
20070912,-3.177
20070913,-3.175
20070914,-3.17
20070915,-3.185
20070916,-3.175
20070917,-3.191
20070918,-3.175
20070919,-3.157
20070920,-3.153
20070921,-3.126
20070922,-3.134
20070923,-3.131
20070924,-3.137
20070925,-3.149
20070926,-3.062
20070927,-3.023
20070928,-3.005
20070929,-2.932
20070930,-2.696
20071001,-2.617
20071002,-2.646
20071003,-2.675
20071004,-2.689
20071005,-2.733
20071006,-2.759
20071007,-2.774
20071008,-2.815
20071009,-2.824
20071010,-2.861
20071011,-2.858
20071012,-2.887
20071013,-2.89
20071014,-2.888
20071015,-2.902
20071016,-2.919
20071017,-2.925
20071018,-2.797
20071019,-2.764
20071020,-2.762
20071021,-2.781
20071022,-2.791
20071023,-2.817
20071024,-2.837
20071025,-2.848
20071026,-2.865
20071027,-2.874
20071028,-2.852
20071029,-2.833
20071030,-2.834
20071031,-2.832
20071101,-2.847
20071102,-2.853
20071103,-2.84
20071104,-2.855
20071105,-2.833
20071106,-2.823
20071107,-2.781
20071108,-2.729
20071109,-2.74
20071110,-2.667
20071111,-2.587
20071112,-2.553
20071113,-2.515
20071114,-2.532
20071115,-2.55
20071116,-2.577
20071117,-2.597
20071118,-2.611
20071119,-2.651
20071120,-2.669
20071121,-2.694
20071122,-2.708
20071123,-2.766
20071124,-2.746
20071125,-2.756
20071126,-2.739
20071127,-2.708
20071128,-2.673
20071129,-2.666
20071130,-2.695
20071201,-2.674
20071202,-2.566
20071203,-2.411
20071204,-2.419
20071205,-2.425
20071206,-2.461
20071207,-2.327
20071208,-2.259
20071209,-2.244
20071210,-2.327
20071211,-2.395
20071212,-2.449
20071213,-2.483
20071214,-2.51
20071215,-2.547
20071216,-2.571
20071217,-2.59
20071218,-2.611
20071219,-2.63
20071220,-2.632
20071221,-2.643
20071222,-2.659
20071223,-2.689
20071224,-2.678
20071225,-2.671
20071226,-2.714
20071227,-2.692
20071228,-2.694
20071229,-2.695
20071230,-2.739
20071231,-2.717
20080101,-2.717
20080102,-2.72
20080103,-2.714
20080104,-2.736
20080105,-2.74
20080106,-2.762
20080107,-2.706
20080108,-2.715
20080109,-2.702
20080110,-2.696
20080111,-2.597
20080112,-2.548
20080113,-2.53
20080114,-2.541
20080115,-2.531
20080116,-2.514
20080117,-2.518
20080118,-2.467
20080119,-2.356
20080120,-2.23
20080121,-2.211
20080122,-2.147
20080123,-2.195
20080124,-2.252
20080125,-2.292
20080126,-2.358
20080127,-2.386
20080128,-2.435
20080129,-2.46
20080130,-2.489
20080131,-2.478
20080201,-2.486
20080202,-2.527
20080203,-2.536
20080204,-2.544
20080205,-2.557
20080206,-2.546
20080207,-2.56
20080208,-2.565
20080209,-2.581
20080210,-2.596
20080211,-2.61
20080212,-2.624
20080213,-2.639
20080214,-2.649
20080215,-2.67
20080216,-2.678
20080217,-2.681
20080218,-2.691
20080219,-2.692
20080220,-2.699
20080221,-2.703
20080222,-2.696
20080223,-2.694
20080224,-2.695
20080225,-2.677
20080226,-2.611
20080227,-2.597
20080228,-2.608
20080229,-2.612
20080301,-2.515
20080302,-2.52
20080303,-2.543
20080304,-2.583
20080305,-2.605
20080306,-2.587
20080307,-2.583
20080308,-2.595
20080309,-2.609
20080310,-2.523
20080311,-2.544
20080312,-2.483
20080313,-2.491
20080314,-2.523
20080315,-2.551
20080316,-2.583
20080317,-2.61
20080318,-2.618
20080319,-2.631
20080320,-2.624
20080321,-2.405
20080322,-2.424
20080323,-2.457
20080324,-2.482
20080325,-2.503
20080326,-2.514
20080327,-2.534
20080328,-2.55
20080329,-2.497
20080330,-2.486
20080331,-2.503
20080401,-2.508
20080402,-2.506
20080403,-2.539
20080404,-2.547
20080405,-2.552
20080406,-2.573
20080407,-2.59
20080408,-2.604
20080409,-2.618
20080410,-2.64
20080411,-2.656
20080412,-2.672
20080413,-2.693
20080414,-2.719
20080415,-2.695
20080416,-2.705
20080417,-2.715
20080418,-2.738
20080419,-2.755
20080420,-2.773
20080421,-2.785
20080422,-2.804
20080423,-2.812
20080424,-2.82
20080425,-2.823
20080426,-2.828
20080427,-2.834
20080428,-2.84
20080429,-2.836
20080430,-2.839
20080501,-2.863
20080502,-2.878
20080503,-2.889
20080504,-2.897
20080505,-2.914
20080506,-2.925
20080507,-2.936
20080508,-2.954
20080509,-2.97
20080510,-2.987
20080511,-3.008
20080512,-3.023
20080513,-3.044
20080514,-3.053
20080515,-3.068
20080516,-3.081
20080517,-3.088
20080518,-3.088
20080519,-3.101
20080520,-3.107
20080521,-3.118
20080522,-3.127
20080523,-3.14
20080524,-3.152
20080525,-3.161
20080526,-3.168
20080527,-3.172
20080528,-3.174
20080529,-3.191
20080530,-3.193
20080531,-3.204
20080601,-3.196
20080602,-3.203
20080603,-3.191
20080604,-3.186
20080605,-3.189
20080606,-3.213
20080607,-3.226
20080608,-3.235
20080609,-3.249
20080610,-3.262
20080611,-3.268
20080612,-3.272
20080613,-3.273
20080614,-3.28
20080615,-3.285
20080616,-3.287
20080617,-3.292
20080618,-3.295
20080619,-3.298
20080620,-3.304
20080621,-3.31
20080622,-3.309
20080623,-3.319
20080624,-3.323
20080625,-3.329
20080626,-3.336
20080627,-3.335
20080628,-3.332
20080629,-3.341
20080630,-3.351
20080701,-3.356
20080702,-3.369
20080703,-3.374
20080704,-3.371
20080705,-3.375
20080706,-3.38
20080707,-3.377
20080708,-3.31
20080709,-3.29
20080710,-3.265
20080711,-3.25
20080712,-3.245
20080713,-3.23
20080714,-3.234
20080715,-3.251
20080716,-3.254
20080717,-3.262
20080718,-3.232
20080719,-3.204
20080720,-3.123
20080721,-3.111
20080722,-3.094
20080723,-3.094
20080724,-3.11
20080725,-3.13
20080726,-3.151
20080727,-2.972
20080728,-2.91
20080729,-2.901
20080730,-2.858
20080731,-2.888
20080801,-2.898
20080802,-2.923
20080803,-2.931
20080804,-2.811
20080805,-2.782
20080806,-2.804
20080807,-2.797
20080808,-2.774
20080809,-2.79
20080810,-2.765
20080811,-2.736
20080812,-2.74
20080813,-2.771
20080814,-2.664
20080815,-2.665
20080816,-2.698
20080817,-2.751
20080818,-2.76
20080819,-2.761
20080820,-2.727
20080821,-2.633
20080822,-2.624
20080823,-2.641
20080824,-2.674
20080825,-2.709
20080826,-2.767
20080827,-2.782
20080828,-2.807
20080829,-2.835
20080830,-2.859
20080831,-2.895
20080901,-2.899
20080902,-2.901
20080903,-2.873
20080904,-2.863
20080905,-2.896
20080906,-2.885
20080907,-2.907
20080908,-2.9
20080909,-2.92
20080910,-2.941
20080911,-2.962
20080912,-2.982
20080913,-2.976
20080914,-2.998
20080915,-3.008
20080916,-3.018
20080917,-3.023
20080918,-3.029
20080919,-3.045
20080920,-3.056
20080921,-3.055
20080922,-3.06
20080923,-3.062
20080924,-3.056
20080925,-3.072
20080926,-3.079
20080927,-3.077
20080928,-3.078
20080929,-3.06
20080930,-3.03
20081001,-2.932
20081002,-2.842
20081003,-2.734
20081004,-2.679
20081005,-2.673
20081006,-2.478
20081007,-2.495
20081008,-2.541
20081009,-2.582
20081010,-2.603
20081011,-2.638
20081012,-2.661
20081013,-2.672
20081014,-2.7
20081015,-2.717
20081016,-2.691
20081017,-2.675
20081018,-2.671
20081019,-2.71
20081020,-2.723
20081021,-2.745
20081022,-2.762
20081023,-2.767
20081024,-2.787
20081025,-2.788
20081026,-2.784
20081027,-2.691
20081028,-2.669
20081029,-2.569
20081030,-2.601
20081031,-2.652
20081101,-2.69
20081102,-2.712
20081103,-2.729
20081104,-2.744
20081105,-2.755
20081106,-2.762
20081107,-2.766
20081108,-2.775
20081109,-2.761
20081110,-2.748
20081111,-2.4
20081112,-2.337
20081113,-2.335
20081114,-2.387
20081115,-2.423
20081116,-2.474
20081117,-2.523
20081118,-2.546
20081119,-2.585
20081120,-2.604
20081121,-2.588
20081122,-2.522
20081123,-2.413
20081124,-2.455
20081125,-2.51
20081126,-2.541
20081127,-2.555
20081128,-2.577
20081129,-2.603
20081130,-2.626
20081201,-2.646
20081202,-2.659
20081203,-2.632
20081204,-2.622
20081205,-2.623
20081206,-2.66
20081207,-2.681
20081208,-2.675
20081209,-2.677
20081210,-2.572
20081211,-2.552
20081212,-2.585
20081213,-2.594
20081214,-2.652
20081215,-2.698
20081216,-2.7
20081217,-2.71
20081218,-2.718
20081219,-2.736
20081220,-2.697
20081221,-2.704
20081222,-2.708
20081223,-2.725
20081224,-2.734
20081225,-2.75
20081226,-2.762
20081227,-2.769
20081228,-2.777
20081229,-2.786
20081230,-2.795
20081231,-2.807
20090101,-2.821
20090102,-2.83
20090103,-2.826
20090104,-2.819
20090105,-2.804
20090106,-2.799
20090107,-2.816
20090108,-2.83
20090109,-2.839
20090110,-2.843
20090111,-2.847
20090112,-2.838
20090113,-2.841
20090114,-2.828
20090115,-2.804
20090116,-2.79
20090117,-2.775
20090118,-2.734
20090119,-2.689
20090120,-2.618
20090121,-2.611
20090122,-2.597
20090123,-2.535
20090124,-2.396
20090125,-2.41
20090126,-2.486
20090127,-2.546
20090128,-2.588
20090129,-2.627
20090130,-2.658
20090131,-2.687
20090201,-2.713
20090202,-2.724
20090203,-2.751
20090204,-2.758
20090205,-2.761
20090206,-2.757
20090207,-2.76
20090208,-2.755
20090209,-2.752
20090210,-2.696
20090211,-2.597
20090212,-2.59
20090213,-2.592
20090214,-2.617
20090215,-2.624
20090216,-2.572
20090217,-2.443
20090218,-2.424
20090219,-2.476
20090220,-2.523
20090221,-2.541
20090222,-2.567
20090223,-2.599
20090224,-2.638
20090225,-2.653
20090226,-2.67
20090227,-2.672
20090228,-2.665
20090301,-2.668
20090302,-2.659
20090303,-2.635
20090304,-2.636
20090305,-2.681
20090306,-2.683
20090307,-2.682
20090308,-2.63
20090309,-2.604
20090310,-2.605
20090311,-2.63
20090312,-2.62
20090313,-2.644
20090314,-2.648
20090315,-2.692
20090316,-2.709
20090317,-2.73
20090318,-2.732
20090319,-2.752
20090320,-2.767
20090321,-2.77
20090322,-2.786
20090323,-2.761
20090324,-2.803
20090325,-2.704
20090326,-2.687
20090327,-2.622
20090328,-2.554
20090329,-2.463
20090330,-2.483
20090331,-2.536
20090401,-2.585
20090402,-2.626
20090403,-2.656
20090404,-2.686
20090405,-2.716
20090406,-2.726
20090407,-2.751
20090408,-2.761
20090409,-2.775
20090410,-2.786
20090411,-2.808
20090412,-2.807
20090413,-2.821
20090414,-2.83
20090415,-2.835
20090416,-2.843
20090417,-2.866
20090418,-2.882
20090419,-2.888
20090420,-2.894
20090421,-2.903
20090422,-2.913
20090423,-2.92
20090424,-2.926
20090425,-2.937
20090426,-2.946
20090427,-2.917
20090428,-2.938
20090429,-2.946
20090430,-2.958
20090501,-2.964
20090502,-2.972
20090503,-2.966
20090504,-2.97
20090505,-2.978
20090506,-2.94
20090507,-2.936
20090508,-2.94
20090509,-2.964
20090510,-2.984
20090511,-2.999
20090512,-3.004
20090513,-3.009
20090514,-3.018
20090515,-3.023
20090516,-2.985
20090517,-2.933
20090518,-2.875
20090519,-2.882
20090520,-2.909
20090521,-2.929
20090522,-2.954
20090523,-2.976
20090524,-3.003
20090525,-3.004
20090526,-2.945
20090527,-2.96
20090528,-2.971
20090529,-2.99
20090530,-3.003
20090531,-3.032
20090601,-3.041
20090602,-3.055
20090603,-3.058
20090604,-3.06
20090605,-3.067
20090606,-3.077
20090607,-3.09
20090608,-3.089
20090609,-3.077
20090610,-3.098
20090611,-3.055
20090612,-3.044
20090613,-3.055
20090614,-3.065
20090615,-3.089
20090616,-3.095
20090617,-3.093
20090618,-3.108
20090619,-3.114
20090620,-3.121
20090621,-3.113
20090622,-3.121
20090623,-3.131
20090624,-3.142
20090625,-3.147
20090626,-3.155
20090627,-3.164
20090628,-3.174
20090629,-3.182
20090630,-3.194
20090701,-3.199
20090702,-3.209
20090703,-3.218
20090704,-3.225
20090705,-3.229
20090706,-3.23
20090707,-3.206
20090708,-3.142
20090709,-3.134
20090710,-3.009
20090711,-3.027
20090712,-3.009
20090713,-2.988
20090714,-2.999
20090715,-3.02
20090716,-3.048
20090717,-3.064
20090718,-3.074
20090719,-3.071
20090720,-3.088
20090721,-3.089
20090722,-3.102
20090723,-3.109
20090724,-3.104
20090725,-3.081
20090726,-3.082
20090727,-3.1
20090728,-3.113
20090729,-3.13
20090730,-3.12
20090731,-3.126
20090801,-3.139
20090802,-3.162
20090803,-3.131
20090804,-3.147
20090805,-3.175
20090806,-3.193
20090807,-3.216
20090808,-3.221
20090809,-3.216
20090810,-3.217
20090811,-3.236
20090812,-3.228
20090813,-3.246
20090814,-3.255
20090815,-3.256
20090816,-3.264
20090817,-3.274
20090818,-3.284
20090819,-3.29
20090820,-3.298
20090821,-3.303
20090822,-3.313
20090823,-3.31
20090824,-3.325
20090825,-3.333
20090826,-3.257
20090827,-3.268
20090828,-3.276
20090829,-3.268
20090830,-3.244
20090831,-3.237
20090901,-3.275
20090902,-3.268
20090903,-3.254
20090904,-3.222
20090905,-3.195
20090906,-3.156
20090907,-3.156
20090908,-3.171
20090909,-3.197
20090910,-3.202
20090911,-3.209
20090912,-3.212
20090913,-3.217
20090914,-3.232
20090915,-3.238
20090916,-3.238
20090917,-3.252
20090918,-3.255
20090919,-3.264
20090920,-3.286
20090921,-3.279
20090922,-3.29
20090923,-3.303
20090924,-3.303
20090925,-3.3
20090926,-3.299
20090927,-3.299
20090928,-3.297
20090929,-3.298
20090930,-3.271
20091001,-3.273
20091002,-3.283
20091003,-3.257
20091004,-3.285
20091005,-3.279
20091006,-3.26
20091007,-3.265
20091008,-3.232
20091009,-3.235
20091010,-3.225
20091011,-3.191
20091012,-3.204
20091013,-3.197
20091014,-3.191
20091015,-3.189
20091016,-3.197
20091017,-3.183
20091018,-3.167
20091019,-3.156
20091020,-3.148
20091021,-3.153
20091022,-3.151
20091023,-3.15
20091024,-3.136
20091025,-3.125
20091026,-3.119
20091027,-3.101
20091028,-3.082
20091029,-3.084
20091030,-3.071
20091031,-3.052
20091101,-3.035
20091102,-3.022
20091103,-2.989
20091104,-2.982
20091105,-2.965
20091106,-2.947
20091107,-2.939
20091108,-2.935
20091109,-2.926
20091110,-2.91
20091111,-2.883
20091112,-2.843
20091113,-2.807
20091114,-2.767
20091115,-2.731
20091116,-2.683
20091117,-2.67
20091118,-2.657
20091119,-2.627
20091120,-2.643
20091121,-2.659
20091122,-2.654
20091123,-2.631
20091124,-2.561
20091125,-2.55
20091126,-2.567
20091127,-2.555
20091128,-2.453
20091129,-2.469
20091130,-2.509
20091201,-2.58
20091202,-2.606
20091203,-2.628
20091204,-2.666
20091205,-2.627
20091206,-2.546
20091207,-2.497
20091208,-2.521
20091209,-2.53
20091210,-2.515
20091211,-2.485
20091212,-2.514
20091213,-2.559
20091214,-2.596
20091215,-2.64
20091216,-2.652
20091217,-2.693
20091218,-2.722
20091219,-2.733
20091220,-2.718
20091221,-2.752
20091222,-2.746
20091223,-2.757
20091224,-2.746
20091225,-2.659
20091226,-2.327
20091227,-2.216
20091228,-2.218
20091229,-2.277
20091230,-2.358
20091231,-2.432
20100101,-2.5
20100102,-2.557
20100103,-2.61
20100104,-2.624
20100105,-2.652
20100106,-2.689
20100107,-2.728
20100108,-2.754
20100109,-2.768
20100110,-2.778
20100111,-2.788
20100112,-2.786
20100113,-2.789
20100114,-2.806
20100115,-2.827
20100116,-2.799
20100117,-2.817
20100118,-2.766
20100119,-2.636
20100120,-2.563
20100121,-2.595
20100122,-2.629
20100123,-2.668
20100124,-2.713
20100125,-2.749
20100126,-2.785
20100127,-2.76
20100128,-2.74
20100129,-2.733
20100130,-2.735
20100131,-2.742
20100201,-2.73
20100202,-2.581
20100203,-2.362
20100204,-2.372
20100205,-2.379
20100206,-2.438
20100207,-2.474
20100208,-2.509
20100209,-2.563
20100210,-2.626
20100211,-2.668
20100212,-2.701
20100213,-2.723
20100214,-2.744
20100215,-2.751
20100216,-2.764
20100217,-2.784
20100218,-2.806
20100219,-2.806
20100220,-2.823
20100221,-2.817
20100222,-2.773
20100223,-2.623
20100224,-2.582
20100225,-2.54
20100226,-2.501
20100227,-2.5
20100228,-2.489
20100301,-2.388
20100302,-2.402
20100303,-2.468
20100304,-2.532
20100305,-2.57
20100306,-2.559
20100307,-2.583
20100308,-2.604
20100309,-2.631
20100310,-2.658
20100311,-2.67
20100312,-2.7
20100313,-2.722
20100314,-2.727
20100315,-2.724
20100316,-2.735
20100317,-2.73
20100318,-2.743
20100319,-2.75
20100320,-2.708
20100321,-2.688
20100322,-2.658
20100323,-2.682
20100324,-2.683
20100325,-2.707
20100326,-2.739
20100327,-2.751
20100328,-2.757
20100329,-2.771
20100330,-2.765
20100331,-2.775
20100401,-2.795
20100402,-2.76
20100403,-2.773
20100404,-2.613
20100405,-2.594
20100406,-2.602
20100407,-2.641
20100408,-2.697
20100409,-2.717
20100410,-2.734
20100411,-2.765
20100412,-2.775
20100413,-2.794
20100414,-2.808
20100415,-2.819
20100416,-2.834
20100417,-2.827
20100418,-2.831
20100419,-2.856
20100420,-2.861
20100421,-2.871
20100422,-2.878
20100423,-2.883
20100424,-2.896
20100425,-2.891
20100426,-2.907
20100427,-2.914
20100428,-2.911
20100429,-2.917
20100430,-2.918
20100501,-2.923
20100502,-2.934
20100503,-2.849
20100504,-2.836
20100505,-2.839
20100506,-2.857
20100507,-2.87
20100508,-2.872
20100509,-2.852
20100510,-2.866
20100511,-2.89
20100512,-2.811
20100513,-2.7
20100514,-2.712
20100515,-2.731
20100516,-2.769
20100517,-2.801
20100518,-2.824
20100519,-2.848
20100520,-2.869
20100521,-2.889
20100522,-2.905
20100523,-2.912
20100524,-2.935
20100525,-2.945
20100526,-2.95
20100527,-2.96
20100528,-2.98
20100529,-2.973
20100530,-2.984
20100531,-3.001
20100601,-3.0
20100602,-3.023
20100603,-3.029
20100604,-3.037
20100605,-3.042
20100606,-3.046
20100607,-3.058
20100608,-3.051
20100609,-3.058
20100610,-3.054
20100611,-3.062
20100612,-3.069
20100613,-3.068
20100614,-3.087
20100615,-3.099
20100616,-3.112
20100617,-3.118
20100618,-3.117
20100619,-3.129
20100620,-3.144
20100621,-3.147
20100622,-3.146
20100623,-3.154
20100624,-3.162
20100625,-3.18
20100626,-3.192
20100627,-3.204
20100628,-3.218
20100629,-3.23
20100630,-3.236
20100701,-3.242
20100702,-3.259
20100703,-3.282
20100704,-3.256
20100705,-3.282
20100706,-3.29
20100707,-3.287
20100708,-3.307
20100709,-3.312
20100710,-3.329
20100711,-3.209
20100712,-3.217
20100713,-3.166
20100714,-3.173
20100715,-3.147
20100716,-3.173
20100717,-3.156
20100718,-3.142
20100719,-3.169
20100720,-3.199
20100721,-3.242
20100722,-3.264
20100723,-3.28
20100724,-3.301
20100725,-3.296
20100726,-3.3
20100727,-3.306
20100728,-3.308
20100729,-3.277
20100730,-3.27
20100731,-3.274
20100801,-3.267
20100802,-3.273
20100803,-3.259
20100804,-3.266
20100805,-3.247
20100806,-3.249
20100807,-3.278
20100808,-3.265
20100809,-3.252
20100810,-3.268
20100811,-3.242
20100812,-3.212
20100813,-3.208
20100814,-3.217
20100815,-3.239
20100816,-3.221
20100817,-3.204
20100818,-3.164
20100819,-3.173
20100820,-3.186
20100821,-3.207
20100822,-3.205
20100823,-3.173
20100824,-3.178
20100825,-3.17
20100826,-3.165
20100827,-3.057
20100828,-2.981
20100829,-2.879
20100830,-2.44
20100831,-2.392
20100901,-2.454
20100902,-2.527
20100903,-2.571
20100904,-2.642
20100905,-2.691
20100906,-2.728
20100907,-2.781
20100908,-2.797
20100909,-2.827
20100910,-2.833
20100911,-2.838
20100912,-2.876
20100913,-2.882
20100914,-2.806
20100915,-2.579
20100916,-2.522
20100917,-2.559
20100918,-2.599
20100919,-2.632
20100920,-2.643
20100921,-2.639
20100922,-2.671
20100923,-2.713
20100924,-2.612
20100925,-2.558
20100926,-2.588
20100927,-2.623
20100928,-2.617
20100929,-2.659
20100930,-2.695
20101001,-2.716
20101002,-2.746
20101003,-2.72
20101004,-2.766
20101005,-2.799
20101006,-2.805
20101007,-2.827
20101008,-2.828
20101009,-2.837
20101010,-2.869
20101011,-2.884
20101012,-2.896
20101013,-2.909
20101014,-2.92
20101015,-2.912
20101016,-2.899
20101017,-2.9
20101018,-2.881
20101019,-2.811
20101020,-2.673
20101021,-2.484
20101022,-2.43
20101023,-2.469
20101024,-2.556
20101025,-2.59
20101026,-2.611
20101027,-2.604
20101028,-2.618
20101029,-2.612
20101030,-2.65
20101031,-2.679
20101101,-2.711
20101102,-2.71
20101103,-2.702
20101104,-2.683
20101105,-2.604
20101106,-2.472
20101107,-2.462
20101108,-2.485
20101109,-2.564
20101110,-2.629
20101111,-2.616
20101112,-2.506
20101113,-2.528
20101114,-2.463
20101115,-2.405
20101116,-2.452
20101117,-2.496
20101118,-2.549
20101119,-2.599
20101120,-2.626
20101121,-2.659
20101122,-2.677
20101123,-2.672
20101124,-2.678
20101125,-2.673
20101126,-2.689
20101127,-2.7
20101128,-2.73
20101129,-2.751
20101130,-2.766
20101201,-2.77
20101202,-2.793
20101203,-2.799
20101204,-2.8
20101205,-2.804
20101206,-2.811
20101207,-2.822
20101208,-2.829
20101209,-2.846
20101210,-2.726
20101211,-2.598
20101212,-2.564
20101213,-2.55
20101214,-2.597
20101215,-2.62
20101216,-2.582
20101217,-2.557
20101218,-2.592
20101219,-2.634
20101220,-2.682
20101221,-2.715
20101222,-2.739
20101223,-2.779
20101224,-2.804
20101225,-2.82
20101226,-2.82
20101227,-2.825
20101228,-2.842
20101229,-2.846
20101230,-2.861
20101231,-2.849
20110101,-2.816
20110102,-2.798
20110103,-2.796
20110104,-2.782
20110105,-2.787
20110106,-2.768
20110107,-2.711
20110108,-2.643
20110109,-2.611
20110110,-2.606
20110111,-2.597
20110112,-2.618
20110113,-2.571
20110114,-2.492
20110115,-2.356
20110116,-2.375
20110117,-2.43
20110118,-2.48
20110119,-2.518
20110120,-2.564
20110121,-2.593
20110122,-2.61
20110123,-2.636
20110124,-2.653
20110125,-2.643
20110126,-2.676
20110127,-2.696
20110128,-2.699
20110129,-2.712
20110130,-2.735
20110131,-2.755
20110201,-2.755
20110202,-2.764
20110203,-2.771
20110204,-2.739
20110205,-2.731
20110206,-2.738
20110207,-2.736
20110208,-2.785
20110209,-2.779
20110210,-2.78
20110211,-2.791
20110212,-2.776
20110213,-2.738
20110214,-2.72
20110215,-2.677
20110216,-2.684
20110217,-2.683
20110218,-2.705
20110219,-2.722
20110220,-2.745
20110221,-2.761
20110222,-2.787
20110223,-2.797
20110224,-2.818
20110225,-2.82
20110226,-2.786
20110227,-2.801
20110228,-2.748
20110301,-2.727
20110302,-2.718
20110303,-2.728
20110304,-2.748
20110305,-2.765
20110306,-2.789
20110307,-2.788
20110308,-2.783
20110309,-2.797
20110310,-2.795
20110311,-2.822
20110312,-2.805
20110313,-2.834
20110314,-2.848
20110315,-2.844
20110316,-2.838
20110317,-2.858
20110318,-2.867
20110319,-2.876
20110320,-2.87
20110321,-2.878
20110322,-2.886
20110323,-2.882
20110324,-2.881
20110325,-2.878
20110326,-2.894
20110327,-2.888
20110328,-2.906
20110329,-2.901
20110330,-2.901
20110331,-2.882
20110401,-2.902
20110402,-2.882
20110403,-2.91
20110404,-2.92
20110405,-2.895
20110406,-2.916
20110407,-2.93
20110408,-2.919
20110409,-2.931
20110410,-2.936
20110411,-2.924
20110412,-2.927
20110413,-2.933
20110414,-2.937
20110415,-2.946
20110416,-2.952
20110417,-2.953
20110418,-2.946
20110419,-2.955
20110420,-2.967
20110421,-2.973
20110422,-2.98
20110423,-2.99
20110424,-3.004
20110425,-3.014
20110426,-3.033
20110427,-3.035
20110428,-3.036
20110429,-3.041
20110430,-3.051
20110501,-3.062
20110502,-3.075
20110503,-3.08
20110504,-3.095
20110505,-3.087
20110506,-3.094
20110507,-3.105
20110508,-3.117
20110509,-3.14
20110510,-3.138
20110511,-3.139
20110512,-3.147
20110513,-3.154
20110514,-3.164
20110515,-3.171
20110516,-3.158
20110517,-3.134
20110518,-3.119
20110519,-3.138
20110520,-3.147
20110521,-3.164
20110522,-3.174
20110523,-3.162
20110524,-3.192
20110525,-3.18
20110526,-3.205
20110527,-3.189
20110528,-3.165
20110529,-3.125
20110530,-3.13
20110531,-3.179
20110601,-3.169
20110602,-3.189
20110603,-3.195
20110604,-3.199
20110605,-3.195
20110606,-3.181
20110607,-3.129
20110608,-3.135
20110609,-3.154
20110610,-3.161
20110611,-3.182
20110612,-3.175
20110613,-3.185
20110614,-3.195
20110615,-3.197
20110616,-3.098
20110617,-3.114
20110618,-3.114
20110619,-3.092
20110620,-3.054
20110621,-3.068
20110622,-3.077
20110623,-3.08
20110624,-3.026
20110625,-3.013
20110626,-3.021
20110627,-3.03
20110628,-3.07
20110629,-3.077
20110630,-3.073
20110701,-3.086
20110702,-3.091
20110703,-3.103
20110704,-3.11
20110705,-3.116
20110706,-3.14
20110707,-3.136
20110708,-3.161
20110709,-3.169
20110710,-3.16
20110711,-3.175
20110712,-3.185
20110713,-3.114
20110714,-3.043
20110715,-3.003
20110716,-2.964
20110717,-2.902
20110718,-2.879
20110719,-2.863
20110720,-2.88
20110721,-2.886
20110722,-2.909
20110723,-2.913
20110724,-2.814
20110725,-2.662
20110726,-2.642
20110727,-2.664
20110728,-2.71
20110729,-2.749
20110730,-2.772
20110731,-2.804
20110801,-2.834
20110802,-2.875
20110803,-2.902
20110804,-2.881
20110805,-2.795
20110806,-2.785
20110807,-2.721
20110808,-2.779
20110809,-2.787
20110810,-2.778
20110811,-2.707
20110812,-2.654
20110813,-2.664
20110814,-2.689
20110815,-2.734
20110816,-2.769
20110817,-2.815
20110818,-2.83
20110819,-2.857
20110820,-2.87
20110821,-2.884
20110822,-2.913
20110823,-2.914
20110824,-2.917
20110825,-2.891
20110826,-2.9
20110827,-2.884
20110828,-2.869
20110829,-2.856
20110830,-2.829
20110831,-2.843
20110901,-2.85
20110902,-2.856
20110903,-2.885
20110904,-2.907
20110905,-2.915
20110906,-2.904
20110907,-2.822
20110908,-2.641
20110909,-2.532
20110910,-2.561
20110911,-2.612
20110912,-2.634
20110913,-2.694
20110914,-2.743
20110915,-2.757
20110916,-2.761
20110917,-2.788
20110918,-2.758
20110919,-2.784
20110920,-2.803
20110921,-2.815
20110922,-2.842
20110923,-2.858
20110924,-2.87
20110925,-2.893
20110926,-2.915
20110927,-2.925
20110928,-2.92
20110929,-2.934
20110930,-2.943
20111001,-2.961
20111002,-2.964
20111003,-2.97
20111004,-2.984
20111005,-2.978
20111006,-2.806
20111007,-2.766
20111008,-2.619
20111009,-2.579
20111010,-2.501
20111011,-2.478
20111012,-2.491
20111013,-2.549
20111014,-2.586
20111015,-2.622
20111016,-2.664
20111017,-2.695
20111018,-2.597
20111019,-2.657
20111020,-2.657
20111021,-2.618
20111022,-2.637
20111023,-2.674
20111024,-2.69
20111025,-2.732
20111026,-2.754
20111027,-2.759
20111028,-2.792
20111029,-2.784
20111030,-2.796
20111031,-2.797
20111101,-2.798
20111102,-2.804
20111103,-2.796
20111104,-2.821
20111105,-2.823
20111106,-2.852
20111107,-2.846
20111108,-2.849
20111109,-2.856
20111110,-2.863
20111111,-2.865
20111112,-2.887
20111113,-2.887
20111114,-2.883
20111115,-2.884
20111116,-2.892
20111117,-2.901
20111118,-2.906
20111119,-2.903
20111120,-2.904
20111121,-2.911
20111122,-2.909
20111123,-2.907
20111124,-2.902
20111125,-2.901
20111126,-2.89
20111127,-2.891
20111128,-2.905
20111129,-2.885
20111130,-2.923
20111201,-2.887
20111202,-2.711
20111203,-2.659
20111204,-2.591
20111205,-2.491
20111206,-2.419
20111207,-2.398
20111208,-2.366
20111209,-2.339
20111210,-2.386
20111211,-2.422
20111212,-2.508
20111213,-2.421
20111214,-2.381
20111215,-2.433
20111216,-2.427
20111217,-2.428
20111218,-2.394
20111219,-2.415
20111220,-2.395
20111221,-2.397
20111222,-2.454
20111223,-2.463
20111224,-2.402
20111225,-2.363
20111226,-2.431
20111227,-2.49
20111228,-2.503
20111229,-2.544
20111230,-2.542
20111231,-2.533
20120101,-2.517
20120102,-2.244
20120103,-2.19
20120104,-2.205
20120105,-2.153
20120106,-2.234
20120107,-2.27
20120108,-2.308
20120109,-2.342
20120110,-2.398
20120111,-2.455
20120112,-2.47
20120113,-2.541
20120114,-2.567
20120115,-2.592
20120116,-2.623
20120117,-2.639
20120118,-2.642
20120119,-2.613
20120120,-2.645
20120121,-2.547
20120122,-2.54
20120123,-2.555
20120124,-2.567
20120125,-2.574
20120126,-2.59
20120127,-2.585
20120128,-2.62
20120129,-2.633
20120130,-2.65
20120131,-2.684
20120201,-2.71
20120202,-2.715
20120203,-2.719
20120204,-2.725
20120205,-2.728
20120206,-2.726
20120207,-2.738
20120208,-2.723
20120209,-2.704
20120210,-2.705
20120211,-2.682
20120212,-2.65
20120213,-2.624
20120214,-2.633
20120215,-2.628
20120216,-2.633
20120217,-2.623
20120218,-2.601
20120219,-2.62
20120220,-2.609
20120221,-2.585
20120222,-2.567
20120223,-2.553
20120224,-2.569
20120225,-2.608
20120226,-2.653
20120227,-2.658
20120228,-2.678
20120229,-2.698
20120301,-2.704
20120302,-2.719
20120303,-2.715
20120304,-2.724
20120305,-2.738
20120306,-2.75
20120307,-2.703
20120308,-2.654
20120309,-2.633
20120310,-2.653
20120311,-2.683
20120312,-2.707
20120313,-2.728
20120314,-2.737
20120315,-2.738
20120316,-2.749
20120317,-2.758
20120318,-2.776
20120319,-2.798
20120320,-2.797
20120321,-2.809
20120322,-2.811
20120323,-2.817
20120324,-2.833
20120325,-2.843
20120326,-2.847
20120327,-2.855
20120328,-2.846
20120329,-2.851
20120330,-2.86
20120331,-2.876
20120401,-2.86
20120402,-2.87
20120403,-2.874
20120404,-2.906
20120405,-2.895
20120406,-2.881
20120407,-2.907
20120408,-2.897
20120409,-2.873
20120410,-2.832
20120411,-2.862
20120412,-2.877
20120413,-2.878
20120414,-2.885
20120415,-2.913
20120416,-2.908
20120417,-2.865
20120418,-2.88
20120419,-2.893
20120420,-2.909
20120421,-2.894
20120422,-2.885
20120423,-2.886
20120424,-2.836
20120425,-2.742
20120426,-2.78
20120427,-2.803
20120428,-2.656
20120429,-2.755
20120430,-2.802
20120501,-2.827
20120502,-2.826
20120503,-2.837
20120504,-2.844
20120505,-2.868
20120506,-2.877
20120507,-2.891
20120508,-2.867
20120509,-2.763
20120510,-2.73
20120511,-2.773
20120512,-2.812
20120513,-2.803
20120514,-2.822
20120515,-2.835
20120516,-2.834
20120517,-2.827
20120518,-2.84
20120519,-2.865
20120520,-2.877
20120521,-2.894
20120522,-2.927
20120523,-2.938
20120524,-2.933
20120525,-2.951
20120526,-2.966
20120527,-2.98
20120528,-3.003
20120529,-3.014
20120530,-3.015
20120531,-3.006
20120601,-2.972
20120602,-2.98
20120603,-3.003
20120604,-3.012
20120605,-3.02
20120606,-3.013
20120607,-2.965
20120608,-2.983
20120609,-2.997
20120610,-2.987
20120611,-3.002
20120612,-2.868
20120613,-2.878
20120614,-2.89
20120615,-2.897
20120616,-2.895
20120617,-2.919
20120618,-2.897
20120619,-2.9
20120620,-2.936
20120621,-2.939
20120622,-2.879
20120623,-2.838
20120624,-2.783
20120625,-2.7
20120626,-2.712
20120627,-2.732
20120628,-2.732
20120629,-2.798
20120630,-2.849
20120701,-2.893
20120702,-2.9
20120703,-2.935
20120704,-2.952
20120705,-2.974
20120706,-2.893
20120707,-2.904
20120708,-2.927
20120709,-2.855
20120710,-2.871
20120711,-2.576
20120712,-2.507
20120713,-2.505
20120714,-2.521
20120715,-2.555
20120716,-2.532
20120717,-2.451
20120718,-2.39
20120719,-2.364
20120720,-2.395
20120721,-2.48
20120722,-2.549
20120723,-2.604
20120724,-2.667
20120725,-2.729
20120726,-2.776
20120727,-2.786
20120728,-2.826
20120729,-2.856
20120730,-2.681
20120731,-2.721
20120801,-2.691
20120802,-2.606
20120803,-2.666
20120804,-2.704
20120805,-2.719
20120806,-2.562
20120807,-2.48
20120808,-2.529
20120809,-2.594
20120810,-2.651
20120811,-2.699
20120812,-2.733
20120813,-2.787
20120814,-2.823
20120815,-2.851
20120816,-2.884
20120817,-2.901
20120818,-2.926
20120819,-2.944
20120820,-2.985
20120821,-2.971
20120822,-2.965
20120823,-2.985
20120824,-2.992
20120825,-2.952
20120826,-2.791
20120827,-2.778
20120828,-2.807
20120829,-2.814
20120830,-2.849
20120831,-2.53
20120901,-2.643
20120902,-2.665
20120903,-2.7
20120904,-2.731
20120905,-2.786
20120906,-2.817
20120907,-2.849
20120908,-2.857
20120909,-2.867
20120910,-2.912
20120911,-2.927
20120912,-2.932
20120913,-2.965
20120914,-2.949
20120915,-2.974
20120916,-2.978
20120917,-3.001
20120918,-3.006
20120919,-3.015
20120920,-3.011
20120921,-3.012
20120922,-2.968
20120923,-2.956
20120924,-2.936
20120925,-2.781
20120926,-2.76
20120927,-2.757
20120928,-2.757
20120929,-2.792
20120930,-2.809
20121001,-2.833
20121002,-2.833
20121003,-2.664
20121004,-2.594
20121005,-2.412
20121006,-2.386
20121007,-2.428
20121008,-2.49
20121009,-2.57
20121010,-2.63
20121011,-2.655
20121012,-2.561
20121013,-2.55
20121014,-2.514
20121015,-2.501
20121016,-2.521
20121017,-2.566
20121018,-2.615
20121019,-2.474
20121020,-2.505
20121021,-2.541
20121022,-2.596
20121023,-2.635
20121024,-2.662
20121025,-2.679
20121026,-2.692
20121027,-2.744
20121028,-2.734
20121029,-2.711
20121030,-2.528
20121031,-2.511
20121101,-2.548
20121102,-2.565
20121103,-2.577
20121104,-2.562
20121105,-2.471
20121106,-2.432
20121107,-2.412
20121108,-2.432
20121109,-2.489
20121110,-2.524
20121111,-2.593
20121112,-2.615
20121113,-2.632
20121114,-2.65
20121115,-2.669
20121116,-2.675
20121117,-2.691
20121118,-2.726
20121119,-2.713
20121120,-2.731
20121121,-2.726
20121122,-2.752
20121123,-2.766
20121124,-2.755
20121125,-2.697
20121126,-2.678
20121127,-2.716
20121128,-2.719
20121129,-2.741
20121130,-2.742
20121201,-2.703
20121202,-2.549
20121203,-2.466
20121204,-2.493
20121205,-2.467
20121206,-2.487
20121207,-2.514
20121208,-2.592
20121209,-2.515
20121210,-2.469
20121211,-2.434
20121212,-2.46
20121213,-2.431
20121214,-2.467
20121215,-2.416
20121216,-2.409
20121217,-2.412
20121218,-2.4
20121219,-2.452
20121220,-2.471
20121221,-2.544
20121222,-2.467
20121223,-2.266
20121224,-2.238
20121225,-2.233
20121226,-2.241
20121227,-2.241
20121228,-2.295
20121229,-2.338
20121230,-2.419
20121231,-2.457
20130101,-2.445
20130102,-2.464
20130103,-2.506
20130104,-2.536
20130105,-2.565
20130106,-2.587
20130107,-2.605
20130108,-2.623
20130109,-2.602
20130110,-2.528
20130111,-2.557
20130112,-2.586
20130113,-2.616
20130114,-2.631
20130115,-2.673
20130116,-2.699
20130117,-2.722
20130118,-2.718
20130119,-2.748
20130120,-2.758
20130121,-2.785
20130122,-2.806
20130123,-2.817
20130124,-2.835
20130125,-2.83
20130126,-2.832
20130127,-2.778
20130128,-2.764
20130129,-2.712
20130130,-2.461
20130131,-2.378
20130201,-2.379
20130202,-2.459
20130203,-2.451
20130204,-2.393
20130205,-2.373
20130206,-2.447
20130207,-2.51
20130208,-2.555
20130209,-2.582
20130210,-2.587
20130211,-2.625
20130212,-2.676
20130213,-2.692
20130214,-2.671
20130215,-2.723
20130216,-2.738
20130217,-2.728
20130218,-2.726
20130219,-2.732
20130220,-2.75
20130221,-2.748
20130222,-2.7647692307692306
20130223,-2.7735833333333333
20130224,-2.7832916666666665
20130225,-2.794541666666667
20130226,-2.8013333333333335
20130227,-2.79975
20130228,-2.8005833333333334
20130301,-2.806791666666667
20130302,-2.8077916666666667
20130303,-2.8152500000000003
20130304,-2.811916666666667
20130305,-2.8149583333333337
20130306,-2.826625
20130307,-2.8347916666666664
20130308,-2.842374999999999
20130309,-2.829333333333334
20130310,-2.7903333333333333
20130311,-2.7844166666666665
20130312,-2.786958333333333
20130313,-2.7992916666666665
20130314,-2.8171250000000008
20130315,-2.8125
20130316,-2.7969166666666663
20130317,-2.799375
20130318,-2.7723333333333335
20130319,-2.7643333333333335
20130320,-2.7727500000000003
20130321,-2.789416666666666
20130322,-2.797
20130323,-2.8121666666666667
20130324,-2.8300000000000005
20130325,-2.838000000000001
20130326,-2.8480833333333333
20130327,-2.8532083333333333
20130328,-2.861875000000001
20130329,-2.865125000000001
20130330,-2.869708333333333
20130331,-2.869124999999999
20130401,-2.875916666666667
20130402,-2.8831666666666673
20130403,-2.8907916666666673
20130404,-2.8965416666666663
20130405,-2.8994166666666668
20130406,-2.9019999999999997
20130407,-2.8944166666666664
20130408,-2.893875000000001
20130409,-2.8923333333333328
20130410,-2.8482083333333335
20130411,-2.8529166666666668
20130412,-2.844041666666667
20130413,-2.831416666666667
20130414,-2.814583333333333
20130415,-2.8091250000000003
20130416,-2.805666666666666
20130417,-2.809416666666666
20130418,-2.8093749999999993
20130419,-2.8320833333333333
20130420,-2.846
20130421,-2.8374166666666674
20130422,-2.837541666666667
20130423,-2.84975
20130424,-2.8584166666666664
20130425,-2.8606666666666665
20130426,-2.855583333333333
20130427,-2.8598333333333326
20130428,-2.8632499999999994
20130429,-2.8539999999999996
20130430,-2.8706666666666667
20130501,-2.876583333333334
20130502,-2.8841250000000005
20130503,-2.8854583333333337
20130504,-2.8859166666666667
20130505,-2.8930000000000002
20130506,-2.9000416666666666
20130507,-2.9051666666666667
20130508,-2.900375
20130509,-2.901708333333333
20130510,-2.9067916666666664
20130511,-2.896916666666666
20130512,-2.831541666666667
20130513,-2.829958333333334
20130514,-2.776833333333333
20130515,-2.8075833333333335
20130516,-2.820041666666667
20130517,-2.80575
20130518,-2.811833333333333
20130519,-2.826541666666667
20130520,-2.826708333333334
20130521,-2.5849166666666665
20130522,-2.6173333333333337
20130523,-2.6624999999999996
20130524,-2.7096666666666667
20130525,-2.7352916666666665
20130526,-2.729041666666667
20130527,-2.749708333333334
20130528,-2.7804999999999995
20130529,-2.7872916666666665
20130530,-2.810791666666667
20130531,-2.8299583333333334
20130601,-2.8450416666666665
20130602,-2.8617916666666656
20130603,-2.881958333333334
20130604,-2.896125
20130605,-2.9136666666666664
20130606,-2.930916666666667
20130607,-2.9440416666666667
20130608,-2.9531666666666676
20130609,-2.9585416666666675
20130610,-2.9647916666666667
20130611,-2.9717916666666664
20130612,-2.9788333333333328
20130613,-2.8997499999999996
20130614,-2.923958333333333
20130615,-2.915416666666667
20130616,-2.929833333333334
20130617,-2.9544583333333336
20130618,-2.974083333333333
20130619,-2.991583333333334
20130620,-2.97125
20130621,-2.6613333333333338
20130622,-2.5121249999999997
20130623,-2.510125000000001
20130624,-2.5397916666666664
20130625,-2.598708333333333
20130626,-2.6549583333333335
20130627,-2.6929999999999996
20130628,-2.688958333333334
20130629,-2.6972083333333337
20130630,-2.7232916666666664
20130701,-2.748208333333334
20130702,-2.77675
20130703,-2.80175
20130704,-2.822666666666667
20130705,-2.8503333333333334
20130706,-2.8785416666666666
20130707,-2.90525
20130708,-2.9258333333333333
20130709,-2.940875
20130710,-2.95375
20130711,-2.9655000000000005
20130712,-2.977375
20130713,-2.9905000000000004
20130714,-3.0032499999999995
20130715,-3.016916666666667
20130716,-3.0322083333333336
20130717,-3.0498333333333334
20130718,-3.0654166666666662
20130719,-3.078041666666666
20130720,-3.0920416666666664
20130721,-3.1044583333333335
20130722,-3.1190833333333337
20130723,-3.1393750000000007
20130724,-3.152708333333333
20130725,-3.162958333333334
20130726,-3.1701666666666664
20130727,-3.1663750000000004
20130728,-3.143291666666667
20130729,-3.1655
20130730,-3.1670416666666665
20130731,-3.1357500000000003
20130801,-3.1491666666666673
20130802,-3.1822083333333335
20130803,-3.1968333333333327
20130804,-3.2060833333333325
20130805,-3.216666666666667
20130806,-3.224916666666667
20130807,-3.2159166666666668
20130808,-3.170124999999999
20130809,-3.1851249999999998
20130810,-3.202875
20130811,-3.215166666666667
20130812,-3.2247500000000002
20130813,-3.234625
20130814,-3.2394166666666657
20130815,-3.239541666666667
20130816,-3.2425416666666664
20130817,-3.246833333333333
20130818,-3.2504166666666667
20130819,-3.2189166666666655
20130820,-3.200708333333333
20130821,-3.2168750000000004
20130822,-3.2370416666666664
20130823,-3.252125
20130824,-3.262958333333334
20130825,-3.274041666666666
20130826,-3.283
20130827,-3.2896666666666667
20130828,-3.295708333333334
20130829,-3.294083333333335
20130830,-3.2969166666666667
20130831,-3.3048333333333333
20130901,-3.3085833333333334
20130902,-3.3097083333333335
20130903,-3.3100833333333335
20130904,-3.31275
20130905,-3.317833333333333
20130906,-3.331208333333334
20130907,-3.3251250000000003
20130908,-3.2190000000000007
20130909,-3.20975
20130910,-3.1847916666666674
20130911,-3.167458333333334
20130912,-3.146249999999999
20130913,-3.1534583333333344
20130914,-3.115874999999999
20130915,-3.0853333333333333
20130916,-3.086041666666667
20130917,-3.0564583333333335
20130918,-3.0405
20130919,-3.019666666666667
20130920,-3.0072500000000004
20130921,-2.996124999999999
20130922,-2.991958333333333
20130923,-2.987833333333333
20130924,-2.9811666666666663
20130925,-2.979583333333333
20130926,-2.9905833333333334
20130927,-3.0023750000000002
20130928,-3.023958333333334
20130929,-3.0486666666666657
20130930,-3.0699166666666673
20131001,-3.088875
20131002,-3.105291666666666
20131003,-3.1223333333333336
20131004,-3.1323749999999992
20131005,-3.1289166666666675
20131006,-3.122833333333334
20131007,-3.1229999999999998
20131008,-3.125125
20131009,-3.1173750000000005
20131010,-3.1133749999999996
20131011,-3.1043333333333334
20131012,-3.076708333333333
20131013,-3.041375
20131014,-3.028
20131015,-2.9977499999999995
20131016,-2.9837916666666664
20131017,-2.9769999999999985
20131018,-2.9812083333333335
20131019,-2.9747083333333326
20131020,-2.957791666666667
20131021,-2.948583333333333
20131022,-2.9449166666666664
20131023,-2.9471666666666665
20131024,-2.9563333333333333
20131025,-2.9516249999999995
20131026,-2.9470416666666672
20131027,-2.942083333333333
20131028,-2.9151249999999997
20131029,-2.8867499999999997
20131030,-2.8345
20131031,-2.8007499999999994
20131101,-2.7804583333333337
20131102,-2.7438749999999996
20131103,-2.7275416666666668
20131104,-2.674166666666667
20131105,-2.601208333333333
20131106,-2.5392083333333333
20131107,-2.4825416666666666
20131108,-2.5032083333333333
20131109,-2.4927916666666667
20131110,-2.3644166666666666
20131111,-2.376291666666667
20131112,-2.4326666666666665
20131113,-2.483791666666667
20131114,-2.5122916666666666
20131115,-2.5656666666666665
20131116,-2.5917499999999998
20131117,-2.61275
20131118,-2.6221666666666663
20131119,-2.6362500000000004
20131120,-2.6496250000000003
20131121,-2.6809166666666666
20131122,-2.7037500000000008
20131123,-2.722749999999999
20131124,-2.7361249999999995
20131125,-2.7363750000000002
20131126,-2.7427499999999996
20131127,-2.7508750000000006
20131128,-2.7593333333333336
20131129,-2.7112916666666664
20131130,-2.6298333333333335
20131201,-2.629375
20131202,-2.654375
20131203,-2.6692083333333336
20131204,-2.6863333333333332
20131205,-2.6482083333333333
20131206,-2.608333333333333
20131207,-2.5925833333333332
20131208,-2.5963333333333343
20131209,-2.6152083333333334
20131210,-2.6347083333333337
20131211,-2.657291666666666
20131212,-2.671125
20131213,-2.6874583333333337
20131214,-2.68575
20131215,-2.6508333333333343
20131216,-2.6575416666666665
20131217,-2.664541666666666
20131218,-2.6577916666666668
20131219,-2.634583333333334
20131220,-2.659874999999999
20131221,-2.6046666666666667
20131222,-2.4758750000000003
20131223,-2.44225
20131224,-2.380958333333333
20131225,-2.2905833333333327
20131226,-2.3325
20131227,-2.3580416666666664
20131228,-2.395374999999999
20131229,-2.456958333333333
20131230,-2.50375
20131231,-2.5426249999999997
20140101,-2.5667500000000003
20140102,-2.5912916666666663
20140103,-2.6145
20140104,-2.6104999999999996
20140105,-2.636291666666667
20140106,-2.5722083333333337
20140107,-2.3927500000000004
20140108,-2.369
20140109,-2.3204166666666666
20140110,-2.2888750000000004
20140111,-2.325416666666667
20140112,-2.384166666666667
20140113,-2.430916666666667
20140114,-2.4875416666666665
20140115,-2.517291666666666
20140116,-2.4879166666666674
20140117,-2.4867500000000002
20140118,-2.50725
20140119,-2.544166666666667
20140120,-2.584208333333333
20140121,-2.5788750000000005
20140122,-2.5961250000000002
20140123,-2.6115833333333334
20140124,-2.6322500000000004
20140125,-2.6373333333333333
20140126,-2.5205
20140127,-2.3675416666666664
20140128,-2.354958333333333
20140129,-2.4343750000000006
20140130,-2.5051666666666663
20140131,-2.5575833333333335
20140201,-2.5592083333333338
20140202,-2.5987916666666666
20140203,-2.626
20140204,-2.6390833333333337
20140205,-2.6511250000000004
20140206,-2.668791666666666
20140207,-2.579541666666666
20140208,-2.5167083333333333
20140209,-2.4975
20140210,-2.525875
20140211,-2.5559583333333333
20140212,-2.570625
20140213,-2.5947499999999994
20140214,-2.619125
20140215,-2.5935416666666664
20140216,-2.6258749999999997
20140217,-2.651375
20140218,-2.666333333333333
20140219,-2.6835833333333325
20140220,-2.6771666666666665
20140221,-2.6592916666666664
20140222,-2.682208333333334
20140223,-2.6960833333333336
20140224,-2.708458333333333
20140225,-2.7195
20140226,-2.7397916666666666
20140227,-2.739166666666667
20140228,-2.7494166666666673
20140301,-2.762208333333333
20140302,-2.7665833333333336
20140303,-2.7685
20140304,-2.7955000000000005
20140305,-2.8097083333333335
20140306,-2.8160000000000003
20140307,-2.820625
20140308,-2.8305000000000002
20140309,-2.83225
20140310,-2.8484166666666666
20140311,-2.8631666666666664
20140312,-2.8651666666666666
20140313,-2.8695416666666667
20140314,-2.869583333333333
20140315,-2.873583333333334
20140316,-2.8764583333333333
20140317,-2.8830000000000005
20140318,-2.8683333333333336
20140319,-2.8392083333333336
20140320,-2.850666666666666
20140321,-2.743833333333333
20140322,-2.7077500000000008
20140323,-2.7399583333333335
20140324,-2.767041666666667
20140325,-2.7862083333333327
20140326,-2.7962916666666664
20140327,-2.811666666666666
20140328,-2.8233333333333337
20140329,-2.832416666666667
20140330,-2.842041666666667
20140331,-2.8501250000000002
20140401,-2.85725
20140402,-2.8676250000000003
20140403,-2.8753749999999996
20140404,-2.8829583333333333
20140405,-2.890541666666667
20140406,-2.8877083333333338
20140407,-2.8784999999999994
20140408,-2.8050833333333336
20140409,-2.799375
20140410,-2.80725
20140411,-2.815291666666667
20140412,-2.823833333333333
20140413,-2.8430416666666667
20140414,-2.855166666666666
20140415,-2.8710833333333334
20140416,-2.8785000000000003
20140417,-2.8775833333333334
20140418,-2.8869166666666675
20140419,-2.898375
20140420,-2.901333333333334
20140421,-2.9069583333333333
20140422,-2.913041666666666
20140423,-2.9159166666666665
20140424,-2.905666666666667
20140425,-2.89225
20140426,-2.9019583333333334
20140427,-2.89625
20140428,-2.898708333333334
20140429,-2.8964583333333334
20140430,-2.8926666666666665
20140501,-2.893083333333333
20140502,-2.901666666666667
20140503,-2.9113749999999996
20140504,-2.913291666666666
20140505,-2.916625
20140506,-2.91775
20140507,-2.9265833333333333
20140508,-2.9192916666666666
20140509,-2.865583333333334
20140510,-2.836208333333333
20140511,-2.748208333333333
20140512,-2.718166666666667
20140513,-2.7393750000000003
20140514,-2.773041666666666
20140515,-2.8001666666666662
20140516,-2.8215
20140517,-2.836166666666667
20140518,-2.8514999999999997
20140519,-2.871375
20140520,-2.892458333333334
20140521,-2.911
20140522,-2.917583333333333
20140523,-2.9142500000000005
20140524,-2.9042916666666656
20140525,-2.9239999999999995
20140526,-2.899541666666666
20140527,-2.430375
20140528,-2.3955000000000006
20140529,-2.33075
20140530,-2.4099583333333334
20140531,-2.49075
20140601,-2.554041666666667
20140602,-2.6090416666666667
20140603,-2.6538749999999993
20140604,-2.6644166666666664
20140605,-2.5089583333333336
20140606,-2.4354166666666663
20140607,-2.515166666666666
20140608,-2.589791666666667
20140609,-2.6445
20140610,-2.6840833333333336
20140611,-2.7246666666666663
20140612,-2.7546250000000003
20140613,-2.777708333333333
20140614,-2.8021249999999998
20140615,-2.823416666666667
20140616,-2.8392083333333336
20140617,-2.86075
20140618,-2.8746666666666663
20140619,-2.8830416666666667
20140620,-2.8956250000000003
20140621,-2.9069583333333338
20140622,-2.919416666666667
20140623,-2.9336666666666673
20140624,-2.9434583333333335
20140625,-2.9469999999999996
20140626,-2.954166666666667
20140627,-2.9581250000000003
20140628,-2.90375
20140629,-2.917833333333333
20140630,-2.9168749999999997
20140701,-2.938916666666666
20140702,-2.954708333333333
20140703,-2.9617916666666666
20140704,-2.970583333333334
20140705,-2.977833333333334
20140706,-2.9755
20140707,-2.9692916666666664
20140708,-2.991
20140709,-2.987416666666667
20140710,-2.9904583333333328
20140711,-3.005249999999999
20140712,-3.015083333333333
20140713,-3.0224166666666665
20140714,-3.0306249999999992
20140715,-3.0350416666666664
20140716,-3.0432916666666667
20140717,-3.053750000000001
20140718,-3.064125
20140719,-3.0707916666666666
20140720,-3.0855
20140721,-3.0852083333333336
20140722,-3.0865000000000005
20140723,-3.1020416666666666
20140724,-3.1117916666666656
20140725,-3.1106250000000006
20140726,-3.1005
20140727,-3.1143750000000003
20140728,-3.0926666666666676
20140729,-3.1079166666666675
20140730,-3.1220416666666666
20140731,-3.1281250000000007
20140801,-3.1374166666666667
20140802,-3.1430833333333337
20140803,-3.1515000000000004
20140804,-3.161208333333334
20140805,-3.1669583333333335
20140806,-3.1717499999999994
20140807,-3.1784999999999997
20140808,-3.186
20140809,-3.1456250000000003
20140810,-3.133333333333334
20140811,-3.055125
20140812,-2.891291666666667
20140813,-2.8317083333333333
20140814,-2.8277083333333333
20140815,-2.848166666666666
20140816,-2.8739166666666667
20140817,-2.858166666666667
20140818,-2.7979999999999996
20140819,-2.7755416666666672
20140820,-2.7339583333333337
20140821,-2.7341666666666664
20140822,-2.7246666666666663
20140823,-2.686166666666667
20140824,-2.7029583333333336
20140825,-2.7235416666666663
20140826,-2.7569583333333334
20140827,-2.7944999999999998
20140828,-2.820875000000001
20140829,-2.8408333333333338
20140830,-2.8557916666666663
20140831,-2.6525000000000003
20140901,-2.5132499999999998
20140902,-2.5627500000000003
20140903,-2.606708333333333
20140904,-2.6534166666666663
20140905,-2.690583333333333
20140906,-2.7166250000000005
20140907,-2.7379583333333333
20140908,-2.763333333333333
20140909,-2.7899999999999996
20140910,-2.81
20140911,-2.8282499999999993
20140912,-2.8473333333333337
20140913,-2.865083333333333
20140914,-2.8734583333333337
20140915,-2.881583333333334
20140916,-2.892000000000001
20140917,-2.905
20140918,-2.9177916666666666
20140919,-2.9319166666666665
20140920,-2.940375
20140921,-2.9445833333333327
20140922,-2.9514166666666664
20140923,-2.9552499999999995
20140924,-2.9265000000000003
20140925,-2.9058333333333333
20140926,-2.9159583333333337
20140927,-2.919833333333333
20140928,-2.9278750000000002
20140929,-2.936208333333333
20140930,-2.9370833333333337
20141001,-2.936541666666667
20141002,-2.929083333333333
20141003,-2.9207916666666667
20141004,-2.924875
20141005,-2.9446250000000003
20141006,-2.935875
20141007,-2.9027916666666673
20141008,-2.888125
20141009,-2.872875
20141010,-2.8906666666666667
20141011,-2.8938333333333337
20141012,-2.877333333333334
20141013,-2.86425
20141014,-2.8586666666666662
20141015,-2.857416666666667
20141016,-2.8545416666666674
20141017,-2.845166666666667
20141018,-2.847666666666667
20141019,-2.856458333333333
20141020,-2.852916666666666
20141021,-2.805208333333334
20141022,-2.7550833333333338
20141023,-2.7376666666666662
20141024,-2.738416666666667
20141025,-2.731875
20141026,-2.747375
20141027,-2.766833333333334
20141028,-2.7825416666666665
20141029,-2.7982083333333336
20141030,-2.8081666666666667
20141031,-2.8128749999999996
20141101,-2.8220833333333335
20141102,-2.82775
20141103,-2.761125
20141104,-2.7247083333333326
20141105,-2.7397916666666666
20141106,-2.749458333333333
20141107,-2.7572916666666667
20141108,-2.779666666666667
20141109,-2.796916666666666
20141110,-2.8059166666666666
20141111,-2.8152500000000003
20141112,-2.8218333333333336
20141113,-2.8363333333333336
20141114,-2.837333333333334
20141115,-2.836041666666667
20141116,-2.755458333333333
20141117,-2.6219583333333336
20141118,-2.626916666666667
20141119,-2.656
20141120,-2.6864166666666662
20141121,-2.706666666666667
20141122,-2.7232499999999997
20141123,-2.7423333333333333
20141124,-2.7340416666666663
20141125,-2.7428333333333335
20141126,-2.74825
20141127,-2.7581666666666664
20141128,-2.771875
20141129,-2.7890833333333327
20141130,-2.8023333333333333
20141201,-2.8149166666666665
20141202,-2.826875
20141203,-2.8411666666666666
20141204,-2.8484166666666666
20141205,-2.8533749999999998
20141206,-2.866958333333334
20141207,-2.8504583333333335
20141208,-2.816125
20141209,-2.8011666666666666
20141210,-2.729041666666667
20141211,-2.690666666666667
20141212,-2.548833333333334
20141213,-2.4884999999999997
20141214,-2.5169583333333336
20141215,-2.550458333333333
20141216,-2.584375
20141217,-2.568708333333333
20141218,-2.5542916666666664
20141219,-2.4635000000000002
20141220,-2.43975
20141221,-2.4680833333333334
20141222,-2.502541666666667
20141223,-2.5228749999999995
20141224,-2.47
20141225,-2.485208333333333
20141226,-2.5294166666666666
20141227,-2.564333333333334
20141228,-2.6180416666666666
20141229,-2.6379166666666674
20141230,-2.6557083333333336
20141231,-2.666375
20150101,-2.674
20150102,-2.656875
20150103,-2.6675
20150104,-2.692458333333334
20150105,-2.6995833333333334
20150106,-2.709541666666667
20150107,-2.7195416666666663
20150108,-2.6728333333333327
20150109,-2.5895
20150110,-2.5136666666666665
20150111,-2.5222083333333334
20150112,-2.5455833333333335
20150113,-2.3207083333333336
20150114,-2.2597500000000004
20150115,-2.260333333333333
20150116,-2.290625
20150117,-2.357625
20150118,-2.4026666666666667
20150119,-2.4295416666666663
20150120,-2.469458333333333
20150121,-2.515333333333334
20150122,-2.563375
20150123,-2.5979166666666664
20150124,-2.611708333333333
20150125,-2.634583333333333
20150126,-2.5970833333333334
20150127,-2.5269583333333334
20150128,-2.4375833333333334
20150129,-2.3284583333333333
20150130,-2.312666666666667
20150131,-2.3537916666666665
20150201,-2.421666666666667
20150202,-2.4677499999999997
20150203,-2.4804166666666667
20150204,-2.5197083333333326
20150205,-2.562041666666667
20150206,-2.5951666666666666
20150207,-2.612625
20150208,-2.6294166666666667
20150209,-2.6394583333333337
20150210,-2.6513749999999994
20150211,-2.6569999999999996
20150212,-2.66775
20150213,-2.6730416666666663
20150214,-2.6913750000000007
20150215,-2.7187083333333333
20150216,-2.727375
20150217,-2.75025
20150218,-2.7551249999999996
20150219,-2.751416666666666
20150220,-2.713875000000001
20150221,-2.5681666666666665
20150222,-2.5292500000000007
20150223,-2.4725416666666664
20150224,-2.4815
20150225,-2.4778333333333333
20150226,-2.3905000000000003
20150227,-2.3266250000000004
20150228,-2.3585000000000007
20150301,-2.416
20150302,-2.488916666666667
20150303,-2.5102916666666673
20150304,-2.5225416666666667
20150305,-2.557916666666667
20150306,-2.5777916666666667
20150307,-2.5951666666666666
20150308,-2.6157083333333335
20150309,-2.6487499999999997
20150310,-2.6725833333333324
20150311,-2.6946250000000003
20150312,-2.7117916666666666
20150313,-2.7285
20150314,-2.752291666666667
20150315,-2.763958333333333
20150316,-2.7736666666666667
20150317,-2.786791666666666
20150318,-2.8002916666666677
20150319,-2.810708333333333
20150320,-2.8141666666666665
20150321,-2.810166666666667
20150322,-2.8183333333333334
20150323,-2.8190000000000004
20150324,-2.829041666666667
20150325,-2.810749999999999
20150326,-2.792307692307692
20160116,-2.5052
20160117,-2.5260000000000002
20160118,-2.5588750000000005
20160119,-2.6098749999999997
20160120,-2.64875
20160121,-2.6691249999999997
20160122,-2.6751250000000004
20160123,-2.6608750000000003
20160124,-2.659125
20160125,-2.6437500000000003
20160126,-2.65275
20160127,-2.5997500000000002
20160128,-2.5812500000000003
20160129,-2.59225
20160130,-2.4579999999999997
20160131,-2.4480000000000004
20160201,-2.511375
20160202,-2.5561250000000006
20160203,-2.608125
20160204,-2.64125
20160205,-2.659875
20160206,-2.6643749999999997
20160207,-2.6836249999999997
20160208,-2.6656250000000004
20160209,-2.6414999999999997
20160210,-2.5655
20160211,-2.5512499999999996
20160212,-2.5846250000000004
20160213,-2.6137499999999996
20160214,-2.635375
20160215,-2.588875
20160216,-2.604125
20160217,-2.62175
20160218,-2.6623750000000004
20160219,-2.683
20160220,-2.67825
20160221,-2.627375
20160222,-2.5765000000000002
20160223,-2.5987500000000003
20160224,-2.628125
20160225,-2.6598749999999995
20160226,-2.6835000000000004
20160227,-2.714375
20160228,-2.734
20160229,-2.75225
20160301,-2.7235
20160302,-2.6606249999999996
20160303,-2.5628749999999996
20160304,-2.48975
20160305,-2.4627499999999998
20160306,-2.5266250000000006
20160307,-2.578375
20160308,-2.6093749999999996
20160309,-2.63475
20160310,-2.684375
20160311,-2.709625
20160312,-2.7274999999999996
20160313,-2.7536249999999995
20160314,-2.7664999999999997
20160315,-2.779125
20160316,-2.7935
20160317,-2.8047499999999994
20160318,-2.8064999999999998
20160319,-2.8127500000000003
20160320,-2.8237499999999995
20160321,-2.8213749999999997
20160322,-2.8297499999999998
20160323,-2.833625
20160324,-2.836625
20160325,-2.8017499999999997
20160326,-2.792125
20160327,-2.7758749999999996
20160328,-2.763375
20160329,-2.7929999999999997
20160330,-2.743125
20160331,-2.7668749999999998
20160401,-2.775375
20160402,-2.786375
20160403,-2.7945
20160404,-2.748125
20160405,-2.6757500000000003
20160406,-2.6491249999999997
20160407,-2.6315
20160408,-2.618625
20160409,-2.6272499999999996
20160410,-2.65975
20160411,-2.6845
20160412,-2.7073750000000003
20160413,-2.637125
20160414,-2.67
20160415,-2.672875
20160416,-2.66825
20160417,-2.69325
20160418,-2.70425
20160419,-2.7281250000000004
20160420,-2.7462500000000003
20160421,-2.761
20160422,-2.7736250000000005
20160423,-2.7852499999999996
20160424,-2.794625
20160425,-2.72975
20160426,-2.62475
20160427,-2.60175
20160428,-2.586875
20160429,-2.5666249999999997
20160430,-2.582125
20160501,-2.617
20160502,-2.64125
20160503,-2.656625
20160504,-2.69
20160505,-2.715
20160506,-2.7354999999999996
20160507,-2.760249999999999
20160508,-2.786
20160509,-2.81075
20160510,-2.8314999999999997
20160511,-2.848625
20160512,-2.8665000000000003
20160513,-2.8845
20160514,-2.8872500000000003
20160515,-2.8865
20160516,-2.891
20160517,-2.89775
20160518,-2.903625
20160519,-2.916125
20160520,-2.9141250000000003
20160521,-2.9156249999999995
20160522,-2.923375
20160523,-2.8753749999999996
20160524,-2.85475
20160525,-2.8667499999999997
20160526,-2.87925
20160527,-2.89775
20160528,-2.911375
20160529,-2.925375
20160530,-2.9331250000000004
20160531,-2.9316250000000004
20160601,-2.94975
20160602,-2.9526250000000003
20160603,-2.934
20160604,-2.90225
20160605,-2.9282500000000002
20160606,-2.944875
20160607,-2.9587499999999998
20160608,-2.964625
20160609,-2.9697500000000003
20160610,-2.976
20160611,-2.9826250000000005
20160612,-2.9715000000000003
20160613,-2.86
20160614,-2.7641249999999995
20160615,-2.695875
20160616,-2.642875
20160617,-2.620625
20160618,-2.610625
20160619,-2.634
20160620,-2.574875
20160621,-2.488375
20160622,-2.513625
20160623,-2.530875
20160624,-2.56075
20160625,-2.59775
20160626,-2.6186249999999998
20160627,-2.6375
20160628,-2.633125
20160629,-2.515625
20160630,-2.4852500000000006
20160701,-2.39175
20160702,-2.374
20160703,-2.4339999999999997
20160704,-2.5055
20160705,-2.5545
20160706,-2.603875
20160707,-2.646875
20160708,-2.662875
20160709,-2.68375
20160710,-2.706125
20160711,-2.73275
20160712,-2.75675
20160713,-2.777
20160714,-2.7892499999999996
20160715,-2.798375
20160716,-2.8066249999999995
20160717,-2.8098750000000003
20160718,-2.8345000000000002
20160719,-2.85625
20160720,-2.8763749999999995
20160721,-2.8981250000000003
20160722,-2.91025
20160723,-2.92
20160724,-2.926625
20160725,-2.9325
20160726,-2.938875
20160727,-2.9366250000000003
20160728,-2.915
20160729,-2.89075
20160730,-2.8908750000000003
20160731,-2.8721249999999996
20160801,-2.850375
20160802,-2.8386250000000004
20160803,-2.8268750000000002
20160804,-2.829875
20160805,-2.848875
20160806,-2.865
20160807,-2.8745
20160808,-2.889875
20160809,-2.903625
20160810,-2.9059999999999997
20160811,-2.88775
20160812,-2.8015000000000003
20160813,-2.7981249999999998
20160814,-2.823625
20160815,-2.851375
20160816,-2.874625
20160817,-2.8973750000000003
20160818,-2.920375
20160819,-2.9322500000000002
20160820,-2.93575
20160821,-2.937375
20160822,-2.9170000000000003
20160823,-2.9206250000000002
20160824,-2.943625
20160825,-2.96325
20160826,-2.9805000000000006
20160827,-2.9855
20160828,-2.9557499999999997
20160829,-2.9653750000000003
20160830,-2.9821250000000004
20160831,-2.9924999999999997
20160901,-3.0010000000000003
20160902,-2.997
20160903,-2.99525
20160904,-2.940625
20160905,-2.9601249999999997
20160906,-2.9776249999999997
20160907,-2.9945
20160908,-3.006875
20160909,-3.0113749999999997
20160910,-3.015625
20160911,-3.0252499999999998
20160912,-3.030625
20160913,-3.0393749999999997
20160914,-3.0528749999999993
20160915,-3.0600000000000005
20160916,-3.053375
20160917,-3.05925
20160918,-3.0629999999999997
20160919,-3.065125
20160920,-3.0685
20160921,-3.0725000000000002
20160922,-3.075375
20160923,-3.0828750000000005
20160924,-3.082
20160925,-3.0885000000000002
20160926,-3.0956249999999996
20160927,-3.09475
20160928,-3.09775
20160929,-3.0832499999999996
20160930,-3.056375
20161001,-3.05575
20161002,-3.028375
20161003,-3.04025
20161004,-3.05375
20161005,-3.07225
20161006,-3.080625
20161007,-3.0915000000000004
20161008,-3.091875
20161009,-3.091
20161010,-3.0861249999999996
20161011,-3.08825
20161012,-3.08925
20161013,-3.0918750000000004
20161014,-3.092375
20161015,-3.093
20161016,-3.094875
20161017,-3.099
20161018,-3.078125
20161019,-3.033125
20161020,-3.02175
20161021,-3.014125
20161022,-3.0020000000000002
20161023,-3.003625
20161024,-3.01075
20161025,-3.011875
20161026,-3.021
20161027,-3.017
20161028,-3.020875
20161029,-3.0168749999999998
20161030,-3.01925
20161031,-3.016375
20161101,-3.0166250000000003
20161102,-3.0083750000000005
20161103,-2.9943750000000002
20161104,-2.98175
20161105,-2.962
20161106,-2.9505000000000003
20161107,-2.95625
20161108,-2.9453749999999994
20161109,-2.9447499999999995
20161110,-2.9509999999999996
20161111,-2.955375
20161112,-2.9548750000000004
20161113,-2.9585
20161114,-2.957375
20161115,-2.9151249999999997
20161116,-2.893125
20161117,-2.8775
20161118,-2.856125
20161119,-2.8555
20161120,-2.833125
20161121,-2.815125
20161122,-2.815125
20161123,-2.831
20161124,-2.848875
20161125,-2.857875
20161126,-2.8568749999999996
20161127,-2.88
20161128,-2.889125
20161129,-2.895625
20161130,-2.8976249999999997
20161201,-2.905875
20161202,-2.904625
20161203,-2.9095
20161204,-2.9117499999999996
20161205,-2.9233749999999996
20161206,-2.91725
20161207,-2.914875
20161208,-2.9139999999999997
20161209,-2.8979999999999997
20161210,-2.895875
20161211,-2.756125
20161212,-2.7398750000000005
20161213,-2.741125
20161214,-2.7545
20161215,-2.757999999999999
20161216,-2.772125
20161217,-2.796
20161218,-2.80875
20161219,-2.817625
20161220,-2.82525
20161221,-2.8260000000000005
20161222,-2.8123749999999994
20161223,-2.8118749999999997
20161224,-2.821625
20161225,-2.8139999999999996
20161226,-2.82375
20161227,-2.8320000000000003
20161228,-2.850875
20161229,-2.8485
20161230,-2.859125
20161231,-2.8472500000000003
20170101,-2.85175
20170102,-2.8671249999999997
20170103,-2.853875
20170104,-2.845625
20170105,-2.85975
20170106,-2.8542500000000004
20170107,-2.8546250000000004
20170108,-2.842
20170109,-2.832875
20170110,-2.7357500000000003
20170111,-2.7091250000000002
20170112,-2.6913750000000007
20170113,-2.601
20170114,-2.53625
20170115,-2.545125
20170116,-2.5967499999999997
20170117,-2.6475
20170118,-2.68575
20170119,-2.718375
20170120,-2.7458750000000003
20170121,-2.765375
20170122,-2.783625
20170123,-2.7976250000000005
20170124,-2.812125
20170125,-2.8226250000000004
20170126,-2.832125
20170127,-2.8360000000000003
20170128,-2.84525
20170129,-2.8510000000000004
20170130,-2.814625
20170131,-2.794125
20170201,-2.7875
20170202,-2.785625
20170203,-2.78775
20170204,-2.79225
20170205,-2.745
20170206,-2.7380000000000004
20170207,-2.747125
20170208,-2.7754999999999996
20170209,-2.793375
20170210,-2.805
20170211,-2.8183749999999996
20170212,-2.83275
20170213,-2.84575
20170214,-2.852375
20170215,-2.8572500000000005
20170216,-2.8585000000000003
20170217,-2.860875
20170218,-2.8576250000000005
20170219,-2.8577500000000002
20170220,-2.8415
20170221,-2.83925
20170222,-2.7729999999999997
20170223,-2.640875
20170224,-2.540125
20170225,-2.5388749999999995
20170226,-2.4982499999999996
20170227,-2.478625
20170228,-2.45225
20170301,-2.4955
20170302,-2.4505000000000003
20170303,-2.44775
20170304,-2.5130000000000003
20170305,-2.462625
20170306,-2.50725
20170307,-2.5645
20170308,-2.584125
20170309,-2.60225
20170310,-2.6226249999999998
20170311,-2.647875
20170312,-2.6752499999999997
20170313,-2.7018750000000002
20170314,-2.7171250000000002
20170315,-2.74125
20170316,-2.747375
20170317,-2.748875
20170318,-2.674125
20170319,-2.6793750000000003
20170320,-2.644375
20170321,-2.6155000000000004
20170322,-2.652625
20170323,-2.693125
20170324,-2.723875
20170325,-2.741875
20170326,-2.7572499999999995
20170327,-2.7708749999999998
20170328,-2.7808750000000004
20170329,-2.7882500000000006
20170330,-2.7956250000000002
20170331,-2.80475
20170401,-2.8082499999999997
20170402,-2.8213749999999997
20170403,-2.831125
20170404,-2.8381250000000002
20170405,-2.84625
20170406,-2.853
20170407,-2.857
20170408,-2.86275
20170409,-2.8652500000000005
20170410,-2.873125
20170411,-2.878375
20170412,-2.8594999999999997
20170413,-2.8567500000000003
20170414,-2.8715000000000006
20170415,-2.852875
20170416,-2.8736249999999997
20170417,-2.8823749999999997
20170418,-2.89225
20170419,-2.8983749999999997
20170420,-2.89775
20170421,-2.898875
20170422,-2.904125
20170423,-2.90475
20170424,-2.8903749999999997
20170425,-2.8732499999999996
20170426,-2.894875
20170427,-2.90025
20170428,-2.9051249999999995
20170429,-2.9108750000000003
20170430,-2.913
20170501,-2.9206250000000002
20170502,-2.9287499999999995
20170503,-2.9328749999999997
20170504,-2.935
20170505,-2.9332499999999997
20170506,-2.9323750000000004
20170507,-2.9388750000000003
20170508,-2.945625
20170509,-2.9468750000000004
20170510,-2.9451250000000004
20170511,-2.9498750000000005
20170512,-2.9505
20170513,-2.9195
20170514,-2.9290000000000003
20170515,-2.9362500000000002
20170516,-2.9484999999999997
20170517,-2.96
20170518,-2.9677499999999997
20170519,-2.965125
20170520,-2.9711250000000002
20170521,-2.981625
20170522,-2.99025
20170523,-3.0028750000000004
20170524,-3.011875
20170525,-3.0195
20170526,-3.027875
20170527,-3.0363750000000005
20170528,-3.0522500000000004
20170529,-3.0625
20170530,-3.06275
20170531,-3.07125
20170601,-3.0791250000000003
20170602,-3.087375
20170603,-3.0940000000000003
20170604,-3.1005000000000003
20170605,-3.105375
20170606,-3.0966250000000004
20170607,-3.043875
20170608,-3.037625
20170609,-3.01025
20170610,-2.9936249999999998
20170611,-3.015875
20170612,-3.0322499999999994
20170613,-3.05175
20170614,-3.0687499999999996
20170615,-3.0820000000000003
20170616,-3.099875
20170617,-3.1051249999999997
20170618,-3.10975
20170619,-3.120625
20170620,-3.1308749999999996
20170621,-3.1346249999999998
20170622,-3.1392499999999997
20170623,-3.1442500000000004
20170624,-3.117625
20170625,-3.101625
20170626,-3.047875
20170627,-3.064375
20170628,-3.003
20170629,-2.8518749999999997
20170630,-2.752625
20170701,-2.6790000000000003
20170702,-2.67525
20170703,-2.6992499999999997
20170704,-2.7361250000000004
20170705,-2.772625
20170706,-2.80225
20170707,-2.830625
20170708,-2.84125
20170709,-2.8628750000000003
20170710,-2.8891250000000004
20170711,-2.907625
20170712,-2.8973750000000003
20170713,-2.9188750000000003
20170714,-2.9043749999999995
20170715,-2.8775
20170716,-2.88925
20170717,-2.90475
20170718,-2.92925
20170719,-2.9412499999999997
20170720,-2.928875
20170721,-2.9210000000000003
20170722,-2.9455
20170723,-2.9214999999999995
20170724,-2.8457500000000002
20170725,-2.838375
20170726,-2.840625
20170727,-2.8609999999999998
20170728,-2.8786250000000004
20170729,-2.8728749999999996
20170730,-2.817375
20170731,-2.8365
20170801,-2.861375
20170802,-2.8834999999999997
20170803,-2.887375
20170804,-2.906875
20170805,-2.9147500000000006
20170806,-2.9326250000000003
20170807,-2.95125
20170808,-2.963749999999999
20170809,-2.9690000000000003
20170810,-2.9781250000000004
20170811,-2.977125
20170812,-2.9688749999999997
20170813,-2.9795
20170814,-2.9934999999999996
20170815,-3.002
20170816,-3.010125
20170817,-3.0027500000000003
20170818,-2.99525
20170819,-2.990125
20170820,-2.9847499999999996
20170821,-2.995
20170822,-3.0127499999999996
20170823,-3.022625
20170824,-3.0329999999999995
20170825,-3.042
20170826,-3.0495
20170827,-3.0541249999999995
20170828,-3.06225
20170829,-3.06825
20170830,-3.0041250000000006
20170831,-2.9467499999999998
20170901,-2.95475
20170902,-2.9659999999999997
20170903,-2.9742499999999996
20170904,-2.989375
20170905,-2.998
20170906,-2.9856249999999998
20170907,-2.977625
20170908,-2.8360000000000003
20170909,-2.611375
20170910,-2.551625
20170911,-2.5536250000000003
20170912,-2.5023750000000002
20170913,-2.4096249999999997
20170914,-2.369625
20170915,-2.363375
20170916,-2.356125
20170917,-2.2615
20170918,-2.306375
20170919,-2.367875
20170920,-2.4251250000000004
20170921,-2.4815
20170922,-2.5298749999999997
20170923,-2.5705
20170924,-2.603875
20170925,-2.6292500000000003
20170926,-2.6533750000000005
20170927,-2.671875
20170928,-2.69025
20170929,-2.69475
20170930,-2.6735
20171001,-2.6826250000000003
20171002,-2.69375
20171003,-2.7226250000000003
20171004,-2.73825
20171005,-2.689125
20171006,-2.66425
20171007,-2.6228749999999996
20171008,-2.5745
20171009,-2.6063749999999994
20171010,-2.631875
20171011,-2.6603749999999997
20171012,-2.694375
20171013,-2.71875
20171014,-2.740125
20171015,-2.75325
20171016,-2.768625
20171017,-2.781625
20171018,-2.7945
20171019,-2.7998749999999997
20171020,-2.7784999999999997
20171021,-2.6694999999999998
20171022,-2.6195
20171023,-2.5651249999999997
20171024,-2.561125
20171025,-2.55
20171026,-2.60125
20171027,-2.653
20171028,-2.676625
20171029,-2.7105000000000006
20171030,-2.75875
20171031,-2.76225
20171101,-2.7660000000000005
20171102,-2.78625
20171103,-2.7947500000000005
20171104,-2.79425
20171105,-2.7927500000000003
20171106,-2.7793749999999995
20171107,-2.7767500000000003
20171108,-2.798
20171109,-2.7965
20171110,-2.779875
20171111,-2.6935000000000002
20171112,-2.6529999999999996
20171113,-2.569625
20171114,-2.55025
20171115,-2.56075
20171116,-2.581875
20171117,-2.6177500000000005
20171118,-2.61425
20171119,-2.614125
20171120,-2.5682500000000004
20171121,-2.463375
20171122,-2.3675
20171123,-2.409625
20171124,-2.4838750000000003
20171125,-2.537125
20171126,-2.562375
20171127,-2.528375
20171128,-2.5071250000000003
20171129,-2.5395
20171130,-2.5789999999999997
20171201,-2.626375
20171202,-2.651875
20171203,-2.668375
20171204,-2.677
20171205,-2.668125
20171206,-2.6784999999999997
20171207,-2.653375
20171208,-2.583625
20171209,-2.50075
20171210,-2.49475
20171211,-2.5426249999999997
20171212,-2.477875
20171213,-2.3775000000000004
20171214,-2.30425
20171215,-2.370875
20171216,-2.4715
20171217,-2.5236249999999996
20171218,-2.5412500000000002
20171219,-2.5656250000000003
20171220,-2.60175
20171221,-2.62325
20171222,-2.6411249999999997
20171223,-2.6567499999999997
20171224,-2.666875
20171225,-2.6805
20171226,-2.701125
20171227,-2.6935
20171228,-2.640625
20171229,-2.5648750000000002
20171230,-2.50175
20171231,-2.42175
20180101,-2.3525
20180102,-2.434125
20180103,-2.245375
20180104,-2.2313750000000003
20180105,-2.3345000000000002
20180106,-2.416625
20180107,-2.4853750000000003
20180108,-2.5420000000000003
20180109,-2.5883749999999996
20180110,-2.63075
20180111,-2.6763749999999997
20180112,-2.69975
20180113,-2.714125
20180114,-2.7318750000000005
20180115,-2.677625
20180116,-2.593125
20180117,-2.58925
20180118,-2.480875
20180119,-2.431625
20180120,-2.457
20180121,-2.5203749999999996
20180122,-2.5650000000000004
20180123,-2.593875
20180124,-2.5290000000000004
20180125,-2.4446250000000003
20180126,-2.508375
20180127,-2.5628750000000005
20180128,-2.6015
20180129,-2.5837499999999998
20180130,-2.5743750000000003
20180131,-2.550625
20180201,-2.56025
20180202,-2.58425
20180203,-2.592125
20180204,-2.621875
20180205,-2.642
20180206,-2.6609999999999996
20180207,-2.686875
20180208,-2.7075
20180209,-2.7265
20180210,-2.7456250000000004
20180211,-2.7257499999999997
20180212,-2.7523750000000002
20180213,-2.757375
20180214,-2.76825
20180215,-2.770875
20180216,-2.782875
20180217,-2.7878749999999997
20180218,-2.7936249999999996
20180219,-2.79875
20180220,-2.8121249999999995
20180221,-2.8192500000000003
20180222,-2.8253749999999993
20180223,-2.832
20180224,-2.8396250000000003
20180225,-2.840375
20180226,-2.8277500000000004
20180227,-2.8104999999999993
20180228,-2.797125
20180301,-2.7753750000000004
20180302,-2.761375
20180303,-2.7496249999999995
20180304,-2.733
20180305,-2.7138750000000003
20180306,-2.738625
20180307,-2.7551249999999996
20180308,-2.749125
20180309,-2.7595
20180310,-2.7542500000000003
20180311,-2.750375
20180312,-2.764625
20180313,-2.784375
20180314,-2.7908749999999998
20180315,-2.800375
20180316,-2.821625
20180317,-2.839875
20180318,-2.84875
20180319,-2.853625
20180320,-2.859375
20180321,-2.857875
20180322,-2.837125
20180323,-2.8396250000000003
20180324,-2.8527499999999995
20180325,-2.8626250000000004
20180326,-2.8671249999999997
20180327,-2.8637500000000005
20180328,-2.828125
20180329,-2.7751249999999996
20180330,-2.7680000000000002
20180331,-2.767375
20180401,-2.7817499999999997
20180402,-2.7783749999999996
20180403,-2.7387499999999996
20180404,-2.6613749999999996
20180405,-2.50675
20180406,-2.504375
20180407,-2.56575
20180408,-2.622
20180409,-2.662875
20180410,-2.6921250000000003
20180411,-2.718625
20180412,-2.74025
20180413,-2.7584999999999997
20180414,-2.77825
20180415,-2.7725
20180416,-2.7908749999999998
20180417,-2.8051250000000003
20180418,-2.8195
20180419,-2.8278749999999993
20180420,-2.8377499999999998
20180421,-2.8497500000000002
20180422,-2.8505000000000003
20180423,-2.8587500000000006
20180424,-2.854
20180425,-2.81625
20180426,-2.839375
20180427,-2.854
20180428,-2.861375
20180429,-2.865125
20180430,-2.7616250000000004
20180501,-2.7501249999999997
20180502,-2.7716250000000002
20180503,-2.802125
20180504,-2.822875
20180505,-2.8382500000000004
20180506,-2.8514999999999997
20180507,-2.8680000000000003
20180508,-2.882375
20180509,-2.8964999999999996
20180510,-2.8967499999999995
20180511,-2.9025000000000003
20180512,-2.9125
20180513,-2.900625
20180514,-2.8543749999999997
20180515,-2.8885
20180516,-2.9107499999999997
20180517,-2.91675
20180518,-2.91875
20180519,-2.919
20180520,-2.929
20180521,-2.9429999999999996
20180522,-2.959
20180523,-2.9721250000000006
20180524,-2.9826250000000005
20180525,-2.991125
20180526,-3.002375
20180527,-3.0151250000000003
20180528,-3.027
20180529,-3.025
20180530,-2.982875
20180531,-2.9632500000000004
20180601,-2.8671250000000006
20180602,-2.8161249999999995
20180603,-2.8200000000000003
20180604,-2.837500000000001
20180605,-2.8587499999999997
20180606,-2.889375
20180607,-2.9185
20180608,-2.938875
20180609,-2.94775
20180610,-2.9585
20180611,-2.96725
20180612,-2.9773750000000003
20180613,-2.98575
20180614,-2.993
20180615,-3.0087499999999996
20180616,-3.0206249999999994
20180617,-3.0296250000000002
20180618,-3.0223749999999994
20180619,-3.0258749999999996
20180620,-3.0378750000000005
20180621,-3.0421250000000004
20180622,-3.0254999999999996
20180623,-3.04075
20180624,-3.0485
20180625,-3.0530000000000004
20180626,-3.0626249999999997
20180627,-3.0705
20180628,-3.080875
20180629,-3.08875
20180630,-3.096625000000001
20180701,-3.1068749999999996
20180702,-3.119
20180703,-3.1262499999999998
20180704,-3.1327499999999997
20180705,-3.1363749999999992
20180706,-3.142875
20180707,-3.15075
20180708,-3.154625
20180709,-3.1572500000000003
20180710,-3.15925
20180711,-3.1667500000000004
20180712,-3.17125
20180713,-3.17575
20180714,-3.179125
20180715,-3.184625
20180716,-3.1903750000000004
20180717,-3.1950000000000003
20180718,-3.202
20180719,-3.2093749999999996
20180720,-3.215125
20180721,-3.2211250000000002
20180722,-3.2213749999999997
20180723,-3.225625
20180724,-3.2314999999999996
20180725,-3.2387499999999996
20180726,-3.242625
20180727,-3.25
20180728,-3.2293749999999997
20180729,-3.2181250000000006
20180730,-3.241125
20180731,-3.249875
20180801,-3.253875
20180802,-3.2595
20180803,-3.26525
20180804,-3.2695
20180805,-3.2686249999999997
20180806,-3.2720000000000002
20180807,-3.2760000000000002
20180808,-3.273375
20180809,-3.1883750000000006
20180810,-2.9868750000000004
20180811,-2.9513750000000005
20180812,-2.969125
20180813,-2.9901249999999995
20180814,-2.962125
20180815,-2.978625
20180816,-2.99475
20180817,-3.0097500000000004
20180818,-3.02325
20180819,-3.0331249999999996
20180820,-3.0435
20180821,-3.055
20180822,-3.0688750000000002
20180823,-3.0691249999999997
20180824,-3.03775
20180825,-3.023125
20180826,-3.0282500000000003
20180827,-3.0095
20180828,-3.01325
20180829,-3.0241249999999997
20180830,-3.0325
20180831,-3.045125
20180901,-3.0566249999999995
20180902,-3.06925
20180903,-3.0789999999999997
20180904,-3.08425
20180905,-3.0917499999999998
20180906,-3.0906249999999997
20180907,-3.076375
20180908,-3.05325
20180909,-3.0709999999999997
20180910,-3.087375
20180911,-3.090625
20180912,-3.0825000000000005
20180913,-3.085
20180914,-3.0905
20180915,-3.080125
20180916,-3.0879999999999996
20180917,-3.0978749999999997
20180918,-3.0993333333333335
