5163
2
date,-9999
head_nap,-9999.0
20031216,-2.296
20031217,-2.305
20031218,-2.326
20031219,-2.349
20031220,-2.36
20031221,-2.303
20031222,-2.286
20031223,-2.277
20031224,-2.262
20031225,-2.271
20031226,-2.289
20031227,-2.318
20031228,-2.269
20031229,-2.187
20031230,-2.215
20031231,-2.241
20040101,-2.248
20040102,-2.292
20040103,-2.311
20040104,-2.326
20040105,-2.326
20040106,-2.291
20040107,-2.25
20040108,-2.239
20040109,-2.255
20040110,-2.276
20040111,-2.231
20040112,-2.159
20040113,-2.153
20040114,-2.15
20040115,-2.171
20040116,-2.134
20040117,-2.124
20040118,-2.137
20040119,-2.103
20040120,-2.069
20040121,-2.089
20040122,-2.105
20040123,-2.134
20040124,-2.157
20040125,-2.168
20040126,-2.185
20040127,-2.206
20040128,-2.221
20040129,-2.235
20040130,-2.134
20040131,-2.118
20040201,-2.008
20040202,-1.985
20040203,-1.999
20040204,-2.007
20040205,-2.024
20040206,-2.035
20040207,-1.984
20040208,-1.997
20040209,-2.0
20040210,-2.018
20040211,-1.977
20040212,-2.009
20040213,-2.028
20040214,-2.046
20040215,-2.067
20040216,-2.096
20040217,-2.117
20040218,-2.147
20040219,-2.174
20040220,-2.2
20040221,-2.223
20040222,-2.248
20040223,-2.276
20040224,-2.286
20040225,-2.265
20040226,-2.293
20040227,-2.313
20040228,-2.33
20040229,-2.363
20040301,-2.382
20040302,-2.389
20040303,-2.401
20040304,-2.411
20040305,-2.419
20040306,-2.429
20040307,-2.452
20040308,-2.48
20040309,-2.494
20040310,-2.506
20040311,-2.513
20040312,-2.518
20040313,-2.527
20040314,-2.542
20040315,-2.551
20040316,-2.56
20040317,-2.568
20040318,-2.571
20040319,-2.549
20040320,-2.465
20040321,-2.427
20040322,-2.431
20040323,-2.44
20040324,-2.471
20040325,-2.493
20040326,-2.521
20040327,-2.535
20040328,-2.557
20040329,-2.566
20040330,-2.586
20040331,-2.59
20040401,-2.605
20040402,-2.614
20040403,-2.626
20040404,-2.636
20040405,-2.604
20040406,-2.5
20040407,-2.458
20040408,-2.413
20040409,-2.387
20040410,-2.414
20040411,-2.446
20040412,-2.477
20040413,-2.494
20040414,-2.519
20040415,-2.539
20040416,-2.563
20040417,-2.565
20040418,-2.593
20040419,-2.636
20040420,-2.663
20040421,-2.68
20040422,-2.694
20040423,-2.711
20040424,-2.72
20040425,-2.736
20040426,-2.749
20040427,-2.762
20040428,-2.781
20040429,-2.764
20040430,-2.771
20040501,-2.796
20040502,-2.795
20040503,-2.817
20040504,-2.812
20040505,-2.829
20040506,-2.859
20040507,-2.828
20040508,-2.85
20040509,-2.87
20040510,-2.88
20040511,-2.895
20040512,-2.901
20040513,-2.909
20040514,-2.911
20040515,-2.925
20040516,-2.938
20040517,-2.943
20040518,-2.956
20040519,-2.969
20040520,-2.978
20040521,-2.996
20040522,-2.996
20040523,-2.994
20040524,-3.004
20040525,-3.021
20040526,-3.033
20040527,-3.042
20040528,-3.052
20040529,-3.056
20040530,-3.064
20040531,-3.056
20040601,-3.039
20040603,-3.069
20040604,-3.053
20040605,-3.07
20040624,-2.937
20040625,-2.868
20040626,-2.798
20040627,-2.807
20040628,-2.827
20040629,-2.858
20040630,-2.876
20040701,-2.905
20040702,-2.925
20040703,-2.916
20040704,-2.937
20040705,-2.959
20040706,-2.977
20040707,-2.998
20040708,-3.006
20040709,-3.021
20040710,-3.013
20040711,-3.02
20040712,-3.021
20040713,-3.03
20040714,-3.032
20040715,-3.006
20040716,-2.893
20040717,-2.826
20040718,-2.695
20040719,-2.649
20040720,-2.67
20040721,-2.697
20040722,-2.749
20040723,-2.794
20040724,-2.824
20040725,-2.86
20040726,-2.844
20040727,-2.88
20040728,-2.903
20040729,-2.926
20040730,-2.962
20040731,-2.989
20040801,-3.011
20040802,-3.019
20040803,-3.045
20040804,-3.062
20040813,-2.974
20040814,-2.589
20040815,-2.61
20040816,-2.633
20040817,-2.629
20040818,-2.674
20040819,-2.705
20040820,-2.729
20040821,-2.632
20040822,-2.647
20040823,-2.684
20040824,-2.697
20040825,-2.55
20040826,-2.506
20040827,-2.482
20040828,-2.413
20040829,-2.48
20040830,-2.505
20040831,-2.412
20040901,-2.421
20040902,-2.505
20040903,-2.577
20040904,-2.637
20040905,-2.664
20040906,-2.702
20040907,-2.742
20040908,-2.774
20040909,-2.802
20040910,-2.827
20040911,-2.863
20040912,-2.863
20040913,-2.883
20040914,-2.892
20040915,-2.853
20040916,-2.846
20040917,-2.855
20040918,-2.873
20040919,-2.889
20040920,-2.882
20040921,-2.888
20040922,-2.879
20040923,-2.846
20040924,-2.752
20040925,-2.677
20040926,-2.677
20040927,-2.713
20040928,-2.729
20040929,-2.665
20040930,-2.649
20041001,-2.633
20041002,-2.611
20041003,-2.562
20041004,-2.558
20041005,-2.587
20041006,-2.61
20041007,-2.636
20041008,-2.658
20041009,-2.68
20041010,-2.712
20041011,-2.739
20041012,-2.769
20041013,-2.785
20041014,-2.795
20041015,-2.812
20041016,-2.825
20041017,-2.831
20041018,-2.806
20041019,-2.772
20041020,-2.752
20041021,-2.767
20041022,-2.768
20041023,-2.763
20041024,-2.516
20041025,-2.424
20041026,-2.466
20041027,-2.501
20041028,-2.54
20041029,-2.56
20041030,-2.485
20041031,-2.484
20041101,-2.516
20041102,-2.547
20041103,-2.561
20041104,-2.549
20041105,-2.577
20041106,-2.57
20041107,-2.591
20041108,-2.599
20041109,-2.604
20041110,-2.538
20041111,-2.502
20041112,-2.487
20041113,-2.479
20041114,-2.427
20041115,-2.429
20041116,-2.462
20041117,-2.443
20041118,-2.425
20041119,-2.315
20041120,-2.255
20041121,-2.271
20041122,-2.265
20041123,-2.285
20041124,-2.277
20041125,-2.298
20041126,-2.313
20041127,-2.31
20041128,-2.319
20041129,-2.355
20041130,-2.362
20041201,-2.381
20041202,-2.388
20041203,-2.409
20041204,-2.423
20041205,-2.439
20041206,-2.443
20041207,-2.468
20041208,-2.486
20041209,-2.579
20041210,-2.507
20041211,-2.527
20041212,-2.549
20041213,-2.553
20041214,-2.558
20041215,-2.555
20041216,-2.543
20041217,-2.565
20041218,-2.546
20041219,-2.388
20041220,-2.383
20041221,-2.413
20041222,-2.419
20041223,-2.402
20041224,-2.4
20041225,-2.361
20041226,-2.396
20041227,-2.419
20041228,-2.432
20041229,-2.399
20041230,-2.335
20041231,-2.341
20050101,-2.336
20050102,-2.359
20050103,-2.379
20050104,-2.384
20050105,-2.385
20050106,-2.39
20050107,-2.365
20050108,-2.321
20050109,-2.371
20050110,-2.398
20050111,-2.362
20050112,-2.348
20050113,-2.382
20050114,-2.412
20050115,-2.425
20050116,-2.437
20050117,-2.45
20050118,-2.395
20050119,-2.348
20050120,-2.334
20050121,-2.337
20050122,-2.347
20050123,-2.364
20050124,-2.347
20050125,-2.36
20050126,-2.386
20050127,-2.396
20050128,-2.403
20050129,-2.423
20050130,-2.437
20050131,-2.426
20050201,-2.377
20050202,-2.383
20050203,-2.413
20050204,-2.418
20050205,-2.429
20050206,-2.466
20050207,-2.475
20050208,-2.501
20050209,-2.509
20050210,-2.456
20050211,-2.39
20050212,-2.303
20050213,-2.208
20050214,-2.211
20050215,-2.207
20050216,-2.222
20050217,-2.243
20050218,-2.258
20050219,-2.267
20050220,-2.272
20050221,-2.26
20050222,-2.271
20050223,-2.294
20050224,-2.309
20050225,-2.309
20050226,-2.317
20050227,-2.339
20050228,-2.345
20050301,-2.357
20050302,-2.384
20050303,-2.413
20050304,-2.394
20050305,-2.428
20050306,-2.444
20050307,-2.449
20050308,-2.276
20050309,-2.154
20050310,-2.17
20050311,-2.158
20050312,-2.149
20050313,-2.174
20050314,-2.192
20050315,-2.209
20050316,-2.229
20050317,-2.26
20050318,-2.281
20050319,-2.31
20050320,-2.332
20050321,-2.349
20050322,-2.369
20050323,-2.409
20050324,-2.424
20050325,-2.422
20050326,-2.439
20050327,-2.46
20050328,-2.465
20050329,-2.464
20050330,-2.468
20050331,-2.483
20050401,-2.5
20050402,-2.5
20050403,-2.515
20050404,-2.54
20050405,-2.551
20050406,-2.542
20050407,-2.554
20050408,-2.591
20050409,-2.578
20050410,-2.595
20050411,-2.599
20050412,-2.597
20050413,-2.608
20050414,-2.573
20050415,-2.584
20050416,-2.609
20050417,-2.618
20050418,-2.627
20050419,-2.649
20050420,-2.621
20050421,-2.638
20050422,-2.65
20050423,-2.663
20050424,-2.683
20050425,-2.704
20050426,-2.727
20050427,-2.667
20050428,-2.719
20050429,-2.617
20050430,-2.694
20050501,-2.736
20050502,-2.716
20050503,-2.738
20050504,-2.71
20050505,-2.751
20050506,-2.664
20050507,-2.647
20050508,-2.56
20050509,-2.648
20050510,-2.666
20050511,-2.677
20050512,-2.714
20050513,-2.736
20050514,-2.719
20050515,-2.549
20050516,-2.661
20050517,-2.673
20050518,-2.703
20050519,-2.719
20050520,-2.71
20050521,-2.741
20050522,-2.78
20050523,-2.804
20050524,-2.811
20050525,-2.821
20050526,-2.823
20050527,-2.844
20050528,-2.865
20050529,-2.86
20050530,-2.881
20050531,-2.806
20050601,-2.872
20050602,-2.889
20050603,-2.874
20050604,-2.752
20050605,-2.818
20050606,-2.835
20050607,-2.864
20050608,-2.857
20050609,-2.9
20050610,-2.904
20050611,-2.892
20050612,-2.929
20050613,-2.886
20050614,-2.929
20050615,-2.937
20050616,-2.94
20050617,-2.949
20050618,-2.962
20050619,-2.974
20050620,-2.991
20050621,-3.003
20050622,-3.014
20050623,-3.031
20050624,-3.052
20050625,-2.991
20050626,-3.055
20050627,-3.066
20050701,-2.869
20050702,-2.856
20050703,-2.824
20050704,-2.88
20050705,-2.857
20050706,-2.858
20050707,-2.903
20050708,-2.922
20050709,-2.86
20050710,-2.924
20050711,-2.953
20050712,-2.969
20050713,-2.985
20050714,-3.016
20050715,-3.05
20050716,-3.064
20050719,-2.949
20050720,-2.99
20050721,-2.993
20050722,-2.984
20050723,-2.982
20050724,-3.009
20050725,-3.011
20050726,-2.973
20050727,-3.002
20050728,-2.999
20050729,-3.006
20050730,-2.816
20050731,-2.64
20050801,-2.637
20050802,-2.71
20050803,-2.742
20050804,-2.783
20050805,-2.813
20050806,-2.711
20050807,-2.68
20050808,-2.582
20050809,-2.69
20050810,-2.658
20050811,-2.687
20050812,-2.707
20050813,-2.774
20050814,-2.76
20050815,-2.765
20050816,-2.774
20050817,-2.805
20050818,-2.838
20050819,-2.836
20050820,-2.861
20050821,-2.897
20050822,-2.915
20050823,-2.936
20050824,-2.938
20050825,-2.853
20050826,-2.813
20050827,-2.804
20050828,-2.839
20050829,-2.881
20050830,-2.921
20050831,-2.935
20050901,-2.987
20050902,-2.999
20050903,-3.007
20050904,-3.02
20050905,-3.033
20050906,-3.056
20050916,-2.98
20050917,-2.973
20050918,-3.005
20050919,-3.019
20050920,-3.051
20050921,-3.054
20050926,-3.042
20050929,-2.972
20050930,-2.9
20051001,-2.823
20051002,-2.826
20051003,-2.846
20051004,-2.869
20051005,-2.892
20051006,-2.916
20051007,-2.929
20051008,-2.944
20051009,-2.957
20051010,-2.958
20051011,-2.973
20051012,-2.993
20051013,-3.019
20051014,-3.031
20051015,-3.035
20051016,-3.051
20051017,-3.065
20051021,-3.06
20051022,-3.052
20051023,-3.059
20051024,-3.043
20051025,-2.889
20051026,-2.793
20051027,-2.784
20051028,-2.81
20051029,-2.834
20051030,-2.866
20051031,-2.888
20051101,-2.916
20051102,-2.919
20051103,-2.889
20051104,-2.907
20051105,-2.904
20051106,-2.907
20051107,-2.915
20051108,-2.884
20051109,-2.904
20051110,-2.893
20051111,-2.869
20051112,-2.831
20051113,-2.838
20051114,-2.842
20051115,-2.796
20051116,-2.746
20051117,-2.667
20051118,-2.428
20051119,-2.439
20051120,-2.499
20051121,-2.551
20051122,-2.588
20051123,-2.615
20051124,-2.584
20051125,-2.459
20051126,-2.493
20051127,-2.538
20051128,-2.549
20051129,-2.59
20051130,-2.603
20051201,-2.621
20051202,-2.619
20051203,-2.646
20051204,-2.696
20051205,-2.581
20051206,-2.54
20051207,-2.539
20051208,-2.564
20051209,-2.603
20051210,-2.567
20051211,-2.633
20051212,-2.666
20051213,-2.673
20051214,-2.695
20051215,-2.69
20051216,-2.603
20051217,-2.643
20051218,-2.551
20051219,-2.501
20051220,-2.461
20051221,-2.481
20051222,-2.519
20051223,-2.461
20051224,-2.498
20051225,-2.516
20051226,-2.516
20051227,-2.581
20051228,-2.55
20051229,-2.556
20051230,-2.486
20051231,-2.555
20060101,-2.404
20060102,-2.456
20060103,-2.487
20060104,-2.532
20060105,-2.551
20060106,-2.594
20060107,-2.629
20060108,-2.662
20060109,-2.641
20060110,-2.665
20060111,-2.675
20060112,-2.699
20060113,-2.664
20060114,-2.705
20060115,-2.697
20060116,-2.71
20060117,-2.717
20060118,-2.741
20060119,-2.73
20060120,-2.644
20060121,-2.626
20060122,-2.655
20060123,-2.645
20060124,-2.665
20060125,-2.684
20060126,-2.731
20060127,-2.739
20060128,-2.763
20060129,-2.776
20060130,-2.778
20060131,-2.783
20060201,-2.792
20060202,-2.797
20060203,-2.801
20060204,-2.819
20060205,-2.811
20060206,-2.81
20060207,-2.807
20060208,-2.75
20060209,-2.769
20060210,-2.746
20060211,-2.725
20060212,-2.725
20060213,-2.731
20060214,-2.733
20060215,-2.688
20060216,-2.614
20060217,-2.595
20060218,-2.589
20060219,-2.61
20060220,-2.642
20060221,-2.669
20060222,-2.69
20060223,-2.7
20060224,-2.727
20060225,-2.748
20060226,-2.765
20060227,-2.762
20060228,-2.749
20060301,-2.749
20060302,-2.745
20060303,-2.728
20060304,-2.712
20060305,-2.727
20060306,-2.675
20060307,-2.592
20060308,-2.557
20060309,-2.536
20060310,-2.492
20060311,-2.491
20060312,-2.529
20060313,-2.548
20060314,-2.576
20060315,-2.625
20060316,-2.651
20060317,-2.673
20060318,-2.689
20060319,-2.704
20060320,-2.719
20060321,-2.741
20060322,-2.753
20060323,-2.762
20060324,-2.744
20060325,-2.784
20060326,-2.731
20060327,-2.635
20060328,-2.619
20060329,-2.65
20060330,-2.59
20060331,-2.562
20060401,-2.533
20060402,-2.542
20060403,-2.494
20060404,-2.484
20060405,-2.51
20060406,-2.539
20060407,-2.555
20060408,-2.553
20060409,-2.519
20060410,-2.55
20060411,-2.558
20060412,-2.589
20060413,-2.578
20060414,-2.598
20060415,-2.608
20060416,-2.624
20060417,-2.639
20060418,-2.659
20060419,-2.647
20060420,-2.664
20060421,-2.684
20060422,-2.695
20060423,-2.717
20060424,-2.738
20060425,-2.758
20060426,-2.78
20060427,-2.791
20060428,-2.796
20060429,-2.816
20060430,-2.822
20060501,-2.816
20060502,-2.837
20060503,-2.847
20060504,-2.855
20060505,-2.87
20060506,-2.878
20060507,-2.887
20060508,-2.888
20060509,-2.906
20060510,-2.914
20060511,-2.926
20060512,-2.936
20060513,-2.946
20060514,-2.962
20060515,-2.951
20060516,-2.98
20060517,-2.982
20060518,-2.979
20060519,-2.942
20060520,-2.893
20060521,-2.918
20060522,-2.916
20060523,-2.963
20060524,-2.938
20060525,-2.881
20060526,-2.916
20060527,-2.904
20060528,-2.925
20060529,-2.937
20060530,-2.943
20060531,-2.971
20060601,-2.985
20060602,-2.993
20060603,-2.99
20060604,-3.008
20060605,-3.021
20060606,-3.031
20060607,-3.03
20060608,-3.04
20060609,-3.047
20060610,-3.066
20060617,-2.973
20060618,-3.054
20060626,-3.053
20060627,-3.022
20060628,-3.025
20060629,-3.049
20060802,-3.255
20060803,-3.25
20060804,-3.224
20060805,-3.229
20060806,-3.263
20060807,-3.279
20060808,-3.268
20060809,-3.285
20060810,-3.255
20060811,-3.235
20060812,-3.225
20060813,-3.243
20060814,-3.224
20060815,-3.168
20060816,-3.158
20060817,-3.166
20060818,-3.173
20060819,-3.175
20060820,-3.173
20060821,-3.052
20060822,-3.006
20060823,-3.004
20060824,-3.016
20060825,-3.018
20060826,-3.028
20060827,-3.046
20060828,-3.011
20060829,-2.915
20060830,-2.877
20060831,-2.846
20060901,-2.84
20060902,-2.859
20060903,-2.874
20060904,-2.859
20060905,-2.864
20060906,-2.872
20060907,-2.919
20060908,-2.947
20060909,-2.967
20060910,-2.99
20060911,-3.02
20060912,-3.039
20060913,-3.054
20060914,-3.075
20060915,-3.105
20060916,-3.115
20060917,-3.137
20060918,-3.137
20060919,-3.143
20060920,-3.144
20060921,-3.15
20060922,-3.173
20060923,-3.194
20060924,-3.191
20060925,-3.19
20060926,-3.18
20060927,-3.147
20060928,-3.146
20060929,-3.149
20060930,-3.168
20061001,-3.184
20061002,-3.164
20061003,-3.105
20061004,-3.083
20061005,-3.052
20061006,-2.988
20061007,-2.961
20061008,-2.916
20061009,-2.909
20061010,-2.931
20061011,-2.921
20061012,-2.965
20061013,-2.972
20061014,-2.97
20061015,-2.986
20061016,-2.994
20061017,-2.998
20061018,-3.014
20061019,-3.024
20061020,-3.026
20061021,-3.036
20061022,-3.038
20061023,-3.039
20061024,-2.768
20061025,-2.689
20061026,-2.687
20061027,-2.742
20061028,-2.737
20061029,-2.777
20061030,-2.77
20061031,-2.793
20061101,-2.84
20061102,-2.814
20061103,-2.751
20061104,-2.716
20061105,-2.735
20061106,-2.754
20061107,-2.77
20061108,-2.783
20061109,-2.82
20061110,-2.817
20061111,-2.796
20061112,-2.775
20061113,-2.717
20061114,-2.73
20061115,-2.69
20061116,-2.662
20061117,-2.612
20061118,-2.623
20061119,-2.633
20061120,-2.635
20061121,-2.598
20061122,-2.574
20061123,-2.449
20061124,-2.472
20061125,-2.483
20061126,-2.529
20061127,-2.559
20061128,-2.581
20061129,-2.627
20061130,-2.627
20061201,-2.635
20061202,-2.609
20061203,-2.533
20061204,-2.538
20061205,-2.489
20061206,-2.525
20061207,-2.363
20061208,-2.356
20061209,-2.381
20061210,-2.392
20061211,-2.402
20061212,-2.433
20061213,-2.452
20061214,-2.48
20061215,-2.502
20061216,-2.555
20061217,-2.566
20061218,-2.541
20061219,-2.558
20061220,-2.574
20061221,-2.604
20061222,-2.619
20061223,-2.631
20061224,-2.655
20061225,-2.67
20061226,-2.681
20061227,-2.687
20061228,-2.706
20061229,-2.7
20061230,-2.724
20061231,-2.703
20070101,-2.664
20070102,-2.608
20070103,-2.53
20070104,-2.5
20070105,-2.503
20070106,-2.499
20070107,-2.389
20070108,-2.365
20070109,-2.341
20070110,-2.363
20070111,-2.291
20070112,-2.26
20070113,-2.315
20070114,-2.377
20070115,-2.395
20070116,-2.43
20070117,-2.409
20070118,-2.114
20070119,-2.184
20070120,-2.215
20070121,-2.278
20070122,-2.282
20070123,-2.281
20070124,-2.146
20070125,-2.327
20070126,-2.358
20070127,-2.392
20070128,-2.373
20070129,-2.419
20070130,-2.447
20070131,-2.452
20070201,-2.489
20070202,-2.497
20070203,-2.524
20070204,-2.532
20070205,-2.543
20070206,-2.559
20070207,-2.579
20070208,-2.576
20070209,-2.641
20070210,-2.616
20070211,-2.58
20070212,-2.43
20070213,-2.358
20070214,-2.322
20070215,-2.309
20070216,-2.328
20070217,-2.378
20070218,-2.447
20070219,-2.474
20070220,-2.504
20070221,-2.518
20070222,-2.511
20070223,-2.52
20070224,-2.519
20070225,-2.496
20070226,-2.357
20070227,-2.333
20070228,-2.285
20070301,-2.244
20070302,-2.252
20070303,-2.297
20070304,-2.281
20070305,-2.296
20070306,-2.279
20070307,-2.198
20070308,-2.244
20070309,-2.278
20070310,-2.323
20070311,-2.349
20070312,-2.38
20070313,-2.427
20070314,-2.455
20070315,-2.469
20070316,-2.503
20070317,-2.527
20070318,-2.462
20070319,-2.439
20070320,-2.452
20070321,-2.45
20070322,-2.483
20070323,-2.519
20070324,-2.543
20070325,-2.583
20070326,-2.587
20070327,-2.604
20070328,-2.624
20070329,-2.648
20070330,-2.671
20070331,-2.691
20070401,-2.709
20070402,-2.712
20070403,-2.727
20070404,-2.744
20070405,-2.757
20070406,-2.773
20070407,-2.787
20070408,-2.791
20070409,-2.809
20070410,-2.826
20070411,-2.831
20070412,-2.834
20070413,-2.846
20070414,-2.856
20070415,-2.857
20070416,-2.874
20070417,-2.889
20070418,-2.895
20070419,-2.885
20070420,-2.912
20070421,-2.908
20070422,-2.921
20070423,-2.926
20070424,-2.936
20070425,-2.943
20070426,-2.96
20070427,-2.97
20070428,-2.973
20070429,-2.972
20070430,-2.992
20070501,-3.002
20070502,-3.013
20070503,-3.019
20070504,-3.022
20070505,-3.027
20070506,-3.018
20070507,-3.008
20070508,-3.005
20070509,-3.017
20070510,-3.001
20070511,-2.947
20070512,-2.864
20070513,-2.929
20070514,-2.969
20070515,-2.943
20070516,-2.941
20070517,-2.945
20070518,-2.937
20070519,-2.976
20070520,-2.989
20070521,-3.012
20070522,-3.031
20070523,-3.022
20070524,-3.036
20070525,-3.05
20070526,-3.071
20070527,-3.011
20070528,-3.054
20070529,-3.022
20070530,-3.027
20070531,-3.052
20070601,-3.045
20070602,-3.069
20070603,-3.08
20070604,-3.093
20070605,-3.091
20070606,-3.095
20070607,-3.095
20070608,-3.102
20070609,-3.119
20070610,-3.118
20070611,-3.131
20070612,-3.148
20070613,-3.149
20070614,-3.149
20070615,-3.144
20070616,-3.1
20070617,-3.005
20070618,-2.895
20070619,-2.826
20070620,-2.842
20070621,-2.863
20070622,-2.878
20070623,-2.911
20070624,-2.865
20070625,-2.808
20070626,-2.717
20070627,-2.639
20070628,-2.669
20070629,-2.697
20070630,-2.675
20070701,-2.6
20070702,-2.417
20070703,-2.41
20070704,-2.307
20070705,-2.328
20070706,-2.376
20070707,-2.328
20070708,-2.384
20070709,-2.455
20070710,-2.525
20070711,-2.59
20070712,-2.623
20070713,-2.657
20070714,-2.702
20070715,-2.744
20070716,-2.698
20070717,-2.347
20070718,-2.388
20070719,-2.487
20070720,-2.567
20070721,-2.577
20070722,-2.605
20070723,-2.616
20070724,-2.524
20070725,-2.438
20070726,-2.508
20070727,-2.604
20070728,-2.667
20070729,-2.7
20070730,-2.744
20070731,-2.779
20070801,-2.795
20070802,-2.838
20070803,-2.874
20070804,-2.887
20070805,-2.903
20070806,-2.942
20070807,-2.924
20070808,-2.964
20070809,-2.984
20070810,-2.993
20070811,-3.008
20070812,-3.01
20070813,-3.037
20070814,-3.026
20070815,-3.038
20070816,-3.063
20070817,-3.029
20070818,-3.015
20070819,-3.016
20070820,-3.052
20070821,-3.061
20070822,-3.063
20070823,-3.071
20070824,-3.081
20070825,-3.088
20070826,-3.104
20070827,-3.101
20070828,-3.116
20070829,-3.128
20070830,-3.132
20070831,-3.139
20070901,-3.146
20070902,-3.142
20070903,-3.158
20070904,-3.169
20070905,-3.163
20070906,-3.15
20070907,-3.163
20070908,-3.167
20070909,-3.174
20070910,-3.157
20070911,-3.149
20070912,-3.145
20070913,-3.129
20070914,-3.117
20070915,-3.141
20070916,-3.148
20070917,-3.173
20070918,-3.158
20070919,-3.144
20070920,-3.157
20070921,-3.123
20070922,-3.135
20070923,-3.134
20070924,-3.142
20070925,-3.162
20070926,-3.084
20070927,-3.029
20070928,-3.02
20070929,-2.964
20070930,-2.74
20071001,-2.624
20071002,-2.648
20071003,-2.701
20071004,-2.724
20071005,-2.764
20071006,-2.79
20071007,-2.801
20071008,-2.837
20071009,-2.84
20071010,-2.879
20071011,-2.879
20071012,-2.906
20071013,-2.908
20071014,-2.906
20071015,-2.924
20071016,-2.943
20071017,-2.958
20071018,-2.857
20071019,-2.811
20071020,-2.81
20071021,-2.822
20071022,-2.828
20071023,-2.847
20071024,-2.864
20071025,-2.877
20071026,-2.888
20071027,-2.896
20071028,-2.882
20071029,-2.897
20071030,-2.889
20071031,-2.878
20071101,-2.878
20071102,-2.88
20071103,-2.87
20071104,-2.886
20071105,-2.864
20071106,-2.901
20071107,-2.848
20071108,-2.792
20071109,-2.819
20071110,-2.76
20071111,-2.673
20071112,-2.61
20071113,-2.56
20071114,-2.565
20071115,-2.568
20071116,-2.594
20071117,-2.612
20071118,-2.635
20071119,-2.68
20071120,-2.686
20071121,-2.705
20071122,-2.715
20071123,-2.775
20071124,-2.748
20071125,-2.771
20071126,-2.771
20071127,-2.739
20071128,-2.699
20071129,-2.685
20071130,-2.713
20071201,-2.713
20071202,-2.615
20071203,-2.442
20071204,-2.402
20071205,-2.381
20071206,-2.426
20071207,-2.328
20071208,-2.254
20071209,-2.245
20071210,-2.317
20071211,-2.35
20071212,-2.383
20071213,-2.409
20071214,-2.436
20071215,-2.476
20071216,-2.516
20071217,-2.537
20071218,-2.565
20071219,-2.595
20071220,-2.604
20071221,-2.617
20071222,-2.639
20071223,-2.675
20071224,-2.662
20071225,-2.666
20071226,-2.712
20071227,-2.693
20071228,-2.687
20071229,-2.706
20071230,-2.748
20071231,-2.726
20080101,-2.724
20080102,-2.729
20080103,-2.721
20080104,-2.737
20080105,-2.748
20080106,-2.777
20080107,-2.729
20080108,-2.745
20080109,-2.732
20080110,-2.722
20080111,-2.582
20080112,-2.565
20080113,-2.536
20080114,-2.539
20080115,-2.536
20080116,-2.537
20080117,-2.537
20080118,-2.485
20080119,-2.322
20080120,-2.217
20080121,-2.182
20080122,-2.11
20080123,-2.168
20080124,-2.226
20080125,-2.261
20080126,-2.301
20080127,-2.315
20080128,-2.342
20080129,-2.363
20080130,-2.388
20080131,-2.388
20080201,-2.39
20080202,-2.428
20080203,-2.448
20080204,-2.464
20080205,-2.479
20080206,-2.462
20080207,-2.496
20080208,-2.512
20080209,-2.528
20080210,-2.551
20080211,-2.573
20080212,-2.596
20080213,-2.608
20080214,-2.624
20080215,-2.644
20080216,-2.658
20080217,-2.669
20080218,-2.678
20080219,-2.692
20080220,-2.7
20080221,-2.703
20080222,-2.696
20080223,-2.706
20080224,-2.712
20080225,-2.684
20080226,-2.559
20080227,-2.61
20080228,-2.619
20080229,-2.629
20080301,-2.533
20080302,-2.537
20080303,-2.549
20080304,-2.591
20080305,-2.614
20080306,-2.617
20080307,-2.615
20080308,-2.626
20080309,-2.646
20080310,-2.555
20080311,-2.482
20080312,-2.485
20080313,-2.484
20080314,-2.516
20080315,-2.542
20080316,-2.588
20080317,-2.617
20080318,-2.63
20080319,-2.652
20080320,-2.649
20080321,-2.368
20080322,-2.389
20080323,-2.406
20080324,-2.427
20080325,-2.463
20080326,-2.472
20080327,-2.497
20080328,-2.512
20080329,-2.455
20080330,-2.45
20080331,-2.47
20080401,-2.477
20080402,-2.465
20080403,-2.494
20080404,-2.514
20080405,-2.526
20080406,-2.561
20080407,-2.58
20080408,-2.602
20080409,-2.615
20080410,-2.636
20080411,-2.66
20080412,-2.67
20080413,-2.692
20080414,-2.716
20080415,-2.685
20080416,-2.719
20080417,-2.724
20080418,-2.736
20080419,-2.75
20080420,-2.761
20080421,-2.779
20080422,-2.795
20080423,-2.802
20080424,-2.806
20080425,-2.82
20080426,-2.818
20080427,-2.82
20080428,-2.829
20080429,-2.833
20080430,-2.838
20080501,-2.854
20080502,-2.867
20080503,-2.876
20080504,-2.883
20080505,-2.898
20080506,-2.907
20080507,-2.909
20080508,-2.916
20080509,-2.932
20080510,-2.947
20080511,-2.964
20080512,-2.978
20080513,-2.991
20080514,-3.003
20080515,-3.018
20080516,-3.032
20080517,-3.042
20080518,-3.046
20080519,-3.055
20080520,-3.065
20080521,-3.075
20080522,-3.083
20080523,-3.097
20080524,-3.114
20080525,-3.124
20080526,-3.131
20080527,-3.137
20080528,-3.143
20080529,-3.158
20080530,-3.163
20080531,-3.172
20080601,-3.157
20080602,-3.174
20080603,-3.184
20080604,-3.172
20080605,-3.16
20080606,-3.182
20080607,-3.196
20080608,-3.205
20080609,-3.218
20080610,-3.23
20080611,-3.238
20080612,-3.238
20080613,-3.239
20080614,-3.248
20080615,-3.253
20080616,-3.26
20080617,-3.263
20080618,-3.267
20080619,-3.269
20080620,-3.277
20080621,-3.283
20080622,-3.283
20080623,-3.296
20080624,-3.301
20080625,-3.307
20080626,-3.317
20080627,-3.318
20080628,-3.312
20080629,-3.307
20080630,-3.329
20080701,-3.334
20080702,-3.346
20080703,-3.352
20080704,-3.343
20080705,-3.352
20080706,-3.354
20080707,-3.357
20080708,-3.298
20080709,-3.265
20080710,-3.236
20080711,-3.211
20080712,-3.213
20080713,-3.19
20080714,-3.185
20080715,-3.201
20080716,-3.201
20080717,-3.214
20080718,-3.195
20080719,-3.167
20080720,-3.082
20080721,-3.074
20080722,-3.061
20080723,-3.061
20080724,-3.073
20080725,-3.095
20080726,-3.12
20080727,-2.876
20080728,-2.826
20080729,-2.849
20080730,-2.825
20080731,-2.853
20080801,-2.88
20080802,-2.894
20080803,-2.907
20080804,-2.761
20080805,-2.746
20080806,-2.777
20080807,-2.796
20080808,-2.763
20080809,-2.771
20080810,-2.728
20080811,-2.715
20080812,-2.728
20080813,-2.763
20080814,-2.617
20080815,-2.629
20080816,-2.681
20080817,-2.744
20080818,-2.778
20080819,-2.773
20080820,-2.735
20080821,-2.648
20080822,-2.627
20080823,-2.656
20080824,-2.7
20080825,-2.744
20080826,-2.798
20080827,-2.804
20080828,-2.819
20080829,-2.853
20080830,-2.873
20080831,-2.903
20080901,-2.929
20080902,-2.933
20080903,-2.919
20080904,-2.919
20080905,-2.94
20080906,-2.94
20080907,-2.951
20080908,-2.956
20080909,-2.96
20080910,-2.984
20080911,-2.992
20080912,-3.017
20080913,-3.02
20080914,-3.041
20080915,-3.053
20080916,-3.067
20080917,-3.069
20080918,-3.077
20080919,-3.092
20080920,-3.093
20080921,-3.098
20080922,-3.101
20080923,-3.102
20080924,-3.098
20080925,-3.111
20080926,-3.116
20080927,-3.117
20080928,-3.119
20080929,-3.116
20080930,-3.095
20081001,-3.026
20081002,-2.967
20081003,-2.881
20081004,-2.818
20081005,-2.8
20081006,-2.53
20081007,-2.504
20081008,-2.564
20081009,-2.602
20081010,-2.632
20081011,-2.68
20081012,-2.71
20081013,-2.722
20081014,-2.755
20081015,-2.764
20081016,-2.745
20081017,-2.692
20081018,-2.674
20081019,-2.702
20081020,-2.721
20081021,-2.76
20081022,-2.763
20081023,-2.767
20081024,-2.789
20081025,-2.773
20081026,-2.772
20081027,-2.668
20081028,-2.644
20081029,-2.524
20081030,-2.555
20081031,-2.599
20081101,-2.637
20081102,-2.659
20081103,-2.676
20081104,-2.693
20081105,-2.708
20081106,-2.718
20081107,-2.72
20081108,-2.735
20081109,-2.748
20081110,-2.731
20081111,-2.348
20081112,-2.304
20081113,-2.292
20081114,-2.329
20081115,-2.357
20081116,-2.397
20081117,-2.44
20081118,-2.463
20081119,-2.494
20081120,-2.519
20081121,-2.522
20081122,-2.435
20081123,-2.335
20081124,-2.374
20081125,-2.407
20081126,-2.44
20081127,-2.462
20081128,-2.49
20081129,-2.526
20081130,-2.535
20081201,-2.553
20081202,-2.566
20081203,-2.545
20081204,-2.527
20081205,-2.539
20081206,-2.578
20081207,-2.6
20081208,-2.598
20081209,-2.611
20081210,-2.483
20081211,-2.463
20081212,-2.506
20081213,-2.516
20081214,-2.567
20081215,-2.607
20081216,-2.611
20081217,-2.625
20081218,-2.635
20081219,-2.656
20081220,-2.617
20081221,-2.623
20081222,-2.638
20081223,-2.651
20081224,-2.659
20081225,-2.674
20081226,-2.696
20081227,-2.703
20081228,-2.709
20081229,-2.726
20081230,-2.736
20081231,-2.749
20090101,-2.755
20090102,-2.781
20090103,-2.781
20090104,-2.78
20090105,-2.757
20090106,-2.736
20090107,-2.753
20090108,-2.763
20090109,-2.78
20090110,-2.786
20090111,-2.794
20090112,-2.79
20090113,-2.803
20090114,-2.789
20090115,-2.766
20090116,-2.757
20090117,-2.741
20090118,-2.72
20090119,-2.674
20090120,-2.615
20090121,-2.608
20090122,-2.585
20090123,-2.542
20090124,-2.397
20090125,-2.395
20090126,-2.455
20090127,-2.513
20090128,-2.541
20090129,-2.576
20090130,-2.601
20090131,-2.629
20090201,-2.657
20090202,-2.672
20090203,-2.699
20090204,-2.705
20090205,-2.704
20090206,-2.695
20090207,-2.698
20090208,-2.691
20090209,-2.697
20090210,-2.643
20090211,-2.542
20090212,-2.545
20090213,-2.54
20090214,-2.563
20090215,-2.573
20090216,-2.528
20090217,-2.391
20090218,-2.371
20090219,-2.404
20090220,-2.457
20090221,-2.47
20090222,-2.502
20090223,-2.528
20090224,-2.562
20090225,-2.577
20090226,-2.598
20090227,-2.601
20090228,-2.594
20090301,-2.598
20090302,-2.593
20090303,-2.571
20090304,-2.572
20090305,-2.621
20090306,-2.615
20090307,-2.607
20090308,-2.583
20090309,-2.542
20090310,-2.539
20090311,-2.563
20090312,-2.557
20090313,-2.587
20090314,-2.592
20090315,-2.634
20090316,-2.651
20090317,-2.673
20090318,-2.671
20090319,-2.694
20090320,-2.705
20090321,-2.713
20090322,-2.73
20090323,-2.712
20090324,-2.758
20090325,-2.661
20090326,-2.621
20090327,-2.553
20090328,-2.513
20090329,-2.382
20090330,-2.402
20090331,-2.455
20090401,-2.508
20090402,-2.545
20090403,-2.574
20090404,-2.616
20090405,-2.643
20090406,-2.658
20090407,-2.691
20090408,-2.699
20090409,-2.72
20090410,-2.725
20090411,-2.749
20090412,-2.77
20090413,-2.78
20090414,-2.796
20090415,-2.804
20090416,-2.813
20090417,-2.837
20090418,-2.852
20090419,-2.863
20090420,-2.871
20090421,-2.873
20090422,-2.877
20090423,-2.88
20090424,-2.88
20090425,-2.894
20090426,-2.903
20090427,-2.885
20090428,-2.895
20090429,-2.898
20090430,-2.91
20090501,-2.92
20090502,-2.929
20090503,-2.925
20090504,-2.932
20090505,-2.938
20090506,-2.905
20090507,-2.901
20090508,-2.907
20090509,-2.923
20090510,-2.948
20090511,-2.959
20090512,-2.965
20090513,-2.972
20090514,-2.984
20090515,-2.987
20090516,-2.958
20090517,-2.923
20090518,-2.855
20090519,-2.848
20090520,-2.872
20090521,-2.897
20090522,-2.922
20090523,-2.941
20090524,-2.974
20090525,-2.978
20090526,-2.945
20090527,-2.937
20090528,-2.952
20090529,-2.965
20090530,-2.979
20090531,-3.005
20090601,-3.022
20090602,-3.037
20090603,-3.041
20090604,-3.047
20090605,-3.057
20090606,-3.066
20090607,-3.083
20090608,-3.084
20090609,-3.08
20090610,-3.094
20090611,-3.053
20090612,-3.015
20090613,-3.022
20090614,-3.046
20090615,-3.074
20090616,-3.092
20090617,-3.087
20090618,-3.104
20090619,-3.116
20090620,-3.12
20090621,-3.129
20090622,-3.132
20090623,-3.138
20090624,-3.143
20090625,-3.151
20090626,-3.154
20090627,-3.163
20090628,-3.173
20090629,-3.184
20090630,-3.197
20090701,-3.206
20090702,-3.215
20090703,-3.226
20090704,-3.235
20090705,-3.238
20090706,-3.237
20090707,-3.232
20090708,-3.145
20090709,-3.12
20090710,-3.098
20090711,-2.987
20090712,-2.97
20090713,-2.952
20090714,-2.954
20090715,-2.983
20090716,-3.016
20090717,-3.041
20090718,-3.063
20090719,-3.07
20090720,-3.083
20090721,-3.086
20090722,-3.109
20090723,-3.122
20090724,-3.113
20090725,-3.086
20090726,-3.082
20090727,-3.099
20090728,-3.117
20090729,-3.137
20090730,-3.135
20090731,-3.135
20090801,-3.148
20090802,-3.177
20090803,-3.132
20090804,-3.151
20090805,-3.178
20090806,-3.197
20090807,-3.215
20090808,-3.235
20090809,-3.219
20090810,-3.216
20090811,-3.238
20090812,-3.231
20090813,-3.25
20090814,-3.253
20090815,-3.259
20090816,-3.269
20090817,-3.273
20090818,-3.285
20090819,-3.291
20090820,-3.298
20090821,-3.307
20090822,-3.316
20090823,-3.315
20090824,-3.325
20090825,-3.34
20090826,-3.256
20090827,-3.265
20090828,-3.268
20090829,-3.272
20090830,-3.259
20090831,-3.243
20090901,-3.276
20090902,-3.274
20090903,-3.265
20090904,-3.22
20090905,-3.203
20090906,-3.157
20090907,-3.153
20090908,-3.17
20090909,-3.208
20090910,-3.219
20090911,-3.235
20090912,-3.246
20090913,-3.258
20090914,-3.278
20090915,-3.285
20090916,-3.296
20090917,-3.306
20090918,-3.309
20090919,-3.319
20090920,-3.335
20090921,-3.319
20090922,-3.329
20090923,-3.337
20090924,-3.342
20090925,-3.338
20090926,-3.333
20090927,-3.332
20090928,-3.328
20090929,-3.325
20090930,-3.296
20091001,-3.293
20091002,-3.311
20091003,-3.297
20091004,-3.321
20091005,-3.331
20091006,-3.31
20091007,-3.31
20091008,-3.268
20091009,-3.273
20091010,-3.271
20091011,-3.218
20091012,-3.226
20091013,-3.221
20091014,-3.217
20091015,-3.214
20091016,-3.22
20091017,-3.211
20091018,-3.2
20091019,-3.192
20091020,-3.183
20091021,-3.193
20091022,-3.198
20091023,-3.191
20091024,-3.17
20091025,-3.167
20091026,-3.163
20091027,-3.143
20091028,-3.13
20091029,-3.131
20091030,-3.121
20091031,-3.101
20091101,-3.081
20091102,-3.079
20091103,-3.05
20091104,-3.05
20091105,-3.04
20091106,-3.026
20091107,-3.018
20091108,-3.018
20091109,-3.006
20091110,-2.991
20091111,-2.972
20091112,-2.935
20091113,-2.898
20091114,-2.871
20091115,-2.835
20091116,-2.788
20091117,-2.776
20091118,-2.742
20091119,-2.734
20091120,-2.725
20091121,-2.723
20091122,-2.714
20091123,-2.692
20091124,-2.623
20091125,-2.593
20091126,-2.596
20091127,-2.583
20091128,-2.443
20091129,-2.439
20091130,-2.475
20091201,-2.54
20091202,-2.561
20091203,-2.589
20091204,-2.622
20091205,-2.586
20091206,-2.524
20091207,-2.471
20091208,-2.489
20091209,-2.48
20091210,-2.476
20091211,-2.429
20091212,-2.448
20091213,-2.496
20091214,-2.539
20091215,-2.575
20091216,-2.583
20091217,-2.627
20091218,-2.651
20091219,-2.659
20091220,-2.642
20091221,-2.672
20091222,-2.664
20091223,-2.669
20091224,-2.65
20091225,-2.575
20091226,-2.278
20091227,-2.199
20091228,-2.205
20091229,-2.255
20091230,-2.319
20091231,-2.358
20100101,-2.4
20100102,-2.441
20100103,-2.49
20100104,-2.503
20100105,-2.531
20100106,-2.567
20100107,-2.599
20100108,-2.626
20100109,-2.643
20100110,-2.658
20100111,-2.672
20100112,-2.673
20100113,-2.669
20100114,-2.693
20100115,-2.719
20100116,-2.696
20100117,-2.722
20100118,-2.671
20100119,-2.586
20100120,-2.518
20100121,-2.538
20100122,-2.566
20100123,-2.593
20100124,-2.631
20100125,-2.669
20100126,-2.698
20100127,-2.673
20100128,-2.675
20100129,-2.669
20100130,-2.663
20100131,-2.671
20100201,-2.673
20100202,-2.615
20100203,-2.336
20100204,-2.349
20100205,-2.333
20100206,-2.369
20100207,-2.391
20100208,-2.421
20100209,-2.469
20100210,-2.528
20100211,-2.564
20100212,-2.602
20100213,-2.615
20100214,-2.644
20100215,-2.656
20100216,-2.665
20100217,-2.69
20100218,-2.715
20100219,-2.717
20100220,-2.729
20100221,-2.724
20100222,-2.67
20100223,-2.526
20100224,-2.502
20100225,-2.476
20100226,-2.433
20100227,-2.436
20100228,-2.419
20100301,-2.344
20100302,-2.348
20100303,-2.384
20100304,-2.44
20100305,-2.471
20100306,-2.477
20100307,-2.493
20100308,-2.516
20100309,-2.538
20100310,-2.562
20100311,-2.575
20100312,-2.603
20100313,-2.625
20100314,-2.633
20100315,-2.637
20100316,-2.65
20100317,-2.644
20100318,-2.659
20100319,-2.671
20100320,-2.64
20100321,-2.631
20100322,-2.594
20100323,-2.614
20100324,-2.609
20100325,-2.632
20100326,-2.663
20100327,-2.673
20100328,-2.686
20100329,-2.701
20100330,-2.692
20100331,-2.703
20100401,-2.73
20100402,-2.695
20100403,-2.696
20100404,-2.556
20100405,-2.495
20100406,-2.505
20100407,-2.546
20100408,-2.601
20100409,-2.626
20100410,-2.645
20100411,-2.683
20100412,-2.7
20100413,-2.721
20100414,-2.738
20100415,-2.74
20100416,-2.765
20100417,-2.758
20100418,-2.775
20100419,-2.803
20100420,-2.807
20100421,-2.816
20100422,-2.821
20100423,-2.83
20100424,-2.845
20100425,-2.848
20100426,-2.866
20100427,-2.876
20100428,-2.869
20100429,-2.876
20100430,-2.885
20100501,-2.891
20100502,-2.902
20100503,-2.763
20100504,-2.751
20100505,-2.756
20100506,-2.781
20100507,-2.798
20100508,-2.806
20100509,-2.801
20100510,-2.812
20100511,-2.824
20100512,-2.69
20100513,-2.542
20100514,-2.567
20100515,-2.61
20100516,-2.665
20100517,-2.707
20100518,-2.735
20100519,-2.763
20100520,-2.789
20100521,-2.816
20100522,-2.832
20100523,-2.844
20100524,-2.867
20100525,-2.884
20100526,-2.89
20100527,-2.903
20100528,-2.927
20100529,-2.923
20100530,-2.941
20100531,-2.952
20100601,-2.95
20100602,-2.971
20100603,-2.978
20100604,-2.989
20100605,-3.002
20100606,-3.011
20100607,-3.031
20100608,-3.024
20100609,-3.031
20100610,-3.033
20100611,-3.04
20100612,-3.054
20100613,-3.049
20100614,-3.073
20100615,-3.085
20100616,-3.093
20100617,-3.101
20100618,-3.109
20100619,-3.121
20100620,-3.136
20100621,-3.14
20100622,-3.137
20100623,-3.144
20100624,-3.157
20100625,-3.17
20100626,-3.186
20100627,-3.197
20100628,-3.212
20100629,-3.221
20100630,-3.225
20100701,-3.232
20100702,-3.248
20100703,-3.271
20100704,-3.23
20100705,-3.257
20100706,-3.261
20100707,-3.26
20100708,-3.281
20100709,-3.285
20100710,-3.301
20100711,-3.151
20100712,-3.158
20100713,-3.106
20100714,-3.113
20100715,-3.102
20100716,-3.116
20100717,-3.134
20100718,-3.089
20100719,-3.106
20100720,-3.139
20100721,-3.185
20100722,-3.216
20100723,-3.235
20100724,-3.252
20100725,-3.249
20100726,-3.26
20100727,-3.263
20100728,-3.26
20100729,-3.237
20100730,-3.219
20100731,-3.224
20100801,-3.21
20100802,-3.216
20100803,-3.191
20100804,-3.203
20100805,-3.182
20100806,-3.187
20100807,-3.216
20100808,-3.221
20100809,-3.207
20100810,-3.226
20100811,-3.193
20100812,-3.153
20100813,-3.145
20100814,-3.153
20100815,-3.178
20100816,-3.176
20100817,-3.16
20100818,-3.125
20100819,-3.12
20100820,-3.127
20100821,-3.153
20100822,-3.158
20100823,-3.138
20100824,-3.149
20100825,-3.147
20100826,-3.151
20100827,-3.025
20100828,-2.916
20100829,-2.821
20100830,-2.304
20100831,-2.32
20100901,-2.378
20100902,-2.445
20100903,-2.487
20100904,-2.549
20100905,-2.604
20100906,-2.65
20100907,-2.708
20100908,-2.736
20100909,-2.775
20100910,-2.779
20100911,-2.788
20100912,-2.827
20100913,-2.838
20100914,-2.774
20100915,-2.513
20100916,-2.428
20100917,-2.463
20100918,-2.521
20100919,-2.561
20100920,-2.574
20100921,-2.558
20100922,-2.588
20100923,-2.633
20100924,-2.526
20100925,-2.437
20100926,-2.483
20100927,-2.533
20100928,-2.534
20100929,-2.565
20100930,-2.606
20101001,-2.637
20101002,-2.663
20101003,-2.649
20101004,-2.693
20101005,-2.73
20101006,-2.729
20101007,-2.754
20101008,-2.761
20101009,-2.772
20101010,-2.808
20101011,-2.827
20101012,-2.843
20101013,-2.857
20101014,-2.872
20101015,-2.867
20101016,-2.862
20101017,-2.862
20101018,-2.85
20101019,-2.786
20101020,-2.644
20101021,-2.491
20101022,-2.384
20101023,-2.417
20101024,-2.519
20101025,-2.557
20101026,-2.572
20101027,-2.581
20101028,-2.579
20101029,-2.566
20101030,-2.611
20101031,-2.635
20101101,-2.664
20101102,-2.653
20101103,-2.676
20101104,-2.654
20101105,-2.585
20101106,-2.455
20101107,-2.422
20101108,-2.45
20101109,-2.528
20101110,-2.584
20101111,-2.558
20101112,-2.489
20101113,-2.485
20101114,-2.462
20101115,-2.375
20101116,-2.394
20101117,-2.427
20101118,-2.477
20101119,-2.522
20101120,-2.544
20101121,-2.574
20101122,-2.598
20101123,-2.602
20101124,-2.59
20101125,-2.584
20101126,-2.603
20101127,-2.614
20101128,-2.644
20101129,-2.666
20101130,-2.683
20101201,-2.687
20101202,-2.708
20101203,-2.72
20101204,-2.723
20101205,-2.739
20101206,-2.751
20101207,-2.753
20101208,-2.76
20101209,-2.767
20101210,-2.66
20101211,-2.541
20101212,-2.484
20101213,-2.464
20101214,-2.514
20101215,-2.53
20101216,-2.495
20101217,-2.465
20101218,-2.5
20101219,-2.542
20101220,-2.589
20101221,-2.619
20101222,-2.65
20101223,-2.688
20101224,-2.719
20101225,-2.735
20101226,-2.738
20101227,-2.748
20101228,-2.771
20101229,-2.773
20101230,-2.785
20101231,-2.788
20110101,-2.768
20110102,-2.742
20110103,-2.729
20110104,-2.712
20110105,-2.715
20110106,-2.72
20110107,-2.657
20110108,-2.596
20110109,-2.588
20110110,-2.577
20110111,-2.563
20110112,-2.585
20110113,-2.553
20110114,-2.497
20110115,-2.373
20110116,-2.361
20110117,-2.394
20110118,-2.434
20110119,-2.458
20110120,-2.501
20110121,-2.523
20110122,-2.544
20110123,-2.574
20110124,-2.592
20110125,-2.586
20110126,-2.613
20110127,-2.63
20110128,-2.63
20110129,-2.646
20110130,-2.672
20110131,-2.692
20110201,-2.691
20110202,-2.701
20110203,-2.718
20110204,-2.699
20110205,-2.686
20110206,-2.694
20110207,-2.687
20110208,-2.735
20110209,-2.726
20110210,-2.729
20110211,-2.751
20110212,-2.732
20110213,-2.706
20110214,-2.702
20110215,-2.659
20110216,-2.665
20110217,-2.662
20110218,-2.678
20110219,-2.688
20110220,-2.716
20110221,-2.73
20110222,-2.749
20110223,-2.757
20110224,-2.783
20110225,-2.779
20110226,-2.751
20110227,-2.774
20110228,-2.729
20110301,-2.71
20110302,-2.7
20110303,-2.708
20110304,-2.717
20110305,-2.736
20110306,-2.767
20110307,-2.763
20110308,-2.761
20110309,-2.773
20110310,-2.769
20110311,-2.792
20110312,-2.772
20110313,-2.805
20110314,-2.824
20110315,-2.817
20110316,-2.806
20110317,-2.83
20110318,-2.837
20110319,-2.84
20110320,-2.839
20110321,-2.853
20110322,-2.859
20110323,-2.854
20110324,-2.851
20110325,-2.85
20110326,-2.865
20110327,-2.868
20110328,-2.885
20110329,-2.881
20110330,-2.873
20110331,-2.857
20110401,-2.885
20110402,-2.87
20110403,-2.902
20110404,-2.909
20110405,-2.883
20110406,-2.906
20110407,-2.916
20110408,-2.898
20110409,-2.917
20110410,-2.92
20110411,-2.911
20110412,-2.928
20110413,-2.922
20110414,-2.92
20110415,-2.932
20110416,-2.939
20110417,-2.946
20110418,-2.938
20110419,-2.949
20110420,-2.957
20110421,-2.959
20110422,-2.967
20110423,-2.974
20110424,-2.986
20110425,-2.989
20110426,-3.001
20110427,-3.0
20110428,-3.004
20110429,-3.005
20110430,-3.017
20110501,-3.026
20110502,-3.033
20110503,-3.037
20110504,-3.048
20110505,-3.043
20110506,-3.05
20110507,-3.059
20110508,-3.07
20110509,-3.099
20110510,-3.089
20110511,-3.096
20110512,-3.102
20110513,-3.11
20110514,-3.12
20110515,-3.125
20110516,-3.118
20110517,-3.097
20110518,-3.082
20110519,-3.104
20110520,-3.108
20110521,-3.128
20110522,-3.142
20110523,-3.129
20110524,-3.167
20110525,-3.151
20110526,-3.177
20110527,-3.17
20110528,-3.142
20110529,-3.117
20110530,-3.117
20110531,-3.168
20110601,-3.156
20110602,-3.17
20110603,-3.177
20110604,-3.178
20110605,-3.184
20110606,-3.182
20110607,-3.131
20110608,-3.127
20110609,-3.142
20110610,-3.152
20110611,-3.176
20110612,-3.166
20110613,-3.18
20110614,-3.185
20110615,-3.188
20110616,-3.186
20110617,-3.121
20110618,-3.133
20110619,-3.127
20110620,-3.076
20110621,-3.089
20110622,-3.091
20110623,-3.097
20110624,-3.05
20110625,-3.035
20110626,-3.037
20110627,-3.035
20110628,-3.084
20110629,-3.131
20110630,-3.109
20110701,-3.112
20110702,-3.106
20110703,-3.115
20110704,-3.111
20110705,-3.125
20110706,-3.151
20110707,-3.158
20110708,-3.183
20110709,-3.197
20110710,-3.186
20110711,-3.199
20110712,-3.21
20110713,-3.152
20110714,-3.04
20110715,-3.021
20110716,-2.975
20110717,-2.962
20110718,-2.926
20110719,-2.91
20110720,-2.928
20110721,-2.936
20110722,-2.958
20110723,-2.97
20110724,-2.95
20110725,-2.859
20110726,-2.814
20110727,-2.788
20110728,-2.806
20110729,-2.831
20110730,-2.848
20110731,-2.866
20110801,-2.894
20110802,-2.93
20110803,-2.962
20110804,-2.958
20110805,-2.906
20110806,-2.875
20110807,-2.882
20110808,-2.874
20110809,-2.875
20110810,-2.849
20110811,-2.813
20110812,-2.757
20110813,-2.729
20110814,-2.742
20110815,-2.78
20110816,-2.806
20110817,-2.855
20110818,-2.869
20110819,-2.902
20110820,-2.913
20110821,-2.923
20110822,-2.965
20110823,-2.969
20110824,-2.975
20110825,-2.952
20110826,-2.959
20110827,-2.958
20110828,-2.949
20110829,-2.928
20110830,-2.895
20110831,-2.904
20110901,-2.905
20110902,-2.911
20110903,-2.943
20110904,-2.978
20110905,-2.994
20110906,-2.98
20110907,-2.958
20110908,-2.792
20110909,-2.648
20110910,-2.642
20110911,-2.691
20110912,-2.71
20110913,-2.763
20110914,-2.809
20110915,-2.827
20110916,-2.826
20110917,-2.856
20110918,-2.846
20110919,-2.854
20110920,-2.863
20110921,-2.869
20110922,-2.89
20110923,-2.904
20110924,-2.92
20110925,-2.942
20110926,-2.965
20110927,-2.976
20110928,-2.965
20110929,-2.981
20110930,-2.997
20111001,-3.018
20111002,-3.025
20111003,-3.039
20111004,-3.054
20111005,-3.051
20111006,-3.02
20111007,-2.924
20111008,-2.757
20111009,-2.669
20111010,-2.621
20111011,-2.592
20111012,-2.576
20111013,-2.602
20111014,-2.641
20111015,-2.679
20111016,-2.717
20111017,-2.744
20111018,-2.728
20111019,-2.707
20111020,-2.687
20111021,-2.648
20111022,-2.666
20111023,-2.711
20111024,-2.729
20111025,-2.769
20111026,-2.797
20111027,-2.785
20111028,-2.82
20111029,-2.798
20111030,-2.809
20111031,-2.814
20111101,-2.809
20111102,-2.819
20111103,-2.806
20111104,-2.835
20111105,-2.842
20111106,-2.869
20111107,-2.857
20111108,-2.853
20111109,-2.862
20111110,-2.861
20111111,-2.859
20111112,-2.883
20111113,-2.881
20111114,-2.88
20111115,-2.879
20111116,-2.881
20111117,-2.892
20111118,-2.89
20111119,-2.893
20111120,-2.9
20111121,-2.902
20111122,-2.901
20111123,-2.899
20111124,-2.897
20111125,-2.895
20111126,-2.886
20111127,-2.893
20111128,-2.908
20111129,-2.888
20111130,-2.926
20111201,-2.902
20111202,-2.752
20111203,-2.666
20111204,-2.596
20111205,-2.521
20111206,-2.454
20111207,-2.415
20111208,-2.354
20111209,-2.346
20111210,-2.361
20111211,-2.381
20111212,-2.453
20111213,-2.438
20111214,-2.344
20111215,-2.368
20111216,-2.359
20111217,-2.356
20111218,-2.334
20111219,-2.341
20111220,-2.346
20111221,-2.335
20111222,-2.377
20111223,-2.374
20111224,-2.327
20111225,-2.304
20111226,-2.352
20111227,-2.397
20111228,-2.397
20111229,-2.44
20111230,-2.457
20111231,-2.426
20120101,-2.427
20120102,-2.222
20120103,-2.191
20120104,-2.209
20120105,-2.17
20120106,-2.246
20120107,-2.263
20120108,-2.283
20120109,-2.298
20120110,-2.322
20120111,-2.354
20120112,-2.357
20120113,-2.411
20120114,-2.429
20120115,-2.455
20120116,-2.485
20120117,-2.506
20120118,-2.512
20120119,-2.522
20120120,-2.533
20120121,-2.493
20120122,-2.436
20120123,-2.463
20120124,-2.469
20120125,-2.48
20120126,-2.485
20120127,-2.494
20120128,-2.524
20120129,-2.543
20120130,-2.556
20120131,-2.586
20120201,-2.611
20120202,-2.616
20120203,-2.621
20120204,-2.627
20120205,-2.638
20120206,-2.64
20120207,-2.649
20120208,-2.638
20120209,-2.628
20120210,-2.633
20120211,-2.625
20120212,-2.609
20120213,-2.588
20120214,-2.602
20120215,-2.59
20120216,-2.576
20120217,-2.558
20120218,-2.517
20120219,-2.547
20120220,-2.519
20120221,-2.52
20120222,-2.486
20120223,-2.511
20120224,-2.522
20120225,-2.552
20120226,-2.601
20120227,-2.605
20120228,-2.625
20120229,-2.646
20120301,-2.655
20120302,-2.667
20120303,-2.663
20120304,-2.674
20120305,-2.699
20120306,-2.711
20120307,-2.663
20120308,-2.652
20120309,-2.61
20120310,-2.625
20120311,-2.649
20120312,-2.669
20120313,-2.688
20120314,-2.692
20120315,-2.692
20120316,-2.704
20120317,-2.718
20120318,-2.743
20120319,-2.761
20120320,-2.756
20120321,-2.77
20120322,-2.769
20120323,-2.777
20120324,-2.795
20120325,-2.809
20120326,-2.809
20120327,-2.817
20120328,-2.808
20120329,-2.818
20120330,-2.822
20120331,-2.841
20120401,-2.824
20120402,-2.837
20120403,-2.843
20120404,-2.878
20120405,-2.867
20120406,-2.846
20120407,-2.881
20120408,-2.868
20120409,-2.864
20120410,-2.874
20120411,-2.873
20120412,-2.878
20120413,-2.874
20120414,-2.881
20120415,-2.904
20120416,-2.894
20120417,-2.841
20120418,-2.869
20120419,-2.894
20120420,-2.902
20120421,-2.898
20120422,-2.902
20120423,-2.894
20120424,-2.87
20120425,-2.765
20120426,-2.777
20120427,-2.784
20120428,-2.771
20120429,-2.728
20120430,-2.769
20120501,-2.784
20120502,-2.786
20120503,-2.797
20120504,-2.803
20120505,-2.835
20120506,-2.849
20120507,-2.863
20120508,-2.847
20120509,-2.818
20120510,-2.778
20120511,-2.76
20120512,-2.778
20120513,-2.759
20120514,-2.785
20120515,-2.807
20120516,-2.821
20120517,-2.8
20120518,-2.808
20120519,-2.833
20120520,-2.849
20120521,-2.871
20120522,-2.905
20120523,-2.919
20120524,-2.925
20120525,-2.935
20120526,-2.945
20120527,-2.962
20120528,-2.99
20120529,-3.001
20120530,-3.007
20120531,-2.998
20120601,-2.991
20120602,-2.995
20120603,-3.02
20120604,-3.023
20120605,-3.029
20120606,-3.02
20120607,-3.008
20120608,-3.02
20120609,-3.039
20120610,-3.03
20120611,-3.037
20120612,-2.918
20120613,-2.899
20120614,-2.912
20120615,-2.913
20120616,-2.925
20120617,-2.947
20120618,-2.952
20120619,-2.947
20120620,-2.971
20120621,-2.978
20120622,-2.967
20120623,-2.914
20120624,-2.868
20120625,-2.742
20120626,-2.731
20120627,-2.754
20120628,-2.749
20120629,-2.823
20120630,-2.873
20120701,-2.922
20120702,-2.932
20120703,-2.966
20120704,-2.989
20120705,-3.018
20120706,-2.981
20120707,-2.978
20120708,-3.003
20120709,-2.975
20120710,-2.958
20120711,-2.759
20120712,-2.532
20120713,-2.507
20120714,-2.519
20120715,-2.54
20120716,-2.553
20120717,-2.466
20120718,-2.402
20120719,-2.366
20120720,-2.378
20120721,-2.449
20120722,-2.509
20120723,-2.571
20120724,-2.637
20120725,-2.715
20120726,-2.77
20120727,-2.784
20120728,-2.843
20120729,-2.876
20120730,-2.83
20120731,-2.729
20120801,-2.675
20120802,-2.688
20120803,-2.641
20120804,-2.68
20120805,-2.709
20120806,-2.572
20120807,-2.509
20120808,-2.493
20120809,-2.561
20120810,-2.619
20120811,-2.681
20120812,-2.723
20120813,-2.787
20120814,-2.837
20120815,-2.867
20120816,-2.912
20120817,-2.925
20120818,-2.949
20120819,-2.976
20120820,-3.02
20120821,-3.016
20120822,-3.032
20120823,-3.044
20120824,-3.045
20120825,-3.054
20120826,-2.971
20120827,-2.868
20120828,-2.867
20120829,-2.851
20120830,-2.883
20120831,-2.828
20120901,-2.707
20120902,-2.71
20120903,-2.738
20120904,-2.769
20120905,-2.822
20120906,-2.855
20120907,-2.888
20120908,-2.909
20120909,-2.916
20120910,-2.959
20120911,-2.979
20120912,-2.987
20120913,-3.017
20120914,-3.006
20120915,-3.034
20120916,-3.037
20120917,-3.063
20120918,-3.07
20120919,-3.084
20120920,-3.083
20120921,-3.083
20120922,-3.063
20120923,-3.034
20120924,-3.028
20120925,-2.925
20120926,-2.869
20120927,-2.84
20120928,-2.817
20120929,-2.841
20120930,-2.851
20121001,-2.876
20121002,-2.884
20121003,-2.863
20121004,-2.676
20121005,-2.601
20121006,-2.445
20121007,-2.422
20121008,-2.475
20121009,-2.563
20121010,-2.626
20121011,-2.651
20121012,-2.696
20121013,-2.568
20121014,-2.518
20121015,-2.49
20121016,-2.502
20121017,-2.543
20121018,-2.599
20121019,-2.507
20121020,-2.491
20121021,-2.52
20121022,-2.57
20121023,-2.604
20121024,-2.631
20121025,-2.646
20121026,-2.666
20121027,-2.726
20121028,-2.714
20121029,-2.713
20121030,-2.523
20121031,-2.486
20121101,-2.513
20121102,-2.59
20121103,-2.55
20121104,-2.534
20121105,-2.45
20121106,-2.403
20121107,-2.395
20121108,-2.41
20121109,-2.449
20121110,-2.483
20121111,-2.554
20121112,-2.579
20121113,-2.587
20121114,-2.599
20121115,-2.618
20121116,-2.624
20121117,-2.638
20121118,-2.692
20121119,-2.669
20121120,-2.685
20121121,-2.679
20121122,-2.711
20121123,-2.727
20121124,-2.722
20121125,-2.671
20121126,-2.65
20121127,-2.687
20121128,-2.69
20121129,-2.714
20121130,-2.719
20121201,-2.688
20121202,-2.562
20121203,-2.43
20121204,-2.463
20121205,-2.445
20121206,-2.451
20121207,-2.467
20121208,-2.539
20121209,-2.503
20121210,-2.446
20121211,-2.385
20121212,-2.405
20121213,-2.368
20121214,-2.388
20121215,-2.383
20121216,-2.384
20121217,-2.368
20121218,-2.361
20121219,-2.385
20121220,-2.388
20121221,-2.459
20121222,-2.423
20121223,-2.306
20121224,-2.232
20121225,-2.261
20121226,-2.25
20121227,-2.248
20121228,-2.286
20121229,-2.305
20121230,-2.368
20121231,-2.374
20130101,-2.403
20130102,-2.389
20130103,-2.411
20130104,-2.423
20130105,-2.452
20130106,-2.474
20130107,-2.492
20130108,-2.512
20130109,-2.533
20130110,-2.434
20130111,-2.46
20130112,-2.486
20130113,-2.518
20130114,-2.523
20130115,-2.566
20130116,-2.592
20130117,-2.62
20130118,-2.615
20130119,-2.652
20130120,-2.667
20130121,-2.701
20130122,-2.72
20130123,-2.735
20130124,-2.754
20130125,-2.752
20130126,-2.75
20130127,-2.735
20130128,-2.707
20130129,-2.663
20130130,-2.558
20130131,-2.372
20130201,-2.342
20130202,-2.413
20130203,-2.375
20130204,-2.386
20130205,-2.354
20130206,-2.394
20130207,-2.433
20130208,-2.468
20130209,-2.487
20130210,-2.488
20130211,-2.529
20130212,-2.575
20130213,-2.593
20130214,-2.567
20130215,-2.633
20130216,-2.645
20130217,-2.637
20130218,-2.638
20130219,-2.65
20130220,-2.671
20130221,-2.67
20130222,-2.6913076923076917
20130223,-2.702
20130224,-2.7170000000000005
20130225,-2.732708333333333
20130226,-2.7394166666666657
20130227,-2.7415416666666665
20130228,-2.7467083333333338
20130301,-2.757000000000001
20130302,-2.760916666666667
20130303,-2.7722083333333334
20130304,-2.769833333333334
20130305,-2.7741249999999997
20130306,-2.779916666666667
20130307,-2.793625
20130308,-2.8015416666666666
20130309,-2.800916666666666
20130310,-2.7676666666666665
20130311,-2.760125000000001
20130312,-2.760458333333333
20130313,-2.7715
20130314,-2.790041666666667
20130315,-2.785458333333334
20130316,-2.780708333333333
20130317,-2.7850416666666664
20130318,-2.774125
20130319,-2.7607916666666665
20130320,-2.7675416666666663
20130321,-2.7808333333333337
20130322,-2.785625000000001
20130323,-2.800791666666667
20130324,-2.8129166666666663
20130325,-2.8190000000000004
20130326,-2.825041666666667
20130327,-2.82875
20130328,-2.8354583333333334
20130329,-2.83775
20130330,-2.8476250000000003
20130331,-2.8508750000000003
20130401,-2.856874999999999
20130402,-2.8648333333333333
20130403,-2.8735
20130404,-2.879041666666667
20130405,-2.881333333333334
20130406,-2.8877916666666668
20130407,-2.8823749999999997
20130408,-2.8905416666666675
20130409,-2.8925000000000005
20130410,-2.8835416666666664
20130411,-2.87275
20130412,-2.8694583333333328
20130413,-2.852791666666667
20130414,-2.827541666666667
20130415,-2.819041666666666
20130416,-2.810666666666666
20130417,-2.8061666666666665
20130418,-2.8017916666666665
20130419,-2.8200416666666666
20130420,-2.8307083333333334
20130421,-2.8289166666666667
20130422,-2.8297916666666665
20130423,-2.8403333333333336
20130424,-2.847958333333333
20130425,-2.8491250000000004
20130426,-2.850125
20130427,-2.8554999999999997
20130428,-2.8586666666666667
20130429,-2.858125
20130430,-2.870416666666667
20130501,-2.873624999999999
20130502,-2.880333333333334
20130503,-2.877500000000001
20130504,-2.8789166666666666
20130505,-2.8858333333333337
20130506,-2.8856666666666673
20130507,-2.8914166666666667
20130508,-2.887041666666667
20130509,-2.8863750000000006
20130510,-2.8871250000000006
20130511,-2.8899999999999992
20130512,-2.8867916666666673
20130513,-2.877333333333334
20130514,-2.8413333333333335
20130515,-2.832291666666667
20130516,-2.841583333333333
20130517,-2.813708333333333
20130518,-2.8117499999999995
20130519,-2.8244166666666666
20130520,-2.822791666666667
20130521,-2.671208333333333
20130522,-2.583625
20130523,-2.5944999999999996
20130524,-2.6380416666666666
20130525,-2.6696666666666666
20130526,-2.677166666666667
20130527,-2.6925000000000003
20130528,-2.719958333333334
20130529,-2.74325
20130530,-2.761833333333333
20130531,-2.7829166666666656
20130601,-2.801416666666667
20130602,-2.823833333333333
20130603,-2.8445
20130604,-2.8601250000000005
20130605,-2.881833333333334
20130606,-2.902333333333333
20130607,-2.920666666666667
20130608,-2.9312916666666666
20130609,-2.9401249999999988
20130610,-2.950875
20130611,-2.953333333333333
20130612,-2.9613750000000003
20130613,-2.9319583333333337
20130614,-2.9297500000000003
20130615,-2.9370833333333333
20130616,-2.950583333333334
20130617,-2.9680416666666676
20130618,-2.979041666666667
20130619,-2.9935416666666668
20130620,-2.9948333333333337
20130621,-2.6565833333333333
20130622,-2.4029166666666666
20130623,-2.389833333333334
20130624,-2.416458333333333
20130625,-2.4817500000000003
20130626,-2.5526666666666666
20130627,-2.607916666666666
20130628,-2.634833333333334
20130629,-2.6497499999999996
20130630,-2.67375
20130701,-2.707875
20130702,-2.7364166666666665
20130703,-2.768583333333334
20130704,-2.7955
20130705,-2.8283750000000007
20130706,-2.858791666666667
20130707,-2.888375
20130708,-2.9127083333333332
20130709,-2.933041666666666
20130710,-2.952083333333333
20130711,-2.9695833333333326
20130712,-2.985583333333333
20130713,-3.001208333333333
20130714,-3.0115833333333337
20130715,-3.024875000000001
20130716,-3.0402916666666666
20130717,-3.0601249999999998
20130718,-3.0780833333333333
20130719,-3.09275
20130720,-3.107416666666667
20130721,-3.1209166666666674
20130722,-3.137
20130723,-3.1565833333333333
20130724,-3.1729999999999996
20130725,-3.1858749999999993
20130726,-3.198916666666667
20130727,-3.2026250000000007
20130728,-3.199875
20130729,-3.2072083333333334
20130730,-3.214333333333333
20130731,-3.19
20130801,-3.187708333333333
20130802,-3.2156666666666673
20130803,-3.2307916666666663
20130804,-3.239916666666666
20130805,-3.25125
20130806,-3.2619166666666666
20130807,-3.264958333333334
20130808,-3.2083749999999998
20130809,-3.209875
20130810,-3.230458333333333
20130811,-3.2474166666666675
20130812,-3.262166666666667
20130813,-3.268125
20130814,-3.2724583333333332
20130815,-3.2731666666666666
20130816,-3.2757916666666653
20130817,-3.2804999999999995
20130818,-3.2857499999999997
20130819,-3.279124999999999
20130820,-3.245416666666666
20130821,-3.258500000000001
20130822,-3.2801666666666662
20130823,-3.292875
20130824,-3.2956249999999994
20130825,-3.3070416666666667
20130826,-3.3152499999999994
20130827,-3.323124999999999
20130828,-3.332875
20130829,-3.3328333333333333
20130830,-3.334458333333332
20130831,-3.3417916666666674
20130901,-3.345666666666667
20130902,-3.350750000000001
20130903,-3.3494166666666665
20130904,-3.3519166666666673
20130905,-3.354791666666667
20130906,-3.3654583333333328
20130907,-3.368458333333333
20130908,-3.3234583333333334
20130909,-3.264791666666667
20130910,-3.233916666666667
20130911,-3.2085000000000004
20130912,-3.180958333333334
20130913,-3.1683749999999993
20130914,-3.158541666666667
20130915,-3.120541666666666
20130916,-3.110416666666666
20130917,-3.087166666666667
20130918,-3.065958333333333
20130919,-3.0464583333333324
20130920,-3.039375
20130921,-3.0281249999999997
20130922,-3.0274583333333336
20130923,-3.027624999999999
20130924,-3.026375000000001
20130925,-3.0279166666666666
20130926,-3.0393749999999997
20130927,-3.0515833333333333
20130928,-3.0701666666666676
20130929,-3.0937916666666663
20130930,-3.1155833333333334
20131001,-3.137916666666666
20131002,-3.1538749999999998
20131003,-3.170375
20131004,-3.187041666666667
20131005,-3.1921666666666666
20131006,-3.186249999999999
20131007,-3.1825833333333335
20131008,-3.185583333333333
20131009,-3.1793333333333336
20131010,-3.182083333333333
20131011,-3.186291666666667
20131012,-3.1670416666666665
20131013,-3.1389166666666664
20131014,-3.130541666666666
20131015,-3.1142083333333326
20131016,-3.0904166666666657
20131017,-3.0800416666666663
20131018,-3.0805833333333332
20131019,-3.0789166666666676
20131020,-3.0721666666666674
20131021,-3.062666666666667
20131022,-3.0565
20131023,-3.061083333333333
20131024,-3.068458333333332
20131025,-3.0647500000000005
20131026,-3.0607500000000005
20131027,-3.0602916666666666
20131028,-3.048208333333333
20131029,-3.029666666666666
20131030,-3.0055416666666663
20131031,-2.974458333333334
20131101,-2.9573750000000008
20131102,-2.9324999999999997
20131103,-2.9055416666666667
20131104,-2.874166666666666
20131105,-2.8049166666666667
20131106,-2.756958333333333
20131107,-2.700208333333333
20131108,-2.658416666666667
20131109,-2.6445000000000003
20131110,-2.5242083333333336
20131111,-2.4497083333333336
20131112,-2.4879166666666666
20131113,-2.524083333333333
20131114,-2.549166666666667
20131115,-2.595833333333333
20131116,-2.6075416666666666
20131117,-2.6308333333333334
20131118,-2.640333333333334
20131119,-2.6612916666666666
20131120,-2.6631249999999995
20131121,-2.69125
20131122,-2.712333333333333
20131123,-2.7268749999999997
20131124,-2.7448333333333337
20131125,-2.753541666666667
20131126,-2.7557083333333328
20131127,-2.756166666666667
20131128,-2.7648333333333337
20131129,-2.747458333333333
20131130,-2.693875
20131201,-2.660083333333333
20131202,-2.6725833333333333
20131203,-2.673708333333334
20131204,-2.6913750000000003
20131205,-2.6754999999999995
20131206,-2.637541666666667
20131207,-2.6104583333333324
20131208,-2.6070416666666665
20131209,-2.6300416666666666
20131210,-2.6370416666666667
20131211,-2.651125
20131212,-2.6588750000000005
20131213,-2.668416666666666
20131214,-2.681541666666666
20131215,-2.6474166666666665
20131216,-2.6424166666666666
20131217,-2.6532500000000003
20131218,-2.6417499999999996
20131219,-2.6254583333333334
20131220,-2.635125000000001
20131221,-2.61675
20131222,-2.521333333333333
20131223,-2.4495
20131224,-2.401708333333333
20131225,-2.320125
20131226,-2.3284583333333333
20131227,-2.334333333333334
20131228,-2.3398750000000006
20131229,-2.3753333333333333
20131230,-2.4019166666666667
20131231,-2.4283749999999995
20140101,-2.4515
20140102,-2.473541666666667
20140103,-2.4979583333333335
20140104,-2.510916666666667
20140105,-2.527208333333333
20140106,-2.5025833333333334
20140107,-2.3540000000000005
20140108,-2.320041666666667
20140109,-2.30725
20140110,-2.2858749999999994
20140111,-2.313
20140112,-2.3356666666666666
20140113,-2.3630833333333334
20140114,-2.394875
20140115,-2.4236249999999995
20140116,-2.4154583333333335
20140117,-2.4076666666666657
20140118,-2.4205833333333326
20140119,-2.445833333333334
20140120,-2.4756249999999995
20140121,-2.494125
20140122,-2.4872083333333337
20140123,-2.4998333333333336
20140124,-2.5213749999999995
20140125,-2.532875
20140126,-2.4754583333333335
20140127,-2.329625
20140128,-2.3105833333333337
20140129,-2.361458333333333
20140130,-2.4109999999999996
20140131,-2.453291666666667
20140201,-2.4752916666666667
20140202,-2.5001666666666664
20140203,-2.5247916666666668
20140204,-2.5397499999999997
20140205,-2.5509166666666663
20140206,-2.569791666666667
20140207,-2.541
20140208,-2.4791666666666674
20140209,-2.455291666666667
20140210,-2.4841249999999993
20140211,-2.5
20140212,-2.5153333333333334
20140213,-2.527625
20140214,-2.551625
20140215,-2.530666666666666
20140216,-2.561625
20140217,-2.578541666666667
20140218,-2.5916250000000005
20140219,-2.6057916666666667
20140220,-2.6117916666666665
20140221,-2.6092083333333327
20140222,-2.6165416666666665
20140223,-2.629
20140224,-2.6423750000000004
20140225,-2.652624999999999
20140226,-2.6728749999999994
20140227,-2.6773333333333333
20140228,-2.688375
20140301,-2.701166666666667
20140302,-2.7067083333333346
20140303,-2.7119583333333335
20140304,-2.734666666666667
20140305,-2.754208333333334
20140306,-2.758083333333334
20140307,-2.7644583333333337
20140308,-2.776416666666666
20140309,-2.78375
20140310,-2.7980416666666668
20140311,-2.8131250000000008
20140312,-2.818583333333334
20140313,-2.822166666666666
20140314,-2.826
20140315,-2.83
20140316,-2.8338333333333328
20140317,-2.8396666666666666
20140318,-2.8419166666666666
20140319,-2.830166666666667
20140320,-2.8246250000000006
20140321,-2.7658750000000007
20140322,-2.667666666666667
20140323,-2.6785
20140324,-2.7008750000000012
20140325,-2.7198333333333338
20140326,-2.7358333333333333
20140327,-2.7536666666666663
20140328,-2.768333333333333
20140329,-2.7800833333333324
20140330,-2.791625
20140331,-2.802624999999999
20140401,-2.809708333333333
20140402,-2.822958333333333
20140403,-2.8328333333333338
20140404,-2.841333333333333
20140405,-2.8504166666666673
20140406,-2.850375
20140407,-2.8530833333333336
20140408,-2.8169583333333335
20140409,-2.79125
20140410,-2.789708333333333
20140411,-2.798583333333333
20140412,-2.808
20140413,-2.8227083333333334
20140414,-2.834875
20140415,-2.853249999999999
20140416,-2.860625
20140417,-2.859083333333333
20140418,-2.870416666666667
20140419,-2.88025
20140420,-2.8832500000000003
20140421,-2.8904166666666673
20140422,-2.895375
20140423,-2.905708333333333
20140424,-2.904625
20140425,-2.8973750000000007
20140426,-2.903916666666667
20140427,-2.905041666666667
20140428,-2.903666666666666
20140429,-2.9003333333333328
20140430,-2.897
20140501,-2.8980833333333336
20140502,-2.902708333333333
20140503,-2.910083333333333
20140504,-2.9095416666666662
20140505,-2.9130416666666665
20140506,-2.9174166666666665
20140507,-2.9235833333333336
20140508,-2.9248333333333325
20140509,-2.9016249999999997
20140510,-2.8644166666666657
20140511,-2.8089166666666663
20140512,-2.7594999999999996
20140513,-2.7544999999999997
20140514,-2.776
20140515,-2.802166666666667
20140516,-2.821083333333334
20140517,-2.839541666666667
20140518,-2.857666666666667
20140519,-2.879125
20140520,-2.902416666666666
20140521,-2.925875
20140522,-2.933291666666667
20140523,-2.9458749999999996
20140524,-2.945583333333333
20140525,-2.9588750000000004
20140526,-2.950708333333333
20140527,-2.5220000000000002
20140528,-2.4232083333333327
20140529,-2.3383333333333334
20140530,-2.392375
20140531,-2.4582916666666663
20140601,-2.5247916666666668
20140602,-2.5877916666666665
20140603,-2.6422916666666665
20140604,-2.678000000000001
20140605,-2.601875
20140606,-2.4646249999999994
20140607,-2.5189166666666667
20140608,-2.5952083333333333
20140609,-2.654124999999999
20140610,-2.7064583333333334
20140611,-2.7504166666666667
20140612,-2.7888333333333333
20140613,-2.819791666666667
20140614,-2.8480833333333337
20140615,-2.875208333333333
20140616,-2.8979166666666667
20140617,-2.920499999999999
20140618,-2.9381249999999994
20140619,-2.9490416666666666
20140620,-2.9641666666666677
20140621,-2.9771249999999996
20140622,-2.991541666666666
20140623,-3.0075833333333333
20140624,-3.019375
20140625,-3.0240833333333335
20140626,-3.034708333333334
20140627,-3.04525
20140628,-3.040125
20140629,-3.045624999999999
20140630,-3.0536250000000003
20140701,-3.060916666666666
20140702,-3.0702916666666664
20140703,-3.0769583333333337
20140704,-3.091833333333332
20140705,-3.104958333333333
20140706,-3.1154999999999995
20140707,-3.1218750000000006
20140708,-3.1355
20140709,-3.1349583333333335
20140710,-3.1351666666666667
20140711,-3.1490000000000005
20140712,-3.1627500000000004
20140713,-3.1722083333333337
20140714,-3.181458333333333
20140715,-3.185208333333333
20140716,-3.1937083333333334
20140717,-3.206458333333334
20140718,-3.222833333333334
20140719,-3.233625
20140720,-3.250125
20140721,-3.2628333333333335
20140722,-3.262416666666668
20140723,-3.2786666666666666
20140724,-3.2908333333333335
20140725,-3.2959166666666655
20140726,-3.2875833333333326
20140727,-3.297875000000001
20140728,-3.3015833333333333
20140729,-3.3056250000000014
20140730,-3.31125
20140731,-3.3169583333333326
20140801,-3.3270416666666662
20140802,-3.3353333333333333
20140803,-3.340666666666667
20140804,-3.349958333333333
20140805,-3.3575
20140806,-3.361
20140807,-3.370125000000001
20140808,-3.379875
20140809,-3.3690833333333323
20140810,-3.3634999999999997
20140811,-3.3042083333333334
20140812,-3.1820416666666667
20140813,-3.1165833333333333
20140814,-3.0883750000000005
20140815,-3.085291666666667
20140816,-3.090958333333333
20140817,-3.091833333333334
20140818,-3.0685416666666665
20140819,-3.0524166666666663
20140820,-3.034208333333334
20140821,-3.021208333333334
20140822,-3.012833333333335
20140823,-2.9985
20140824,-2.9882499999999994
20140825,-2.9834583333333327
20140826,-2.9899999999999998
20140827,-3.0096666666666674
20140828,-3.030041666666667
20140829,-3.047541666666667
20140830,-3.0644166666666663
20140831,-2.998083333333333
20140901,-2.8759999999999994
20140902,-2.839416666666667
20140903,-2.8325833333333335
20140904,-2.8519583333333327
20140905,-2.87825
20140906,-2.8953333333333333
20140907,-2.901583333333333
20140908,-2.919916666666666
20140909,-2.9410833333333337
20140910,-2.9586249999999996
20140911,-2.973458333333333
20140912,-2.991666666666667
20140913,-3.008833333333333
20140914,-3.01975
20140915,-3.028333333333333
20140916,-3.038583333333333
20140917,-3.0477272727272733
20150128,-2.3612
20150129,-2.2824999999999998
20150130,-2.2584999999999997
20150131,-2.2765
20150201,-2.316375
20150202,-2.3446249999999997
20150203,-2.350375
20150204,-2.380875
20150205,-2.415375
20150206,-2.44275
20150207,-2.461875
20150208,-2.484625
20150209,-2.4930000000000003
20150210,-2.5053750000000004
20150211,-2.5135
20150212,-2.525125
20150213,-2.53175
20150214,-2.560625
20150215,-2.589125
20150216,-2.5968750000000003
20150217,-2.62325
20150218,-2.6223750000000003
20150219,-2.6218750000000006
20150220,-2.6144999999999996
20150221,-2.4965
20150222,-2.416
20150223,-2.390875
20150224,-2.39725
20150225,-2.408875
20150226,-2.3222500000000004
20150227,-2.27725
20150228,-2.270125
20150301,-2.3151249999999997
20150302,-2.3819999999999997
20150303,-2.411375
20150304,-2.411875
20150305,-2.4229999999999996
20150306,-2.4385
20150307,-2.4545
20150308,-2.489375
20150309,-2.5156249999999996
20150310,-2.547125
20150311,-2.5642500000000004
20150312,-2.577
20150313,-2.601
20150314,-2.6245000000000003
20150315,-2.635375
20150316,-2.650875
20150317,-2.666
20150318,-2.68275
20150319,-2.695
20150320,-2.6946250000000003
20150321,-2.7095
20150322,-2.7121250000000003
20150323,-2.71325
20150324,-2.72425
20150325,-2.7180000000000004
20150326,-2.695625
20150327,-2.70775
20150328,-2.6769999999999996
20150329,-2.6465
20150330,-2.576625
20150331,-2.52675
20150401,-2.4967499999999996
20150402,-2.44325
20150403,-2.417875
20150404,-2.46425
20150405,-2.511
20150406,-2.54575
20150407,-2.569
20150408,-2.5949999999999998
20150409,-2.610625
20150410,-2.627125
20150411,-2.649375
20150412,-2.6664999999999996
20150413,-2.687875
20150414,-2.6895
20150415,-2.70725
20150416,-2.728125
20150417,-2.7451250000000003
20150418,-2.7532500000000004
20150419,-2.7621249999999997
20150420,-2.776375
20150421,-2.7832500000000002
20150422,-2.7840000000000003
20150423,-2.7903749999999996
20150424,-2.7939999999999996
20150425,-2.80325
20150426,-2.817125
20150427,-2.8289999999999997
20150428,-2.8305000000000002
20150429,-2.82875
20150430,-2.8361249999999996
20150501,-2.8475
20150502,-2.85325
20150503,-2.851
20150504,-2.8595000000000006
20150505,-2.8596250000000003
20150506,-2.8598749999999997
20150507,-2.87425
20150508,-2.8713749999999996
20150509,-2.8789999999999996
20150510,-2.8835
20150511,-2.881125
20150512,-2.894125
20150513,-2.90025
20150514,-2.90775
20150515,-2.91775
20150516,-2.9175
20150517,-2.918875
20150518,-2.917
20150519,-2.9313749999999996
20150520,-2.943625
20150521,-2.9505000000000003
20150522,-2.9539999999999997
20150523,-2.96775
20150524,-2.957875
20150525,-2.978
20150526,-2.9896249999999998
20150527,-2.988875
20150528,-2.99975
20150529,-3.001375
20150530,-3.016625
20150531,-3.014
20150601,-3.02175
20150602,-3.01875
20150603,-3.04275
20150604,-3.0439999999999996
20150605,-3.0507500000000003
20150606,-3.0717499999999998
20150607,-3.0848750000000003
20150608,-3.0965000000000003
20150609,-3.1081250000000002
20150610,-3.116125
20150611,-3.1198749999999995
20150612,-3.12725
20150613,-3.1385
20150614,-3.154375
20150615,-3.1599999999999997
20150616,-3.165
20150617,-3.162
20150618,-3.1751249999999995
20150619,-3.181125
20150620,-3.1839999999999997
20150621,-3.181625
20150622,-3.18375
20150623,-3.1950000000000003
20150624,-3.19
20150625,-3.19825
20150626,-3.20175
20150627,-3.2131250000000002
20150628,-3.211375
20150629,-3.221
20150630,-3.2260000000000004
20150701,-3.2337499999999997
20150702,-3.2532500000000004
20150703,-3.253875
20150704,-3.2584999999999997
20150705,-3.2417499999999992
20150706,-3.188125
20150707,-3.18275
20150708,-3.19675
20150709,-3.210375
20150710,-3.2188749999999997
20150711,-3.246375
20150712,-3.2631250000000005
20150713,-3.252375
20150714,-3.2339999999999995
20150715,-3.21375
20150716,-3.1977500000000005
20150717,-3.20625
20150718,-3.2419999999999995
20150719,-3.248
20150720,-3.245
20150721,-3.2601249999999995
20150722,-3.26925
20150723,-3.28025
20150724,-3.281125
20150725,-3.29325
20150726,-3.2655
20150727,-3.205125
20150728,-3.0672499999999996
20150729,-3.027625
20150730,-2.9978749999999996
20150731,-2.9835000000000003
20150801,-2.9899999999999998
20150802,-3.005375
20150803,-3.0285
20150804,-3.0564999999999998
20150805,-3.046375
20150806,-3.0646250000000004
20150807,-3.0901250000000005
20150808,-3.10975
20150809,-3.1185
20150810,-3.1328750000000003
20150811,-3.1432499999999997
20150812,-3.149
20150813,-3.1572500000000003
20150814,-3.17475
20150815,-3.192625
20150816,-3.1932499999999995
20150817,-3.069875
20150818,-2.9645
20150819,-2.9365
20150820,-2.9299999999999997
20150821,-2.9476250000000004
20150822,-2.9739999999999998
20150823,-3.0062499999999996
20150824,-3.0351250000000003
20150825,-3.03775
20150826,-3.0205
20150827,-2.8920000000000003
20150828,-2.80925
20150829,-2.7790000000000004
20150830,-2.79275
20150831,-2.74575
20150901,-2.615125
20150902,-2.60875
20150903,-2.6272500000000005
20150904,-2.5485
20150905,-2.4288749999999997
20150906,-2.4331249999999995
20150907,-2.4764999999999997
20150908,-2.5123749999999996
20150909,-2.5518750000000003
20150910,-2.60275
20150911,-2.6445
20150912,-2.6737499999999996
20150913,-2.697625
20150914,-2.71625
20150915,-2.730875
20150916,-2.720375
20150917,-2.7036249999999997
20150918,-2.675375
20150919,-2.69825
20150920,-2.713125
20150921,-2.713625
20150922,-2.7233750000000003
20150923,-2.751125
20150924,-2.7551249999999996
20150925,-2.7325
20150926,-2.7525000000000004
20150927,-2.7675
20150928,-2.776125
20150929,-2.7864999999999998
20150930,-2.8042499999999997
20151001,-2.8168750000000005
20151002,-2.8219999999999996
20151003,-2.826125
20151004,-2.8397499999999996
20151005,-2.837
20151006,-2.846375
20151007,-2.839375
20151008,-2.8341250000000002
20151009,-2.82175
20151010,-2.8240000000000003
20151011,-2.85
20151012,-2.86875
20151013,-2.886875
20151014,-2.893875
20151015,-2.88925
20151016,-2.8640000000000003
20151017,-2.813875
20151018,-2.78375
20151019,-2.7664999999999997
20151020,-2.7672499999999998
20151021,-2.76075
20151022,-2.7772500000000004
20151023,-2.7908749999999998
20151024,-2.809875
20151025,-2.839625
20151026,-2.8441250000000005
20151027,-2.84575
20151028,-2.8422500000000004
20151029,-2.84975
20151030,-2.8575
20151031,-2.8659999999999997
20151101,-2.871375
20151102,-2.8609999999999998
20151103,-2.8535
20151104,-2.858875
20151105,-2.86825
20151106,-2.858
20151107,-2.81725
20151108,-2.786625
20151109,-2.76975
20151110,-2.7563750000000002
20151111,-2.7338750000000003
20151112,-2.7325000000000004
20151113,-2.7296250000000004
20151114,-2.7020000000000004
20151115,-2.574125
20151116,-2.405625
20151117,-2.3718749999999997
20151118,-2.354375
20151119,-2.318375
20151120,-2.3036250000000003
20151121,-2.31525
20151122,-2.3028750000000002
20151123,-2.3265000000000002
20151124,-2.3456249999999996
20151125,-2.3598749999999997
20151126,-2.379875
20151127,-2.392375
20151128,-2.4035
20151129,-2.359
20151130,-2.337625
20151201,-2.278125
20151202,-2.29125
20151203,-2.3242499999999997
20151204,-2.376875
20151205,-2.39975
20151206,-2.4463749999999997
20151207,-2.48325
20151208,-2.499625
20151209,-2.521875
20151210,-2.5175
20151211,-2.5313749999999997
20151212,-2.5244999999999997
20151213,-2.38425
20151214,-2.344375
20151215,-2.39275
20151216,-2.42925
20151217,-2.44175
20151218,-2.464125
20151219,-2.4835
20151220,-2.505125
20151221,-2.530875
20151222,-2.53125
20151223,-2.5339999999999994
20151224,-2.5272499999999996
20151225,-2.54975
20151226,-2.55575
20151227,-2.5736250000000003
20151228,-2.575875
20151229,-2.587125
20151230,-2.586375
20151231,-2.607625
20160101,-2.623625
20160102,-2.6242499999999995
20160103,-2.621625
20160104,-2.629875
20160105,-2.646125
20160106,-2.65725
20160107,-2.6298749999999993
20160108,-2.4888749999999997
20160109,-2.437875
20160110,-2.4621250000000003
20160111,-2.4935
20160112,-2.5261250000000004
20160113,-2.444875
20160114,-2.356
20160115,-2.3354999999999997
20160116,-2.342625
20160117,-2.344125
20160118,-2.368
20160119,-2.4163750000000004
20160120,-2.4701250000000003
20160121,-2.494875
20160122,-2.5008749999999997
20160123,-2.506125
20160124,-2.492
20160125,-2.4775
20160126,-2.487
20160127,-2.4763749999999995
20160128,-2.46425
20160129,-2.45125
20160130,-2.39875
20160131,-2.3256249999999996
20160201,-2.350625
20160202,-2.376125
20160203,-2.427125
20160204,-2.464
20160205,-2.4775
20160206,-2.4865
20160207,-2.511375
20160208,-2.5203750000000005
20160209,-2.5178749999999996
20160210,-2.445125
20160211,-2.388375
20160212,-2.3996250000000003
20160213,-2.427
20160214,-2.476
20160215,-2.426375
20160216,-2.421875
20160217,-2.4342499999999996
20160218,-2.48325
20160219,-2.512625
20160220,-2.5246249999999995
20160221,-2.5068750000000004
20160222,-2.4492499999999997
20160223,-2.4391249999999998
20160224,-2.4582500000000005
20160225,-2.4868750000000004
20160226,-2.5142499999999997
20160227,-2.5484999999999998
20160228,-2.5737500000000004
20160229,-2.5869999999999997
20160301,-2.5675000000000003
20160302,-2.5392499999999996
20160303,-2.457
20160304,-2.354625
20160305,-2.31725
20160306,-2.34075
20160307,-2.380875
20160308,-2.4155
20160309,-2.44575
20160310,-2.49825
20160311,-2.52825
20160312,-2.5585
20160313,-2.583625
20160314,-2.6016250000000003
20160315,-2.617625
20160316,-2.6369999999999996
20160317,-2.64725
20160318,-2.66025
20160319,-2.6715
20160320,-2.6832499999999997
20160321,-2.6879999999999997
20160322,-2.696375
20160323,-2.7056250000000004
20160324,-2.708
20160325,-2.7033749999999994
20160326,-2.670125
20160327,-2.667625
20160328,-2.647125
20160329,-2.673125
20160330,-2.6430000000000002
20160331,-2.63825
20160401,-2.6399999999999997
20160402,-2.652375
20160403,-2.6654999999999998
20160404,-2.6072500000000005
20160405,-2.5260000000000002
20160406,-2.493375
20160407,-2.48125
20160408,-2.467625
20160409,-2.4705
20160410,-2.5115
20160411,-2.54375
20160412,-2.5713749999999997
20160413,-2.47725
20160414,-2.498875
20160415,-2.5171249999999996
20160416,-2.53075
20160417,-2.5563749999999996
20160418,-2.567375
20160419,-2.5963749999999997
20160420,-2.61425
20160421,-2.628375
20160422,-2.646375
20160423,-2.665125
20160424,-2.6818750000000002
20160425,-2.598125
20160426,-2.452625
20160427,-2.4223749999999997
20160428,-2.4035
20160429,-2.394625
20160430,-2.41025
20160501,-2.448625
20160502,-2.4778749999999996
20160503,-2.519875
20160504,-2.54625
20160505,-2.57
20160506,-2.593875
20160507,-2.6252500000000003
20160508,-2.6596249999999997
20160509,-2.6895
20160510,-2.7133750000000005
20160511,-2.738625
20160512,-2.763
20160513,-2.78775
20160514,-2.7961249999999995
20160515,-2.803375
20160516,-2.811
20160517,-2.819
20160518,-2.8268750000000002
20160519,-2.8488749999999996
20160520,-2.85325
20160521,-2.8533749999999998
20160522,-2.872
20160523,-2.84575
20160524,-2.7844999999999995
20160525,-2.788625
20160526,-2.8052500000000005
20160527,-2.82825
20160528,-2.848
20160529,-2.87275
20160530,-2.8884999999999996
20160531,-2.89975
20160601,-2.913125
20160602,-2.9227499999999997
20160603,-2.897
20160604,-2.86125
20160605,-2.89875
20160606,-2.9179999999999997
20160607,-2.935125
20160608,-2.9474999999999993
20160609,-2.9564999999999997
20160610,-2.9671250000000002
20160611,-2.978875
20160612,-2.9765
20160613,-2.8655
20160614,-2.736125
20160615,-2.620125
20160616,-2.531375
20160617,-2.499
20160618,-2.4805
20160619,-2.5153749999999997
20160620,-2.5068749999999995
20160621,-2.38775
20160622,-2.408875
20160623,-2.441875
20160624,-2.474375
20160625,-2.5212499999999998
20160626,-2.556
20160627,-2.59175
20160628,-2.5752500000000005
20160629,-2.41
20160630,-2.41
20160701,-2.298625
20160702,-2.2929999999999997
20160703,-2.34175
20160704,-2.4045
20160705,-2.4745
20160706,-2.5374999999999996
20160707,-2.591875
20160708,-2.6332500000000003
20160709,-2.660875
20160710,-2.68425
20160711,-2.7256250000000004
20160712,-2.7576249999999995
20160713,-2.78475
20160714,-2.805625
20160715,-2.820875
20160716,-2.8390000000000004
20160717,-2.849125
20160718,-2.8743749999999997
20160719,-2.8899999999999997
20160720,-2.9324000000000003
20160721,-2.9542499999999996
20160722,-2.97625
20160723,-2.9905
20160724,-3.00325
20160725,-3.018
20160726,-3.0297500000000004
20160727,-3.04225
20160728,-3.03875
20160729,-3.0200000000000005
20160730,-3.024875
20160731,-3.0182499999999997
20160801,-2.98275
20160802,-2.9642500000000003
20160803,-2.956875
20160804,-2.9490000000000003
20160805,-2.9576249999999997
20160806,-2.9723749999999995
20160807,-2.989875
20160808,-3.0088749999999997
20160809,-3.0323749999999996
20160810,-3.03125
20160811,-3.019125
20160812,-2.9395
20160813,-2.9114999999999998
20160814,-2.9151249999999997
20160815,-2.93625
20160816,-2.9592500000000004
20160817,-2.9845
20160818,-3.0185000000000004
20160819,-3.0412500000000002
20160820,-3.05525
20160821,-3.0648750000000002
20160822,-3.0635
20160823,-3.053125
20160824,-3.0684999999999993
20160825,-3.085375
20160826,-3.1033749999999998
20160827,-3.116125
20160828,-3.1096250000000003
20160829,-3.11825
20160830,-3.1265000000000005
20160831,-3.136375
20160901,-3.144875
20160902,-3.1491249999999997
20160903,-3.154375
20160904,-3.13
20160905,-3.122
20160906,-3.1281249999999994
20160907,-3.14425
20160908,-3.16275
20160909,-3.1675
20160910,-3.1763749999999997
20160911,-3.1862500000000002
20160912,-3.1927499999999998
20160913,-3.2017500000000005
20160914,-3.212875
20160915,-3.2251250000000002
20160916,-3.231125
20160917,-3.237875
20160918,-3.241
20160919,-3.244
20160920,-3.24675
20160921,-3.250875
20160922,-3.254625
20160923,-3.2621249999999993
20160924,-3.2633749999999995
20160925,-3.271
20160926,-3.2788749999999998
20160927,-3.28025
20160928,-3.2855
20160929,-3.283375
20160930,-3.2651249999999994
20161001,-3.2658750000000003
20161002,-3.2399999999999998
20161003,-3.2290000000000005
20161004,-3.2296250000000004
20161005,-3.2485
20161006,-3.2565000000000004
20161007,-3.2612500000000004
20161008,-3.2638750000000005
20161009,-3.2575000000000003
20161010,-3.244875
20161011,-3.242
20161012,-3.2441250000000004
20161013,-3.25475
20161014,-3.26075
20161015,-3.2605
20161016,-3.25225
20161017,-3.264125
20161018,-3.2536249999999995
20161019,-3.2267500000000005
20161020,-3.20275
20161021,-3.1786249999999994
20161022,-3.14925
20161023,-3.13525
20161024,-3.1286249999999995
20161025,-3.1245000000000003
20161026,-3.12375
20161027,-3.121
20161028,-3.122375
20161029,-3.1242499999999995
20161030,-3.121375
20161031,-3.117375
20161101,-3.112875
20161102,-3.10975
20161103,-3.1045000000000003
20161104,-3.0930000000000004
20161105,-3.0885
20161106,-3.082
20161107,-3.0805
20161108,-3.0672500000000005
20161109,-3.0593749999999997
20161110,-3.0562500000000004
20161111,-3.0545
20161112,-3.04625
20161113,-3.0435
20161114,-3.0408749999999998
20161115,-3.037375
20161116,-3.0246250000000003
20161117,-3.011875
20161118,-3.000125
20161119,-2.9955000000000003
20161120,-2.9795000000000003
20161121,-2.9727499999999996
20161122,-2.9590000000000005
20161123,-2.9562500000000003
20161124,-2.950625
20161125,-2.94275
20161126,-2.9332499999999997
20161127,-2.9338750000000005
20161128,-2.9315
20161129,-2.92575
20161130,-2.9247499999999995
20161201,-2.9236250000000004
20161202,-2.9236249999999995
20161203,-2.9224999999999994
20161204,-2.9212499999999997
20161205,-2.926125
20161206,-2.9219999999999997
20161207,-2.9167499999999995
20161208,-2.917
20161209,-2.9152500000000003
20161210,-2.910875
20161211,-2.87625
20161212,-2.823
20161213,-2.7925
20161214,-2.7821249999999997
20161215,-2.7735
20161216,-2.775
20161217,-2.7827500000000005
20161218,-2.793125
20161219,-2.7962499999999997
20161220,-2.7981249999999998
20161221,-2.8025
20161222,-2.801625
20161223,-2.7972499999999996
20161224,-2.801125
20161225,-2.80125
20161226,-2.804125
20161227,-2.8139999999999996
20161228,-2.817375
20161229,-2.81875
20161230,-2.823125
20161231,-2.8202499999999997
20170101,-2.8161250000000004
20170102,-2.8345000000000002
20170103,-2.8278750000000006
20170104,-2.825125
20170105,-2.8259999999999996
20170106,-2.8221249999999998
20170107,-2.8217499999999998
20170108,-2.817125
20170109,-2.7995
20170110,-2.7654999999999994
20170111,-2.7355000000000005
20170112,-2.7185
20170113,-2.643125
20170114,-2.5612500000000002
20170115,-2.515125
20170116,-2.526875
20170117,-2.5637499999999998
20170118,-2.596875
20170119,-2.6266249999999998
20170120,-2.652625
20170121,-2.672
20170122,-2.6864999999999997
20170123,-2.6987500000000004
20170124,-2.71425
20170125,-2.726
20170126,-2.7325
20170127,-2.73725
20170128,-2.7458750000000003
20170129,-2.75675
20170130,-2.73725
20170131,-2.6952500000000006
20170201,-2.6854999999999998
20170202,-2.6925
20170203,-2.704375
20170204,-2.7163750000000007
20170205,-2.6858750000000002
20170206,-2.6611249999999997
20170207,-2.664625
20170208,-2.692125
20170209,-2.709625
20170210,-2.7223750000000004
20170211,-2.7388749999999997
20170212,-2.7527500000000003
20170213,-2.764125
20170214,-2.770375
20170215,-2.77575
20170216,-2.77875
20170217,-2.7850000000000006
20170218,-2.784375
20170219,-2.7861249999999997
20170220,-2.785
20170221,-2.7822499999999994
20170222,-2.7515
20170223,-2.653
20170224,-2.523875
20170225,-2.483
20170226,-2.4598750000000003
20170227,-2.432125
20170228,-2.40025
20170301,-2.4035
20170302,-2.3727500000000004
20170303,-2.3355
20170304,-2.3655
20170305,-2.33275
20170306,-2.344375
20170307,-2.3965000000000005
20170308,-2.433875
20170309,-2.458125
20170310,-2.482625
20170311,-2.50225
20170312,-2.530125
20170313,-2.5592500000000005
20170314,-2.5780000000000003
20170315,-2.602125
20170316,-2.612625
20170317,-2.6237500000000002
20170318,-2.562875
20170319,-2.550125
20170320,-2.5263750000000003
20170321,-2.491125
20170322,-2.513
20170323,-2.556
20170324,-2.5905
20170325,-2.612375
20170326,-2.6303749999999995
20170327,-2.6481250000000003
20170328,-2.65875
20170329,-2.672
20170330,-2.6825
20170331,-2.6907500000000004
20170401,-2.7032499999999997
20170402,-2.720375
20170403,-2.729375
20170404,-2.7378750000000003
20170405,-2.7483750000000002
20170406,-2.7572500000000004
20170407,-2.7640000000000002
20170408,-2.7731250000000003
20170409,-2.7766249999999997
20170410,-2.7878750000000005
20170411,-2.794
20170412,-2.7913749999999995
20170413,-2.7904999999999998
20170414,-2.7981249999999998
20170415,-2.79825
20170416,-2.80725
20170417,-2.814375
20170418,-2.8222500000000004
20170419,-2.830375
20170420,-2.829375
20170421,-2.8341249999999993
20170422,-2.8394999999999997
20170423,-2.840625
20170424,-2.8363750000000003
20170425,-2.827
20170426,-2.8432500000000003
20170427,-2.845125
20170428,-2.851125
20170429,-2.8579999999999997
20170430,-2.854875
20170501,-2.8660000000000005
20170502,-2.8770000000000002
20170503,-2.8825
20170504,-2.887625
20170505,-2.8892499999999997
20170506,-2.8907499999999997
20170507,-2.8988749999999994
20170508,-2.905875
20170509,-2.9065000000000003
20170510,-2.9094999999999995
20170511,-2.91625
20170512,-2.9197499999999996
20170513,-2.9191249999999997
20170514,-2.9205
20170515,-2.9234999999999998
20170516,-2.9288749999999997
20170517,-2.938125
20170518,-2.948875
20170519,-2.9483750000000004
20170520,-2.9550000000000005
20170521,-2.96525
20170522,-2.977625
20170523,-2.9920000000000004
20170524,-3.0039999999999996
20170525,-3.0144999999999995
20170526,-3.0248750000000006
20170527,-3.0361249999999997
20170528,-3.05525
20170529,-3.0721249999999998
20170530,-3.080375
20170531,-3.095
20170601,-3.106
20170602,-3.1161250000000003
20170603,-3.1238750000000004
20170604,-3.1386249999999993
20170605,-3.148625
20170606,-3.1525
20170607,-3.158
20170608,-3.151875
20170609,-3.14325
20170610,-3.12275
20170611,-3.137625
20170612,-3.1574999999999998
20170613,-3.169625
20170614,-3.1788749999999997
20170615,-3.1854999999999998
20170616,-3.198125
20170617,-3.2063750000000004
20170618,-3.2125
20170619,-3.2178750000000003
20170620,-3.2331250000000002
20170621,-3.2413749999999997
20170622,-3.250875
20170623,-3.262125
20170624,-3.26375
20170625,-3.2596249999999998
20170626,-3.2127499999999998
20170627,-3.2190000000000003
20170628,-3.1373749999999996
20170629,-2.968375
20170630,-2.9059999999999997
20170701,-2.849125
20170702,-2.81625
20170703,-2.819875
20170704,-2.8418750000000004
20170705,-2.87175
20170706,-2.8979999999999997
20170707,-2.9273749999999996
20170708,-2.939375
20170709,-2.9631250000000002
20170710,-2.989375
20170711,-3.008125
20170712,-3.00125
20170713,-3.02875
20170714,-3.0338749999999997
20170715,-3.0202499999999994
20170716,-3.0295
20170717,-3.0343750000000003
20170718,-3.057
20170719,-3.0688750000000002
20170720,-3.084
20170721,-3.0841250000000002
20170722,-3.098625
20170723,-3.1029999999999998
20170724,-3.05975
20170725,-3.0425
20170726,-3.0239999999999996
20170727,-3.0367499999999996
20170728,-3.051125
20170729,-3.071625
20170730,-3.0467500000000003
20170731,-3.0386249999999997
20170801,-3.05125
20170802,-3.0669999999999993
20170803,-3.0847499999999997
20170804,-3.1020000000000003
20170805,-3.114
20170806,-3.1237500000000002
20170807,-3.137375
20170808,-3.1495
20170809,-3.157
20170810,-3.168625
20170811,-3.1710000000000003
20170812,-3.1723749999999997
20170813,-3.1758749999999996
20170814,-3.1868749999999997
20170815,-3.1985
20170816,-3.208375
20170817,-3.213875
20170818,-3.2065
20170819,-3.2132500000000004
20170820,-3.215
20170821,-3.2202500000000005
20170822,-3.232125
20170823,-3.2406249999999996
20170824,-3.2513750000000003
20170825,-3.26175
20170826,-3.2708749999999998
20170827,-3.277375
20170828,-3.2865
20170829,-3.2949999999999995
20170830,-3.266125
20170831,-3.1853750000000005
20170901,-3.1614999999999998
20170902,-3.15725
20170903,-3.155875
20170904,-3.1731249999999998
20170905,-3.1907500000000004
20170906,-3.188625
20170907,-3.17825
20170908,-3.0975
20170909,-2.9320000000000004
20170910,-2.8221249999999998
20170911,-2.7795
20170912,-2.722875
20170913,-2.591375
20170914,-2.512875
20170915,-2.4686250000000003
20170916,-2.423
20170917,-2.318125
20170918,-2.33825
20170919,-2.362375
20170920,-2.400375
20170921,-2.455
20170922,-2.507875
20170923,-2.548125
20170924,-2.584875
20170925,-2.616875
20170926,-2.637875
20170927,-2.6572500000000003
20170928,-2.6773750000000005
20170929,-2.6945
20170930,-2.6871249999999995
20171001,-2.6713750000000003
20171002,-2.6961249999999994
20171003,-2.7246250000000005
20171004,-2.741125
20171005,-2.733625
20171006,-2.6965
20171007,-2.6579999999999995
20171008,-2.6053750000000004
20171009,-2.6208750000000003
20171010,-2.6378749999999997
20171011,-2.656875
20171012,-2.694
20171013,-2.7171250000000002
20171014,-2.73875
20171015,-2.7521249999999995
20171016,-2.7718749999999996
20171017,-2.78925
20171018,-2.7981249999999998
20171019,-2.80375
20171020,-2.8078750000000006
20171021,-2.7087499999999998
20171022,-2.659
20171023,-2.579875
20171024,-2.5665
20171025,-2.5573750000000004
20171026,-2.58725
20171027,-2.63325
20171028,-2.6571249999999997
20171029,-2.694
20171030,-2.73775
20171031,-2.746125
20171101,-2.7468749999999997
20171102,-2.760375
20171103,-2.76675
20171104,-2.76925
20171105,-2.78075
20171106,-2.7655000000000003
20171107,-2.75075
20171108,-2.7648749999999995
20171109,-2.7657499999999997
20171110,-2.76375
20171111,-2.7127499999999998
20171112,-2.6559999999999997
20171113,-2.570625
20171114,-2.535375
20171115,-2.536125
20171116,-2.54675
20171117,-2.5741250000000004
20171118,-2.57225
20171119,-2.554625
20171120,-2.52975
20171121,-2.445125
20171122,-2.3465000000000003
20171123,-2.3539999999999996
20171124,-2.389375
20171125,-2.4255
20171126,-2.4638750000000003
20171127,-2.439375
20171128,-2.40625
20171129,-2.41925
20171130,-2.4557500000000005
20171201,-2.4986249999999997
20171202,-2.527375
20171203,-2.5495
20171204,-2.56025
20171205,-2.561125
20171206,-2.5660000000000003
20171207,-2.56175
20171208,-2.5025
20171209,-2.4059999999999997
20171210,-2.36325
20171211,-2.3996249999999995
20171212,-2.34325
20171213,-2.2912500000000002
20171214,-2.2725
20171215,-2.291625
20171216,-2.3369999999999997
20171217,-2.3695000000000004
20171218,-2.384375
20171219,-2.399875
20171220,-2.430875
20171221,-2.457125
20171222,-2.4738750000000005
20171223,-2.48875
20171224,-2.4992500000000004
20171225,-2.51325
20171226,-2.5324999999999998
20171227,-2.552375
20171228,-2.518875
20171229,-2.4301250000000003
20171230,-2.3786250000000004
20171231,-2.32575
20180101,-2.2738750000000003
20180102,-2.3038749999999997
20180103,-2.21025
20180104,-2.2060000000000004
20180105,-2.2497499999999997
20180106,-2.281
20180107,-2.31925
20180108,-2.349875
20180109,-2.38275
20180110,-2.4233749999999996
20180111,-2.4682500000000003
20180112,-2.498
20180113,-2.5164999999999997
20180114,-2.536
20180115,-2.53025
20180116,-2.466375
20180117,-2.44775
20180118,-2.384875
20180119,-2.317125
20180120,-2.3114999999999997
20180121,-2.346625
20180122,-2.3775
20180123,-2.4136249999999997
20180124,-2.394
20180125,-2.325
20180126,-2.3482500000000006
20180127,-2.3874999999999997
20180128,-2.4251250000000004
20180129,-2.436125
20180130,-2.402875
20180131,-2.39375
20180201,-2.3967500000000004
20180202,-2.4201250000000005
20180203,-2.42525
20180204,-2.445625
20180205,-2.467625
20180206,-2.485125
20180207,-2.51175
20180208,-2.5355
20180209,-2.5586249999999997
20180210,-2.580375
20180211,-2.5786249999999997
20180212,-2.59475
20180213,-2.59825
20180214,-2.6054999999999997
20180215,-2.613625
20180216,-2.629625
20180217,-2.637625
20180218,-2.641375
20180219,-2.6523749999999997
20180220,-2.669875
20180221,-2.682
20180222,-2.6911250000000004
20180223,-2.7011249999999998
20180224,-2.712875
20180225,-2.7168750000000004
20180226,-2.716
20180227,-2.7073750000000003
20180228,-2.70575
20180301,-2.6945
20180302,-2.69125
20180303,-2.68975
20180304,-2.682375
20180305,-2.6721250000000003
20180306,-2.6826250000000003
20180307,-2.693875
20180308,-2.6945
20180309,-2.6956249999999997
20180310,-2.6793750000000003
20180311,-2.6697499999999996
20180312,-2.67725
20180313,-2.6987500000000004
20180314,-2.701125
20180315,-2.706875
20180316,-2.7290000000000005
20180317,-2.744875
20180318,-2.7545
20180319,-2.7651250000000003
20180320,-2.7764999999999995
20180321,-2.779375
20180322,-2.7726249999999992
20180323,-2.7685
20180324,-2.7812500000000004
20180325,-2.7909999999999995
20180326,-2.794625
20180327,-2.79275
20180328,-2.7792499999999998
20180329,-2.700625
20180330,-2.6763749999999993
20180331,-2.6651249999999997
20180401,-2.67575
20180402,-2.672125
20180403,-2.66075
20180404,-2.5544999999999995
20180405,-2.357375
20180406,-2.3502500000000004
20180407,-2.393625
20180408,-2.451625
20180409,-2.4985
20180410,-2.534375
20180411,-2.570125
20180412,-2.594875
20180413,-2.622375
20180414,-2.644875
20180415,-2.655625
20180416,-2.667375
20180417,-2.6805
20180418,-2.6980000000000004
20180419,-2.7089999999999996
20180420,-2.7224999999999997
20180421,-2.73975
20180422,-2.748
20180423,-2.7647500000000003
20180424,-2.77375
20180425,-2.76525
20180426,-2.7765000000000004
20180427,-2.787375
20180428,-2.798
20180429,-2.8011250000000003
20180430,-2.6956249999999997
20180501,-2.673375
20180502,-2.675
20180503,-2.703125
20180504,-2.7273750000000003
20180505,-2.7483750000000002
20180506,-2.7685
20180507,-2.7905
20180508,-2.811
20180509,-2.8323750000000003
20180510,-2.845125
20180511,-2.8515
20180512,-2.8638749999999997
20180513,-2.8727500000000004
20180514,-2.835625
20180515,-2.8633750000000004
20180516,-2.88825
20180517,-2.89475
20180518,-2.900125
20180519,-2.904625
20180520,-2.9154999999999998
20180521,-2.931125
20180522,-2.951625
20180523,-2.968125
20180524,-2.9819999999999998
20180525,-2.9970000000000003
20180526,-3.0158750000000003
20180527,-3.0336250000000002
20180528,-3.0527499999999996
20180529,-3.07
20180530,-3.056375
20180531,-2.9795000000000003
20180601,-2.86975
20180602,-2.8406249999999997
20180603,-2.824875
20180604,-2.832
20180605,-2.848375
20180606,-2.8828750000000003
20180607,-2.9231249999999998
20180608,-2.957125
20180609,-2.97425
20180610,-2.991
20180611,-3.0078749999999994
20180612,-3.023125
20180613,-3.0369999999999995
20180614,-3.04925
20180615,-3.067875
20180616,-3.0817499999999995
20180617,-3.095625
20180618,-3.105125
20180619,-3.109375
20180620,-3.1192499999999996
20180621,-3.129125
20180622,-3.1407499999999997
20180623,-3.14775
20180624,-3.1551250000000004
20180625,-3.16075
20180626,-3.1704999999999997
20180627,-3.18025
20180628,-3.1913750000000003
20180629,-3.2025000000000006
20180630,-3.211125
20180701,-3.224625
20180702,-3.24125
20180703,-3.2555000000000005
20180704,-3.2653750000000006
20180705,-3.27275
20180706,-3.2821250000000006
20180707,-3.289375
20180708,-3.2995
20180709,-3.3074999999999997
20180710,-3.310375
20180711,-3.3206249999999997
20180712,-3.3297499999999998
20180713,-3.33625
20180714,-3.3437500000000004
20180715,-3.3517500000000005
20180716,-3.3622500000000004
20180717,-3.369
20180718,-3.378
20180719,-3.3884999999999996
20180720,-3.39625
20180721,-3.402625
20180722,-3.4059999999999997
20180723,-3.40925
20180724,-3.41575
20180725,-3.4231249999999998
20180726,-3.428
20180727,-3.4336249999999997
20180728,-3.431
20180729,-3.4241249999999996
20180730,-3.43575
20180731,-3.44175
20180801,-3.4447500000000004
20180802,-3.44925
20180803,-3.455625
20180804,-3.4606250000000003
20180805,-3.46125
20180806,-3.4640000000000004
20180807,-3.467625
20180808,-3.4655
20180809,-3.4007499999999995
20180810,-3.2225
20180811,-3.176875
20180812,-3.1618749999999998
20180813,-3.1614999999999998
20180814,-3.1285000000000003
20180815,-3.1277499999999994
20180816,-3.1315
20180817,-3.1415
20180818,-3.1491249999999997
20180819,-3.157375
20180820,-3.167
20180821,-3.17725
20180822,-3.1956249999999997
20180823,-3.2060000000000004
20180824,-3.194
20180825,-3.1814999999999998
20180826,-3.1742500000000002
20180827,-3.174375
20180828,-3.175375
20180829,-3.180875
20180830,-3.187875
20180831,-3.1990000000000003
20180901,-3.21525
20180902,-3.2292499999999995
20180903,-3.23975
20180904,-3.24625
20180905,-3.255
20180906,-3.2590000000000003
20180907,-3.2484999999999995
20180908,-3.2392499999999997
20180909,-3.251375
20180910,-3.263375
20180911,-3.2653749999999997
20180912,-3.2609999999999997
20180913,-3.257125
20180914,-3.262249999999999
20180915,-3.262625
20180916,-3.268625
20180917,-3.2779999999999996
20180918,-3.281
