4335
2
date,-9999
head_nap,-9999.0
20031216,-2.227
20031217,-2.254
20031218,-2.299
20031219,-2.361
20031220,-2.404
20031221,-2.274
20031222,-2.232
20031223,-2.222
20031224,-2.21
20031225,-2.224
20031226,-2.263
20031227,-2.312
20031228,-2.26
20031229,-2.152
20031230,-2.17
20031231,-2.2
20040101,-2.212
20040102,-2.263
20040103,-2.307
20040104,-2.36
20040105,-2.355
20040106,-2.269
20040107,-2.198
20040108,-2.194
20040109,-2.206
20040110,-2.229
20040111,-2.171
20040112,-2.116
20040113,-2.113
20040114,-2.118
20040115,-2.14
20040116,-2.091
20040117,-2.094
20040118,-2.106
20040119,-2.07
20040120,-2.037
20040121,-2.062
20040122,-2.08
20040123,-2.113
20040124,-2.129
20040125,-2.146
20040126,-2.164
20040127,-2.179
20040128,-2.193
20040129,-2.211
20040130,-2.114
20040131,-2.086
20040201,-1.956
20040202,-1.951
20040203,-1.959
20040204,-1.967
20040205,-1.986
20040206,-1.996
20040207,-1.955
20040208,-1.959
20040209,-1.958
20040210,-1.969
20040211,-1.946
20040212,-1.959
20040213,-1.979
20040214,-1.999
20040215,-2.026
20040216,-2.051
20040217,-2.085
20040218,-2.121
20040219,-2.145
20040220,-2.171
20040221,-2.196
20040222,-2.215
20040223,-2.248
20040224,-2.265
20040225,-2.261
20040226,-2.279
20040227,-2.292
20040228,-2.318
20040229,-2.366
20040301,-2.395
20040302,-2.425
20040303,-2.445
20040304,-2.475
20040305,-2.495
20040306,-2.516
20040307,-2.552
20040308,-2.576
20040309,-2.593
20040310,-2.601
20040311,-2.608
20040312,-2.616
20040313,-2.62
20040314,-2.644
20040315,-2.65
20040316,-2.66
20040317,-2.66
20040318,-2.67
20040319,-2.652
20040320,-2.524
20040321,-2.545
20040322,-2.534
20040323,-2.561
20040324,-2.576
20040325,-2.591
20040326,-2.618
20040327,-2.633
20040328,-2.645
20040329,-2.674
20040330,-2.684
20040331,-2.692
20040401,-2.703
20040402,-2.718
20040403,-2.723
20040404,-2.703
20040405,-2.68
20040406,-2.595
20040407,-2.6
20040408,-2.535
20040409,-2.519
20040410,-2.519
20040411,-2.551
20040412,-2.576
20040413,-2.611
20040414,-2.625
20040415,-2.641
20040416,-2.655
20040417,-2.681
20040418,-2.688
20040419,-2.741
20040420,-2.761
20040421,-2.785
20040422,-2.8
20040423,-2.831
20040424,-2.841
20040425,-2.86
20040426,-2.867
20040427,-2.889
20040428,-2.914
20040429,-2.897
20040430,-2.935
20040501,-2.958
20040502,-2.964
20040503,-2.968
20040625,-2.941
20040626,-2.931
20040627,-2.934
20040628,-2.962
20040718,-2.907
20040719,-2.86
20040720,-2.859
20040721,-2.867
20040722,-2.9
20040723,-2.957
20040726,-2.962
20040814,-2.928
20040815,-2.883
20040816,-2.84
20040817,-2.843
20040818,-2.832
20040819,-2.859
20040820,-2.843
20040821,-2.798
20040822,-2.828
20040823,-2.842
20040824,-2.806
20040825,-2.741
20040826,-2.717
20040827,-2.673
20040828,-2.631
20040829,-2.659
20040830,-2.633
20040831,-2.594
20040901,-2.609
20040902,-2.652
20040903,-2.704
20040904,-2.755
20040905,-2.756
20040906,-2.788
20040907,-2.835
20040908,-2.866
20040909,-2.9
20040910,-2.948
20040911,-2.968
20040912,-2.929
20040913,-2.966
20040914,-2.956
20040915,-2.966
20040923,-2.969
20040924,-2.911
20040925,-2.879
20040926,-2.854
20040927,-2.879
20040928,-2.868
20040929,-2.816
20040930,-2.818
20041001,-2.791
20041002,-2.781
20041003,-2.741
20041004,-2.746
20041005,-2.746
20041006,-2.766
20041007,-2.781
20041008,-2.8
20041009,-2.814
20041010,-2.831
20041011,-2.858
20041012,-2.887
20041013,-2.9
20041014,-2.907
20041015,-2.93
20041016,-2.941
20041017,-2.942
20041018,-2.906
20041019,-2.884
20041020,-2.876
20041021,-2.864
20041022,-2.874
20041023,-2.857
20041024,-2.659
20041025,-2.646
20041026,-2.664
20041027,-2.677
20041028,-2.691
20041029,-2.706
20041030,-2.618
20041031,-2.636
20041101,-2.635
20041102,-2.662
20041103,-2.673
20041104,-2.659
20041105,-2.684
20041106,-2.688
20041107,-2.716
20041108,-2.71
20041109,-2.718
20041110,-2.653
20041111,-2.641
20041112,-2.624
20041113,-2.591
20041114,-2.566
20041115,-2.563
20041116,-2.593
20041117,-2.527
20041118,-2.527
20041119,-2.428
20041120,-2.323
20041121,-2.265
20041122,-2.249
20041123,-2.254
20041124,-2.269
20041125,-2.306
20041126,-2.35
20041127,-2.347
20041128,-2.369
20041129,-2.421
20041130,-2.453
20041201,-2.493
20041202,-2.512
20041203,-2.543
20041204,-2.563
20041205,-2.587
20041206,-2.604
20041207,-2.618
20041208,-2.649
20041209,-2.645
20041210,-2.664
20041211,-2.678
20041212,-2.695
20041213,-2.699
20041214,-2.699
20041215,-2.718
20041216,-2.685
20041217,-2.699
20041218,-2.691
20041219,-2.534
20041220,-2.535
20041221,-2.567
20041222,-2.564
20041223,-2.53
20041224,-2.54
20041225,-2.491
20041226,-2.546
20041227,-2.562
20041228,-2.576
20041229,-2.561
20041230,-2.464
20041231,-2.445
20050101,-2.406
20050102,-2.439
20050103,-2.469
20050104,-2.493
20050105,-2.505
20050106,-2.514
20050107,-2.498
20050108,-2.452
20050109,-2.526
20050110,-2.547
20050111,-2.518
20050112,-2.473
20050113,-2.54
20050114,-2.562
20050115,-2.574
20050116,-2.607
20050117,-2.602
20050118,-2.499
20050119,-2.485
20050120,-2.481
20050121,-2.476
20050122,-2.486
20050123,-2.512
20050124,-2.492
20050125,-2.496
20050126,-2.521
20050127,-2.536
20050128,-2.569
20050129,-2.582
20050130,-2.607
20050131,-2.568
20050201,-2.531
20050202,-2.535
20050203,-2.557
20050204,-2.577
20050205,-2.59
20050206,-2.628
20050207,-2.644
20050208,-2.663
20050209,-2.678
20050210,-2.483
20050211,-2.551
20050212,-2.316
20050213,-2.223
20050214,-2.204
20050215,-2.192
20050216,-2.207
20050217,-2.24
20050218,-2.26
20050219,-2.276
20050220,-2.287
20050221,-2.266
20050222,-2.282
20050223,-2.326
20050224,-2.359
20050225,-2.372
20050226,-2.387
20050227,-2.429
20050228,-2.448
20050301,-2.475
20050302,-2.524
20050303,-2.555
20050304,-2.541
20050305,-2.601
20050306,-2.61
20050307,-2.59
20050308,-2.451
20050309,-2.198
20050310,-2.158
20050311,-2.154
20050312,-2.157
20050313,-2.172
20050314,-2.197
20050315,-2.227
20050316,-2.245
20050317,-2.3
20050318,-2.361
20050319,-2.419
20050320,-2.47
20050321,-2.495
20050322,-2.529
20050323,-2.575
20050324,-2.598
20050325,-2.61
20050326,-2.62
20050327,-2.654
20050328,-2.657
20050329,-2.6
20050330,-2.606
20050331,-2.626
20050401,-2.639
20050402,-2.637
20050403,-2.676
20050404,-2.682
20050405,-2.683
20050406,-2.675
20050407,-2.673
20050408,-2.717
20050409,-2.714
20050410,-2.72
20050411,-2.733
20050412,-2.725
20050413,-2.729
20050414,-2.7
20050415,-2.715
20050416,-2.735
20050417,-2.754
20050418,-2.755
20050419,-2.769
20050420,-2.743
20050421,-2.764
20050422,-2.773
20050423,-2.787
20050424,-2.798
20050425,-2.828
20050426,-2.838
20050427,-2.808
20050428,-2.823
20050429,-2.784
20050430,-2.795
20050501,-2.841
20050502,-2.829
20050503,-2.85
20050504,-2.874
20050505,-2.875
20050506,-2.857
20050507,-2.86
20050508,-2.809
20050509,-2.812
20050510,-2.805
20050511,-2.827
20050512,-2.848
20050513,-2.872
20050514,-2.88
20050515,-2.823
20050516,-2.817
20050517,-2.837
20050518,-2.858
20050519,-2.863
20050520,-2.862
20050521,-2.886
20050522,-2.905
20050523,-2.925
20050524,-2.924
20050525,-2.939
20050526,-2.939
20050527,-2.956
20050531,-2.966
20050604,-2.892
20050605,-2.916
20050606,-2.923
20050607,-2.949
20050608,-2.968
20050613,-2.966
20050701,-2.969
20050702,-2.947
20050703,-2.955
20050705,-2.949
20050706,-2.932
20050707,-2.93
20050708,-2.938
20050709,-2.909
20050710,-2.956
20050730,-2.924
20050731,-2.871
20050801,-2.789
20050802,-2.425
20050803,-2.435
20050804,-2.845
20050805,-2.846
20050806,-2.778
20050807,-2.775
20050808,-2.751
20050809,-2.76
20050810,-2.752
20050811,-2.76
20050812,-2.792
20050813,-2.844
20050814,-2.821
20050815,-2.808
20050816,-2.824
20050817,-2.862
20050818,-2.901
20050819,-2.939
20050820,-2.943
20050821,-2.948
20050822,-2.945
20050823,-2.955
20050824,-2.964
20050825,-2.922
20050826,-2.871
20050827,-2.867
20050828,-2.889
20050829,-2.938
20050830,-2.947
20050831,-2.967
20050930,-2.948
20051001,-2.891
20051002,-2.884
20051003,-2.883
20051004,-2.899
20051005,-2.921
20051006,-2.929
20051007,-2.929
20051008,-2.949
20051009,-2.952
20051010,-2.957
20051025,-2.853
20051026,-2.798
20051027,-2.784
20051028,-2.8
20051029,-2.824
20051030,-2.832
20051031,-2.847
20051101,-2.864
20051102,-2.861
20051103,-2.817
20051104,-2.837
20051105,-2.851
20051106,-2.864
20051107,-2.862
20051108,-2.844
20051109,-2.866
20051110,-2.864
20051111,-2.814
20051112,-2.8
20051113,-2.834
20051114,-2.824
20051115,-2.775
20051116,-2.74
20051117,-2.667
20051118,-2.516
20051119,-2.525
20051120,-2.57
20051121,-2.622
20051122,-2.644
20051123,-2.666
20051124,-2.639
20051125,-2.533
20051126,-2.577
20051127,-2.612
20051128,-2.64
20051129,-2.664
20051130,-2.678
20051201,-2.682
20051202,-2.692
20051203,-2.718
20051204,-2.735
20051205,-2.664
20051206,-2.614
20051207,-2.625
20051208,-2.648
20051209,-2.682
20051210,-2.689
20051211,-2.711
20051212,-2.737
20051213,-2.74
20051214,-2.76
20051215,-2.75
20051216,-2.673
20051217,-2.703
20051218,-2.662
20051219,-2.574
20051220,-2.576
20051221,-2.608
20051222,-2.625
20051223,-2.575
20051224,-2.595
20051225,-2.651
20051226,-2.646
20051227,-2.678
20051228,-2.691
20051229,-2.698
20051230,-2.698
20051231,-2.692
20060101,-2.608
20060102,-2.635
20060103,-2.641
20060104,-2.678
20060105,-2.691
20060106,-2.724
20060107,-2.74
20060108,-2.76
20060109,-2.768
20060110,-2.762
20060111,-2.75
20060112,-2.786
20060113,-2.766
20060114,-2.785
20060115,-2.782
20060116,-2.789
20060117,-2.774
20060118,-2.803
20060119,-2.774
20060120,-2.672
20060121,-2.628
20060122,-2.674
20060123,-2.682
20060124,-2.707
20060125,-2.735
20060126,-2.776
20060127,-2.778
20060128,-2.803
20060129,-2.816
20060130,-2.823
20060131,-2.817
20060201,-2.816
20060202,-2.823
20060203,-2.825
20060204,-2.837
20060205,-2.838
20060206,-2.824
20060207,-2.816
20060208,-2.765
20060209,-2.774
20060210,-2.772
20060211,-2.757
20060212,-2.759
20060213,-2.761
20060214,-2.759
20060215,-2.69
20060216,-2.627
20060217,-2.597
20060218,-2.611
20060219,-2.636
20060220,-2.694
20060221,-2.717
20060222,-2.736
20060223,-2.741
20060224,-2.776
20060225,-2.781
20060226,-2.81
20060227,-2.796
20060228,-2.775
20060301,-2.769
20060302,-2.757
20060303,-2.745
20060304,-2.721
20060305,-2.738
20060306,-2.708
20060307,-2.656
20060308,-2.635
20060309,-2.598
20060310,-2.544
20060311,-2.574
20060312,-2.617
20060313,-2.639
20060314,-2.667
20060315,-2.704
20060316,-2.725
20060317,-2.735
20060318,-2.751
20060319,-2.767
20060320,-2.779
20060321,-2.793
20060322,-2.802
20060323,-2.811
20060324,-2.805
20060325,-2.827
20060326,-2.763
20060327,-2.676
20060328,-2.683
20060329,-2.716
20060330,-2.579
20060331,-2.594
20060401,-2.598
20060402,-2.585
20060403,-2.569
20060404,-2.583
20060405,-2.612
20060406,-2.639
20060407,-2.654
20060408,-2.604
20060409,-2.635
20060410,-2.666
20060411,-2.668
20060412,-2.66
20060413,-2.655
20060414,-2.689
20060415,-2.689
20060416,-2.698
20060417,-2.721
20060418,-2.724
20060419,-2.732
20060420,-2.748
20060421,-2.766
20060422,-2.772
20060423,-2.791
20060424,-2.795
20060425,-2.801
20060426,-2.82
20060427,-2.836
20060428,-2.83
20060429,-2.846
20060430,-2.854
20060501,-2.843
20060502,-2.856
20060503,-2.87
20060504,-2.876
20060505,-2.896
20060506,-2.911
20060507,-2.93
20060508,-2.942
20060509,-2.962
20060520,-2.922
20060521,-2.94
20060522,-2.948
20060524,-2.968
20060525,-2.962
20060526,-2.95
20060527,-2.938
20060528,-2.957
20060529,-2.966
20060530,-2.959
20060802,-3.307
20060803,-3.284
20060804,-3.254
20060805,-3.274
20060806,-3.303
20060807,-3.302
20060808,-3.287
20060809,-3.284
20060810,-3.263
20060811,-3.233
20060812,-3.232
20060813,-3.254
20060814,-3.225
20060815,-3.186
20060816,-3.186
20060817,-3.211
20060818,-3.219
20060819,-3.227
20060820,-3.214
20060821,-3.134
20060822,-3.113
20060823,-3.091
20060824,-3.136
20060825,-3.096
20060826,-3.117
20060827,-3.132
20060828,-3.073
20060829,-3.032
20060830,-2.998
20060831,-2.971
20060901,-2.954
20060902,-2.961
20060903,-2.961
20060904,-2.962
20060905,-2.962
20060906,-2.972
20060907,-3.0
20060908,-3.039
20060909,-3.042
20060910,-3.057
20060911,-3.093
20060912,-3.109
20060913,-3.135
20060914,-3.16
20060915,-3.178
20060916,-3.188
20060917,-3.182
20060918,-3.158
20060919,-3.161
20060920,-3.166
20060921,-3.186
20060922,-3.226
20060923,-3.232
20060924,-3.218
20060925,-3.215
20060926,-3.218
20060927,-3.185
20060928,-3.195
20060929,-3.198
20060930,-3.223
20061001,-3.212
20061002,-3.17
20061003,-3.108
20061004,-3.116
20061005,-3.093
20061006,-3.017
20061007,-3.009
20061008,-2.984
20061009,-2.977
20061010,-2.996
20061011,-2.99
20061012,-3.032
20061013,-3.024
20061014,-3.032
20061015,-3.041
20061016,-3.041
20061017,-3.052
20061018,-3.055
20061019,-3.054
20061020,-3.053
20061021,-3.072
20061022,-3.068
20061023,-3.04
20061024,-2.883
20061025,-2.815
20061026,-2.801
20061027,-2.838
20061028,-2.819
20061029,-2.851
20061030,-2.849
20061031,-2.866
20061101,-2.893
20061102,-2.842
20061103,-2.792
20061104,-2.776
20061105,-2.798
20061106,-2.82
20061107,-2.836
20061108,-2.852
20061109,-2.892
20061110,-2.877
20061111,-2.824
20061112,-2.782
20061113,-2.749
20061114,-2.765
20061115,-2.719
20061116,-2.709
20061117,-2.648
20061118,-2.703
20061119,-2.707
20061120,-2.72
20061121,-2.643
20061122,-2.635
20061123,-2.534
20061124,-2.55
20061125,-2.576
20061126,-2.642
20061127,-2.669
20061128,-2.688
20061129,-2.733
20061130,-2.735
20061201,-2.747
20061202,-2.725
20061203,-2.633
20061204,-2.641
20061205,-2.587
20061206,-2.648
20061207,-2.545
20061208,-2.45
20061209,-2.508
20061210,-2.554
20061211,-2.574
20061212,-2.59
20061213,-2.613
20061214,-2.642
20061215,-2.662
20061216,-2.709
20061217,-2.71
20061218,-2.695
20061219,-2.703
20061220,-2.718
20061221,-2.742
20061222,-2.757
20061223,-2.767
20061224,-2.783
20061225,-2.801
20061226,-2.801
20061227,-2.819
20061228,-2.822
20061229,-2.823
20061230,-2.838
20061231,-2.795
20070101,-2.74
20070102,-2.68
20070103,-2.619
20070104,-2.578
20070105,-2.608
20070106,-2.61
20070107,-2.494
20070108,-2.472
20070109,-2.454
20070110,-2.515
20070111,-2.426
20070112,-2.37
20070113,-2.472
20070114,-2.563
20070115,-2.599
20070116,-2.633
20070117,-2.6
20070118,-2.336
20070119,-2.249
20070120,-2.307
20070121,-2.425
20070122,-2.477
20070123,-2.495
20070124,-2.566
20070125,-2.618
20070126,-2.619
20070127,-2.643
20070128,-2.62
20070129,-2.656
20070130,-2.67
20070131,-2.666
20070201,-2.689
20070202,-2.689
20070203,-2.706
20070204,-2.704
20070205,-2.715
20070206,-2.716
20070207,-2.732
20070208,-2.723
20070209,-2.794
20070210,-2.765
20070211,-2.718
20070212,-2.532
20070213,-2.462
20070214,-2.463
20070215,-2.46
20070216,-2.513
20070217,-2.577
20070218,-2.649
20070219,-2.667
20070220,-2.686
20070221,-2.683
20070222,-2.679
20070223,-2.679
20070224,-2.667
20070225,-2.632
20070226,-2.474
20070227,-2.492
20070228,-2.4
20070301,-2.358
20070302,-2.368
20070303,-2.451
20070304,-2.464
20070305,-2.473
20070306,-2.459
20070307,-2.266
20070308,-2.368
20070309,-2.448
20070310,-2.507
20070311,-2.56
20070312,-2.589
20070313,-2.638
20070314,-2.663
20070315,-2.667
20070316,-2.693
20070317,-2.703
20070318,-2.583
20070319,-2.624
20070320,-2.654
20070321,-2.644
20070322,-2.668
20070323,-2.699
20070324,-2.708
20070325,-2.74
20070326,-2.738
20070327,-2.747
20070328,-2.768
20070329,-2.79
20070330,-2.794
20070331,-2.816
20070401,-2.834
20070402,-2.832
20070403,-2.841
20070404,-2.858
20070405,-2.869
20070406,-2.884
20070407,-2.892
20070408,-2.892
20070409,-2.898
20070410,-2.921
20070411,-2.917
20070412,-2.923
20070413,-2.929
20070414,-2.937
20070415,-2.943
20070416,-2.959
20070417,-2.969
20070418,-2.971
20070419,-2.962
20070420,-2.992
20070421,-2.988
20070422,-2.995
20070423,-3.005
20070424,-3.011
20070425,-3.02
20070426,-3.041
20070427,-3.06
20070428,-3.069
20070429,-3.08
20070430,-3.094
20070501,-3.104
20070502,-3.116
20070503,-3.113
20070504,-3.136
20070505,-3.141
20070506,-3.13
20070507,-3.111
20070508,-3.105
20070509,-3.121
20070510,-3.108
20070511,-3.105
20070512,-3.049
20070513,-3.035
20070514,-3.07
20070515,-3.044
20070516,-3.057
20070517,-3.036
20070518,-3.027
20070519,-3.072
20070520,-3.095
20070521,-3.1
20070522,-3.112
20070523,-3.11
20070524,-3.136
20070525,-3.153
20070526,-3.153
20070527,-3.124
20070528,-3.118
20070529,-3.098
20070530,-3.102
20070531,-3.113
20070601,-3.112
20070602,-3.151
20070603,-3.144
20070604,-3.156
20070605,-3.166
20070606,-3.156
20070607,-3.167
20070608,-3.195
20070609,-3.209
20070610,-3.185
20070611,-3.216
20070612,-3.21
20070613,-3.208
20070614,-3.204
20070615,-3.186
20070616,-3.155
20070617,-3.08
20070618,-2.995
20070619,-2.96
20070620,-2.985
20070621,-3.003
20070622,-2.995
20070623,-3.008
20070624,-2.95
20070625,-2.929
20070626,-2.878
20070627,-2.803
20070628,-2.818
20070629,-2.818
20070630,-2.81
20070701,-2.752
20070702,-2.651
20070703,-2.65
20070704,-2.587
20070705,-2.569
20070706,-2.587
20070707,-2.554
20070708,-2.627
20070709,-2.68
20070710,-2.725
20070711,-2.756
20070712,-2.774
20070713,-2.8
20070714,-2.872
20070715,-2.906
20070716,-2.835
20070717,-2.62
20070718,-2.658
20070719,-2.716
20070720,-2.765
20070721,-2.739
20070722,-2.744
20070723,-2.766
20070724,-2.705
20070725,-2.662
20070726,-2.685
20070727,-2.768
20070728,-2.811
20070729,-2.832
20070730,-2.864
20070731,-2.886
20070801,-2.907
20070802,-2.947
20070803,-2.982
20070804,-2.993
20070805,-3.017
20070806,-3.067
20070807,-3.063
20070808,-3.059
20070809,-3.066
20070810,-3.066
20070811,-3.085
20070812,-3.09
20070813,-3.106
20070814,-3.107
20070815,-3.084
20070816,-3.112
20070817,-3.064
20070818,-3.069
20070819,-3.096
20070820,-3.11
20070821,-3.106
20070822,-3.109
20070823,-3.12
20070824,-3.122
20070825,-3.145
20070826,-3.158
20070827,-3.162
20070828,-3.172
20070829,-3.179
20070830,-3.175
20070831,-3.163
20070901,-3.171
20070902,-3.172
20070903,-3.179
20070904,-3.198
20070905,-3.176
20070906,-3.158
20070907,-3.193
20070908,-3.188
20070909,-3.2
20070910,-3.173
20070911,-3.181
20070912,-3.166
20070913,-3.161
20070914,-3.154
20070915,-3.183
20070916,-3.174
20070917,-3.18
20070918,-3.172
20070919,-3.151
20070920,-3.152
20070921,-3.124
20070922,-3.14
20070923,-3.141
20070924,-3.154
20070925,-3.155
20070926,-3.1
20070927,-3.066
20070928,-3.045
20070929,-2.984
20070930,-2.793
20071001,-2.72
20071002,-2.749
20071003,-2.778
20071004,-2.787
20071005,-2.831
20071006,-2.847
20071007,-2.861
20071008,-2.898
20071009,-2.901
20071010,-2.935
20071011,-2.924
20071012,-2.955
20071013,-2.953
20071014,-2.944
20071015,-2.965
20071016,-2.975
20071017,-2.973
20071018,-2.861
20071019,-2.847
20071020,-2.845
20071021,-2.865
20071022,-2.877
20071023,-2.891
20071024,-2.913
20071025,-2.921
20071026,-2.935
20071027,-2.938
20071028,-2.915
20071029,-2.884
20071030,-2.899
20071031,-2.903
20071101,-2.916
20071102,-2.917
20071103,-2.906
20071104,-2.923
20071105,-2.897
20071106,-2.89
20071107,-2.85
20071108,-2.81
20071109,-2.817
20071110,-2.736
20071111,-2.683
20071112,-2.656
20071113,-2.621
20071114,-2.635
20071115,-2.657
20071116,-2.679
20071117,-2.702
20071118,-2.717
20071119,-2.755
20071120,-2.762
20071121,-2.784
20071122,-2.794
20071123,-2.852
20071124,-2.829
20071125,-2.842
20071126,-2.824
20071127,-2.799
20071128,-2.762
20071129,-2.76
20071130,-2.784
20071201,-2.746
20071202,-2.64
20071203,-2.46
20071204,-2.499
20071205,-2.524
20071206,-2.573
20071207,-2.355
20071208,-2.307
20071209,-2.282
20071210,-2.413
20071211,-2.501
20071212,-2.561
20071213,-2.596
20071214,-2.625
20071215,-2.646
20071216,-2.682
20071217,-2.693
20071218,-2.707
20071219,-2.721
20071220,-2.727
20071221,-2.738
20071222,-2.753
20071223,-2.786
20071224,-2.763
20071225,-2.751
20071226,-2.803
20071227,-2.773
20071228,-2.775
20071229,-2.775
20071230,-2.824
20071231,-2.797
20080101,-2.796
20080102,-2.8
20080103,-2.798
20080104,-2.811
20080105,-2.823
20080106,-2.837
20080107,-2.788
20080108,-2.793
20080109,-2.787
20080110,-2.769
20080111,-2.627
20080112,-2.613
20080113,-2.623
20080114,-2.631
20080115,-2.62
20080116,-2.579
20080117,-2.607
20080118,-2.54
20080119,-2.342
20080120,-2.259
20080121,-2.255
20080122,-2.15
20080123,-2.211
20080124,-2.302
20080125,-2.395
20080126,-2.481
20080127,-2.514
20080128,-2.558
20080129,-2.586
20080130,-2.608
20080131,-2.585
20080201,-2.594
20080202,-2.638
20080203,-2.652
20080204,-2.658
20080205,-2.661
20080206,-2.639
20080207,-2.658
20080208,-2.665
20080209,-2.68
20080210,-2.703
20080211,-2.705
20080212,-2.723
20080213,-2.736
20080214,-2.744
20080215,-2.759
20080216,-2.775
20080217,-2.773
20080218,-2.785
20080219,-2.78
20080220,-2.789
20080221,-2.79
20080222,-2.776
20080223,-2.784
20080224,-2.79
20080225,-2.76
20080226,-2.649
20080227,-2.693
20080228,-2.709
20080229,-2.716
20080301,-2.607
20080302,-2.626
20080303,-2.651
20080304,-2.691
20080305,-2.703
20080306,-2.684
20080307,-2.692
20080308,-2.696
20080309,-2.725
20080310,-2.632
20080311,-2.634
20080312,-2.567
20080313,-2.59
20080314,-2.63
20080315,-2.658
20080316,-2.699
20080317,-2.724
20080318,-2.721
20080319,-2.736
20080320,-2.728
20080321,-2.498
20080322,-2.533
20080323,-2.571
20080324,-2.59
20080325,-2.616
20080326,-2.622
20080327,-2.645
20080328,-2.651
20080329,-2.558
20080330,-2.599
20080331,-2.616
20080401,-2.623
20080402,-2.615
20080403,-2.648
20080404,-2.656
20080405,-2.667
20080406,-2.686
20080407,-2.702
20080408,-2.717
20080409,-2.726
20080410,-2.74
20080411,-2.761
20080412,-2.775
20080413,-2.793
20080414,-2.818
20080415,-2.785
20080416,-2.793
20080417,-2.809
20080418,-2.826
20080419,-2.839
20080420,-2.856
20080421,-2.865
20080422,-2.878
20080423,-2.883
20080424,-2.892
20080425,-2.895
20080426,-2.898
20080427,-2.904
20080428,-2.907
20080429,-2.905
20080430,-2.908
20080501,-2.925
20080502,-2.939
20080503,-2.945
20080504,-2.958
20080505,-2.973
20080506,-2.982
20080507,-2.996
20080508,-3.008
20080509,-3.024
20080510,-3.045
20080511,-3.07
20080512,-3.087
20080513,-3.103
20080514,-3.106
20080515,-3.123
20080516,-3.129
20080517,-3.119
20080518,-3.124
20080519,-3.134
20080520,-3.136
20080521,-3.146
20080522,-3.153
20080523,-3.164
20080524,-3.176
20080525,-3.183
20080526,-3.179
20080527,-3.18
20080528,-3.185
20080529,-3.197
20080530,-3.197
20080531,-3.201
20080601,-3.184
20080602,-3.21
20080603,-3.201
20080604,-3.17
20080605,-3.172
20080606,-3.222
20080607,-3.239
20080608,-3.25
20080609,-3.274
20080610,-3.279
20080611,-3.276
20080612,-3.261
20080613,-3.261
20080614,-3.275
20080615,-3.273
20080616,-3.264
20080617,-3.275
20080618,-3.281
20080619,-3.265
20080620,-3.277
20080621,-3.292
20080622,-3.288
20080623,-3.286
20080624,-3.3
20080625,-3.305
20080626,-3.315
20080627,-3.288
20080628,-3.276
20080629,-3.304
20080630,-3.324
20080701,-3.336
20080702,-3.349
20080703,-3.346
20080704,-3.324
20080705,-3.354
20080706,-3.353
20080707,-3.338
20080708,-3.246
20080709,-3.25
20080710,-3.209
20080711,-3.216
20080712,-3.2
20080713,-3.207
20080714,-3.216
20080715,-3.225
20080716,-3.23
20080717,-3.234
20080718,-3.18
20080719,-3.163
20080720,-3.104
20080721,-3.088
20080722,-3.085
20080723,-3.096
20080724,-3.123
20080725,-3.147
20080726,-3.159
20080727,-2.955
20080728,-2.939
20080729,-2.94
20080730,-2.921
20080731,-2.962
20080801,-2.954
20080802,-2.992
20080803,-2.999
20080804,-2.877
20080805,-2.869
20080806,-2.888
20080807,-2.889
20080808,-2.84
20080809,-2.886
20080810,-2.828
20080811,-2.811
20080812,-2.819
20080813,-2.853
20080814,-2.775
20080815,-2.772
20080816,-2.803
20080817,-2.863
20080818,-2.854
20080819,-2.856
20080820,-2.818
20080821,-2.732
20080822,-2.728
20080823,-2.744
20080824,-2.777
20080825,-2.815
20080826,-2.863
20080827,-2.866
20080828,-2.887
20080829,-2.917
20080830,-2.939
20080831,-2.979
20080901,-2.974
20080902,-2.964
20080903,-2.93
20080904,-2.936
20080905,-2.963
20080906,-2.96
20080907,-2.973
20080908,-2.968
20080909,-2.985
20080910,-3.012
20080911,-3.03
20080912,-3.054
20080913,-3.042
20080914,-3.066
20080915,-3.076
20080916,-3.084
20080917,-3.071
20080918,-3.093
20080919,-3.094
20080920,-3.105
20080921,-3.093
20080922,-3.105
20080923,-3.09
20080924,-3.089
20080925,-3.105
20080926,-3.108
20080927,-3.104
20080928,-3.106
20080929,-3.087
20080930,-3.059
20081001,-2.974
20081002,-2.914
20081003,-2.839
20081004,-2.793
20081005,-2.769
20081006,-2.597
20081007,-2.601
20081008,-2.653
20081009,-2.696
20081010,-2.724
20081011,-2.75
20081012,-2.764
20081013,-2.767
20081014,-2.804
20081015,-2.823
20081016,-2.778
20081017,-2.774
20081018,-2.774
20081019,-2.809
20081020,-2.827
20081021,-2.831
20081022,-2.852
20081023,-2.856
20081024,-2.877
20081025,-2.871
20081026,-2.864
20081027,-2.772
20081028,-2.757
20081029,-2.677
20081030,-2.715
20081031,-2.753
20081101,-2.789
20081102,-2.81
20081103,-2.827
20081104,-2.836
20081105,-2.845
20081106,-2.849
20081107,-2.847
20081108,-2.855
20081109,-2.829
20081110,-2.819
20081111,-2.473
20081112,-2.413
20081113,-2.432
20081114,-2.493
20081115,-2.524
20081116,-2.584
20081117,-2.638
20081118,-2.659
20081119,-2.686
20081120,-2.697
20081121,-2.675
20081122,-2.622
20081123,-2.517
20081124,-2.589
20081125,-2.64
20081126,-2.675
20081127,-2.688
20081128,-2.708
20081129,-2.731
20081130,-2.75
20081201,-2.762
20081202,-2.778
20081203,-2.739
20081204,-2.732
20081205,-2.73
20081206,-2.772
20081207,-2.793
20081208,-2.792
20081209,-2.794
20081210,-2.665
20081211,-2.672
20081212,-2.696
20081213,-2.708
20081214,-2.768
20081215,-2.802
20081216,-2.799
20081217,-2.813
20081218,-2.818
20081219,-2.828
20081220,-2.777
20081221,-2.789
20081222,-2.799
20081223,-2.817
20081224,-2.826
20081225,-2.843
20081226,-2.849
20081227,-2.862
20081228,-2.867
20081229,-2.874
20081230,-2.881
20081231,-2.888
20090101,-2.901
20090102,-2.905
20090103,-2.907
20090104,-2.896
20090105,-2.872
20090106,-2.879
20090107,-2.895
20090108,-2.898
20090109,-2.913
20090110,-2.915
20090111,-2.917
20090112,-2.906
20090113,-2.901
20090114,-2.892
20090115,-2.871
20090116,-2.858
20090117,-2.85
20090118,-2.812
20090119,-2.768
20090120,-2.677
20090121,-2.693
20090122,-2.696
20090123,-2.583
20090124,-2.443
20090125,-2.518
20090126,-2.614
20090127,-2.669
20090128,-2.702
20090129,-2.74
20090130,-2.764
20090131,-2.794
20090201,-2.812
20090202,-2.833
20090203,-2.846
20090204,-2.846
20090205,-2.845
20090206,-2.842
20090207,-2.849
20090208,-2.842
20090209,-2.85
20090210,-2.77
20090211,-2.677
20090212,-2.684
20090213,-2.689
20090214,-2.732
20090215,-2.73
20090216,-2.663
20090217,-2.522
20090218,-2.535
20090219,-2.599
20090220,-2.644
20090221,-2.655
20090222,-2.69
20090223,-2.717
20090224,-2.747
20090225,-2.755
20090226,-2.771
20090227,-2.774
20090228,-2.763
20090301,-2.77
20090302,-2.757
20090303,-2.736
20090304,-2.741
20090305,-2.777
20090306,-2.778
20090307,-2.776
20090308,-2.701
20090309,-2.699
20090310,-2.702
20090311,-2.726
20090312,-2.718
20090313,-2.74
20090314,-2.749
20090315,-2.784
20090316,-2.804
20090317,-2.826
20090318,-2.825
20090319,-2.846
20090320,-2.857
20090321,-2.861
20090322,-2.869
20090323,-2.853
20090324,-2.881
20090325,-2.768
20090326,-2.772
20090327,-2.703
20090328,-2.672
20090329,-2.545
20090330,-2.585
20090331,-2.647
20090401,-2.694
20090402,-2.736
20090403,-2.767
20090404,-2.792
20090405,-2.814
20090406,-2.832
20090407,-2.849
20090408,-2.855
20090409,-2.867
20090410,-2.873
20090411,-2.892
20090412,-2.902
20090413,-2.904
20090414,-2.919
20090415,-2.919
20090416,-2.924
20090417,-2.946
20090418,-2.961
20090419,-2.97
20090420,-2.974
20090421,-2.976
20090422,-2.976
20090423,-2.986
20090424,-2.994
20090425,-3.007
20090426,-3.014
20090427,-2.99
20090428,-2.997
20090429,-2.998
20090430,-3.019
20090501,-3.025
20090502,-3.032
20090503,-3.032
20090504,-3.035
20090505,-3.025
20090506,-2.981
20090507,-2.992
20090508,-3.003
20090509,-3.019
20090510,-3.047
20090511,-3.062
20090512,-3.065
20090513,-3.071
20090514,-3.087
20090515,-3.081
20090516,-3.029
20090517,-2.984
20090518,-2.963
20090519,-2.978
20090520,-3.001
20090521,-3.02
20090522,-3.032
20090523,-3.047
20090524,-3.075
20090525,-3.067
20090526,-3.016
20090527,-3.022
20090528,-3.037
20090529,-3.064
20090530,-3.078
20090531,-3.102
20090601,-3.114
20090602,-3.126
20090603,-3.12
20090604,-3.116
20090605,-3.12
20090606,-3.125
20090607,-3.138
20090608,-3.13
20090609,-3.106
20090610,-3.134
20090611,-3.081
20090612,-3.076
20090613,-3.093
20090614,-3.117
20090615,-3.13
20090616,-3.125
20090617,-3.135
20090618,-3.155
20090619,-3.161
20090620,-3.156
20090621,-3.138
20090622,-3.141
20090623,-3.165
20090624,-3.172
20090625,-3.185
20090626,-3.176
20090627,-3.188
20090628,-3.204
20090629,-3.215
20090630,-3.22
20090701,-3.236
20090702,-3.248
20090703,-3.26
20090704,-3.246
20090705,-3.269
20090706,-3.259
20090707,-3.214
20090708,-3.148
20090709,-3.145
20090710,-3.123
20090711,-3.055
20090712,-3.041
20090713,-3.027
20090714,-3.054
20090715,-3.086
20090716,-3.109
20090717,-3.104
20090718,-3.111
20090719,-3.108
20090720,-3.128
20090721,-3.134
20090722,-3.146
20090723,-3.135
20090724,-3.125
20090725,-3.118
20090726,-3.125
20090727,-3.142
20090728,-3.149
20090729,-3.187
20090730,-3.157
20090731,-3.162
20090801,-3.176
20090802,-3.188
20090803,-3.167
20090804,-3.19
20090805,-3.231
20090806,-3.253
20090807,-3.275
20090808,-3.24
20090809,-3.226
20090810,-3.231
20090811,-3.242
20090812,-3.231
20090813,-3.271
20090814,-3.272
20090815,-3.281
20090816,-3.289
20090817,-3.291
20090818,-3.313
20090819,-3.319
20090820,-3.34
20090821,-3.312
20090822,-3.315
20090823,-3.329
20090824,-3.358
20090825,-3.327
20090826,-3.235
20090827,-3.259
20090828,-3.26
20090829,-3.251
20090830,-3.217
20090831,-3.226
20090901,-3.293
20090902,-3.25
20090903,-3.232
20090904,-3.206
20090905,-3.179
20090906,-3.17
20090907,-3.168
20090908,-3.19
20090909,-3.214
20090910,-3.209
20090911,-3.215
20090912,-3.217
20090913,-3.221
20090914,-3.236
20090915,-3.239
20090916,-3.241
20090917,-3.251
20090918,-3.252
20090919,-3.264
20090920,-3.274
20090921,-3.265
20090922,-3.274
20090923,-3.298
20090924,-3.292
20090925,-3.277
20090926,-3.274
20090927,-3.274
20090928,-3.274
20090929,-3.272
20090930,-3.242
20091001,-3.253
20091002,-3.256
20091003,-3.235
20091004,-3.272
20091005,-3.252
20091006,-3.23
20091007,-3.237
20091008,-3.215
20091009,-3.225
20091010,-3.202
20091011,-3.168
20091012,-3.194
20091013,-3.194
20091014,-3.183
20091015,-3.187
20091016,-3.201
20091017,-3.178
20091018,-3.165
20091019,-3.158
20091020,-3.157
20091021,-3.16
20091022,-3.164
20091023,-3.155
20091024,-3.145
20091025,-3.132
20091026,-3.122
20091027,-3.104
20091028,-3.102
20091029,-3.104
20091030,-3.098
20091031,-3.078
20091101,-3.065
20091102,-3.029
20091103,-3.009
20091104,-3.007
20091105,-3.002
20091106,-2.983
20091107,-2.978
20091108,-2.984
20091109,-2.98
20091110,-2.966
20091111,-2.927
20091112,-2.901
20091113,-2.871
20091114,-2.836
20091115,-2.807
20091116,-2.767
20091117,-2.757
20091118,-2.748
20091119,-2.706
20091120,-2.743
20091121,-2.754
20091122,-2.746
20091123,-2.716
20091124,-2.638
20091125,-2.654
20091126,-2.675
20091127,-2.63
20091128,-2.541
20091129,-2.58
20091130,-2.638
20091201,-2.7
20091202,-2.722
20091203,-2.737
20091204,-2.775
20091205,-2.712
20091206,-2.642
20091207,-2.588
20091208,-2.618
20091209,-2.646
20091210,-2.592
20091211,-2.592
20091212,-2.637
20091213,-2.678
20091214,-2.718
20091215,-2.752
20091216,-2.76
20091217,-2.797
20091218,-2.821
20091219,-2.829
20091220,-2.814
20091221,-2.835
20091222,-2.835
20091223,-2.836
20091224,-2.827
20091225,-2.698
20091226,-2.392
20091227,-2.339
20091228,-2.334
20091229,-2.408
20091230,-2.521
20091231,-2.599
20100101,-2.661
20100102,-2.711
20100103,-2.755
20100104,-2.758
20100105,-2.78
20100106,-2.814
20100107,-2.848
20100108,-2.865
20100109,-2.872
20100110,-2.882
20100111,-2.887
20100112,-2.882
20100113,-2.87
20100114,-2.902
20100115,-2.917
20100116,-2.889
20100117,-2.906
20100118,-2.852
20100119,-2.742
20100120,-2.692
20100121,-2.727
20100122,-2.76
20100123,-2.794
20100124,-2.832
20100125,-2.862
20100126,-2.894
20100127,-2.87
20100128,-2.842
20100129,-2.838
20100130,-2.835
20100131,-2.832
20100201,-2.809
20100202,-2.639
20100203,-2.367
20100204,-2.466
20100205,-2.507
20100206,-2.576
20100207,-2.616
20100208,-2.656
20100209,-2.708
20100210,-2.762
20100211,-2.793
20100212,-2.819
20100213,-2.829
20100214,-2.848
20100215,-2.847
20100216,-2.857
20100217,-2.877
20100218,-2.896
20100219,-2.896
20100220,-2.9
20100221,-2.894
20100222,-2.845
20100223,-2.696
20100224,-2.663
20100225,-2.627
20100226,-2.607
20100227,-2.61
20100228,-2.616
20100301,-2.474
20100302,-2.529
20100303,-2.604
20100304,-2.665
20100305,-2.692
20100306,-2.684
20100307,-2.701
20100308,-2.722
20100309,-2.75
20100310,-2.771
20100311,-2.785
20100312,-2.806
20100313,-2.825
20100314,-2.825
20100315,-2.834
20100316,-2.839
20100317,-2.822
20100318,-2.837
20100319,-2.853
20100320,-2.785
20100321,-2.783
20100322,-2.765
20100323,-2.782
20100324,-2.785
20100325,-2.805
20100326,-2.836
20100327,-2.845
20100328,-2.848
20100329,-2.866
20100330,-2.855
20100331,-2.861
20100401,-2.868
20100402,-2.836
20100403,-2.861
20100404,-2.691
20100405,-2.704
20100406,-2.713
20100407,-2.748
20100408,-2.799
20100409,-2.813
20100410,-2.833
20100411,-2.852
20100412,-2.87
20100413,-2.879
20100414,-2.892
20100415,-2.901
20100416,-2.913
20100417,-2.907
20100418,-2.914
20100419,-2.938
20100420,-2.936
20100421,-2.947
20100422,-2.947
20100423,-2.952
20100424,-2.966
20100425,-2.959
20100426,-2.979
20100427,-2.978
20100428,-2.974
20100429,-2.984
20100430,-2.977
20100501,-2.983
20100502,-2.995
20100503,-2.889
20100504,-2.904
20100505,-2.913
20100506,-2.937
20100507,-2.94
20100508,-2.943
20100509,-2.929
20100510,-2.94
20100511,-2.961
20100512,-2.863
20100513,-2.797
20100514,-2.809
20100515,-2.84
20100516,-2.868
20100517,-2.895
20100518,-2.912
20100519,-2.934
20100520,-2.955
20100521,-2.971
20100522,-2.977
20100523,-2.988
20100524,-3.011
20100525,-3.015
20100526,-3.018
20100527,-3.028
20100528,-3.043
20100529,-3.039
20100530,-3.042
20100531,-3.047
20100601,-3.058
20100602,-3.083
20100603,-3.084
20100604,-3.094
20100605,-3.091
20100606,-3.11
20100607,-3.094
20100608,-3.094
20100609,-3.093
20100610,-3.088
20100611,-3.096
20100612,-3.099
20100613,-3.113
20100614,-3.137
20100615,-3.148
20100616,-3.154
20100617,-3.161
20100618,-3.15
20100619,-3.162
20100620,-3.176
20100621,-3.169
20100622,-3.167
20100623,-3.185
20100624,-3.203
20100625,-3.218
20100626,-3.233
20100627,-3.248
20100628,-3.264
20100629,-3.274
20100630,-3.25
20100701,-3.27
20100702,-3.296
20100703,-3.323
20100704,-3.272
20100705,-3.292
20100706,-3.318
20100707,-3.317
20100708,-3.343
20100709,-3.346
20100710,-3.367
20100711,-3.232
20100712,-3.222
20100713,-3.16
20100714,-3.188
20100715,-3.182
20100716,-3.207
20100717,-3.194
20100718,-3.164
20100719,-3.207
20100720,-3.245
20100721,-3.293
20100722,-3.286
20100723,-3.292
20100724,-3.315
20100725,-3.295
20100726,-3.291
20100727,-3.291
20100728,-3.289
20100729,-3.245
20100730,-3.256
20100731,-3.249
20100801,-3.243
20100802,-3.244
20100803,-3.232
20100804,-3.238
20100805,-3.221
20100806,-3.238
20100807,-3.271
20100808,-3.235
20100809,-3.232
20100810,-3.257
20100811,-3.215
20100812,-3.2
20100813,-3.194
20100814,-3.211
20100815,-3.237
20100816,-3.204
20100817,-3.184
20100818,-3.149
20100819,-3.17
20100820,-3.198
20100821,-3.211
20100822,-3.197
20100823,-3.146
20100824,-3.169
20100825,-3.168
20100826,-3.145
20100827,-3.046
20100828,-2.988
20100829,-2.91
20100830,-2.584
20100831,-2.491
20100901,-2.54
20100902,-2.604
20100903,-2.643
20100904,-2.718
20100905,-2.764
20100906,-2.809
20100907,-2.852
20100908,-2.857
20100909,-2.873
20100910,-2.881
20100911,-2.9
20100912,-2.94
20100913,-2.955
20100914,-2.844
20100915,-2.708
20100916,-2.672
20100917,-2.704
20100918,-2.718
20100919,-2.751
20100920,-2.751
20100921,-2.745
20100922,-2.783
20100923,-2.83
20100924,-2.728
20100925,-2.703
20100926,-2.709
20100927,-2.74
20100928,-2.734
20100929,-2.776
20100930,-2.805
20101001,-2.815
20101002,-2.827
20101003,-2.818
20101004,-2.868
20101005,-2.889
20101006,-2.885
20101007,-2.899
20101008,-2.905
20101009,-2.907
20101010,-2.95
20101011,-2.96
20101012,-2.962
20101013,-2.97
20101014,-2.982
20101015,-2.965
20101016,-2.952
20101017,-2.958
20101018,-2.94
20101019,-2.871
20101020,-2.776
20101021,-2.642
20101022,-2.579
20101023,-2.604
20101024,-2.672
20101025,-2.706
20101026,-2.708
20101027,-2.685
20101028,-2.698
20101029,-2.688
20101030,-2.738
20101031,-2.766
20101101,-2.799
20101102,-2.787
20101103,-2.769
20101104,-2.737
20101105,-2.664
20101106,-2.558
20101107,-2.56
20101108,-2.597
20101109,-2.665
20101110,-2.72
20101111,-2.704
20101112,-2.575
20101113,-2.608
20101114,-2.558
20101115,-2.487
20101116,-2.553
20101117,-2.597
20101118,-2.645
20101119,-2.693
20101120,-2.713
20101121,-2.748
20101122,-2.767
20101123,-2.756
20101124,-2.754
20101125,-2.751
20101126,-2.765
20101127,-2.774
20101128,-2.807
20101129,-2.831
20101130,-2.833
20101201,-2.839
20101202,-2.859
20101203,-2.864
20101204,-2.863
20101205,-2.866
20101206,-2.868
20101207,-2.87
20101208,-2.883
20101209,-2.894
20101210,-2.783
20101211,-2.649
20101212,-2.612
20101213,-2.619
20101214,-2.671
20101215,-2.695
20101216,-2.662
20101217,-2.623
20101218,-2.669
20101219,-2.711
20101220,-2.752
20101221,-2.789
20101222,-2.81
20101223,-2.847
20101224,-2.871
20101225,-2.884
20101226,-2.882
20101227,-2.883
20101228,-2.902
20101229,-2.902
20101230,-2.914
20101231,-2.908
20110101,-2.869
20110102,-2.848
20110103,-2.85
20110104,-2.838
20110105,-2.845
20110106,-2.828
20110107,-2.761
20110108,-2.68
20110109,-2.654
20110110,-2.666
20110111,-2.664
20110112,-2.686
20110113,-2.627
20110114,-2.527
20110115,-2.389
20110116,-2.451
20110117,-2.529
20110118,-2.576
20110119,-2.603
20110120,-2.643
20110121,-2.672
20110122,-2.693
20110123,-2.718
20110124,-2.739
20110125,-2.725
20110126,-2.756
20110127,-2.767
20110128,-2.778
20110129,-2.791
20110130,-2.81
20110131,-2.827
20110201,-2.823
20110202,-2.829
20110203,-2.835
20110204,-2.804
20110205,-2.786
20110206,-2.799
20110207,-2.8
20110208,-2.848
20110209,-2.843
20110210,-2.846
20110211,-2.855
20110212,-2.842
20110213,-2.792
20110214,-2.788
20110215,-2.743
20110216,-2.746
20110217,-2.749
20110218,-2.775
20110219,-2.789
20110220,-2.821
20110221,-2.835
20110222,-2.854
20110223,-2.86
20110224,-2.88
20110225,-2.873
20110226,-2.848
20110227,-2.859
20110228,-2.801
20110301,-2.785
20110302,-2.781
20110303,-2.799
20110304,-2.812
20110305,-2.834
20110306,-2.857
20110307,-2.859
20110308,-2.85
20110309,-2.862
20110310,-2.856
20110311,-2.878
20110312,-2.865
20110313,-2.892
20110314,-2.909
20110315,-2.901
20110316,-2.895
20110317,-2.917
20110318,-2.92
20110319,-2.922
20110320,-2.924
20110321,-2.934
20110322,-2.934
20110323,-2.934
20110324,-2.928
20110325,-2.927
20110326,-2.942
20110327,-2.941
20110328,-2.96
20110329,-2.951
20110330,-2.947
20110331,-2.926
20110401,-2.944
20110402,-2.928
20110403,-2.957
20110404,-2.97
20110405,-2.943
20110406,-2.961
20110407,-2.975
20110408,-2.965
20110409,-2.981
20110410,-2.983
20110411,-2.983
20110412,-2.985
20110413,-2.99
20110414,-2.991
20110415,-3.008
20110416,-3.01
20110417,-3.014
20110418,-3.01
20110419,-3.019
20110420,-3.028
20110421,-3.033
20110422,-3.045
20110423,-3.062
20110424,-3.077
20110425,-3.091
20111110,-2.932
20111111,-2.937
20111112,-2.947
20111113,-2.956
20111114,-2.958
20111115,-2.954
20111116,-2.959
20111117,-2.964
20111118,-2.969
20111119,-2.972
20111120,-2.971
20111121,-2.974
20111122,-2.963
20111123,-2.965
20111124,-2.965
20111125,-2.962
20111126,-2.959
20111127,-2.95
20111128,-2.966
20111129,-2.958
20111130,-2.971
20111201,-2.949
20111202,-2.759
20111203,-2.693
20111204,-2.673
20111205,-2.582
20111206,-2.521
20111207,-2.498
20111208,-2.5
20111209,-2.438
20111210,-2.498
20111211,-2.56
20111212,-2.615
20111213,-2.44
20111214,-2.462
20111215,-2.542
20111216,-2.526
20111217,-2.511
20111218,-2.498
20111219,-2.535
20111220,-2.495
20111221,-2.497
20111222,-2.559
20111223,-2.576
20111224,-2.443
20111225,-2.464
20111226,-2.55
20111227,-2.602
20111228,-2.635
20111229,-2.664
20111230,-2.635
20111231,-2.639
20120101,-2.624
20120102,-2.303
20120103,-2.255
20120104,-2.23
20120105,-2.199
20120106,-2.29
20120107,-2.358
20120108,-2.412
20120109,-2.47
20120110,-2.521
20120111,-2.563
20120112,-2.593
20120113,-2.64
20120114,-2.67
20120115,-2.697
20120116,-2.717
20120117,-2.729
20120118,-2.74
20120119,-2.716
20120120,-2.723
20120121,-2.639
20120122,-2.632
20120123,-2.641
20120124,-2.653
20120125,-2.672
20120126,-2.687
20120127,-2.669
20120128,-2.704
20120129,-2.722
20120130,-2.751
20120131,-2.775
20120201,-2.792
20120202,-2.787
20120203,-2.772
20120204,-2.764
20120205,-2.745
20120206,-2.742
20120207,-2.736
20120208,-2.718
20120209,-2.699
20120210,-2.685
20120211,-2.663
20120212,-2.634
20120213,-2.619
20120214,-2.626
20120215,-2.615
20120216,-2.625
20120217,-2.623
20120218,-2.625
20120219,-2.624
20120220,-2.636
20120221,-2.607
20120222,-2.61
20120223,-2.599
20120224,-2.647
20120225,-2.698
20120226,-2.737
20120227,-2.753
20120228,-2.763
20120229,-2.78
20120301,-2.783
20120302,-2.799
20120303,-2.802
20120304,-2.811
20120305,-2.816
20120306,-2.82
20120307,-2.805
20120308,-2.706
20120309,-2.705
20120310,-2.735
20120311,-2.766
20120312,-2.792
20120313,-2.803
20120314,-2.811
20120315,-2.818
20120316,-2.823
20120317,-2.832
20120318,-2.841
20120319,-2.861
20120320,-2.86
20120321,-2.873
20120322,-2.882
20120323,-2.887
20120324,-2.897
20120325,-2.905
20120326,-2.909
20120327,-2.913
20120328,-2.914
20120329,-2.912
20120330,-2.917
20120331,-2.919
20120401,-2.925
20120402,-2.926
20120403,-2.929
20120404,-2.943
20120405,-2.942
20120406,-2.939
20120407,-2.944
20120408,-2.949
20120409,-2.93
20120410,-2.883
20120411,-2.911
20120412,-2.929
20120413,-2.929
20120414,-2.932
20120415,-2.95
20120416,-2.956
20120417,-2.935
20120418,-2.937
20120419,-2.935
20120420,-2.947
20120421,-2.936
20120422,-2.932
20120423,-2.927
20120424,-2.881
20120425,-2.823
20120426,-2.84
20120427,-2.866
20120428,-2.842
20120429,-2.868
20120430,-2.88
20120501,-2.89
20120502,-2.907
20120503,-2.909
20120504,-2.907
20120505,-2.922
20120506,-2.937
20120507,-2.949
20120508,-2.933
20120509,-2.855
20120510,-2.823
20120511,-2.837
20120512,-2.876
20120513,-2.885
20120514,-2.898
20120515,-2.892
20120516,-2.889
20120517,-2.897
20120518,-2.914
20120519,-2.928
20120520,-2.948
20120521,-2.967
20120522,-2.983
20120523,-3.001
20120524,-3.001
20120525,-3.029
20120526,-3.038
20120527,-3.056
20120528,-3.071
20120529,-3.067
20120530,-3.064
20120531,-3.043
20120601,-2.999
20120602,-3.024
20120603,-3.044
20120604,-3.048
20120605,-3.056
20120606,-3.048
20120607,-3.01
20120608,-3.029
20120609,-3.019
20120610,-3.027
20120611,-3.051
20120612,-2.928
20120613,-2.937
20120614,-2.957
20120615,-2.958
20120616,-2.937
20120617,-2.965
20120618,-2.963
20120619,-2.968
20120620,-3.01
20120621,-3.004
20120622,-2.955
20120623,-2.905
20120624,-2.871
20120625,-2.772
20120626,-2.785
20120627,-2.795
20120628,-2.834
20120629,-2.895
20120630,-2.937
20120701,-2.963
20120702,-2.987
20120703,-3.022
20120704,-3.035
20120705,-3.062
20120706,-2.942
20120707,-2.977
20120708,-2.984
20120709,-2.921
20120710,-2.922
20120711,-2.786
20120712,-2.636
20120713,-2.596
20120714,-2.599
20120715,-2.656
20120716,-2.669
20120717,-2.577
20120718,-2.523
20120719,-2.471
20120720,-2.516
20120721,-2.579
20120722,-2.653
20120723,-2.733
20120724,-2.799
20120725,-2.854
20120726,-2.887
20120727,-2.896
20120728,-2.9
20120729,-2.913
20120730,-2.809
20120731,-2.787
20120801,-2.81
20120802,-2.751
20120803,-2.762
20120804,-2.815
20120805,-2.81
20120806,-2.681
20120807,-2.637
20120808,-2.652
20120809,-2.722
20120810,-2.776
20120811,-2.81
20120812,-2.855
20120813,-2.907
20120814,-2.931
20120815,-2.974
20120816,-2.984
20120817,-3.014
20120818,-3.036
20120819,-3.071
20120820,-3.077
20120821,-3.053
20120822,-3.043
20120823,-3.066
20120824,-3.062
20120825,-3.018
20120826,-2.936
20120827,-2.883
20120828,-2.886
20120829,-2.912
20120830,-2.931
20120831,-2.84
20120901,-2.769
20120902,-2.768
20120903,-2.799
20120904,-2.834
20120905,-2.878
20120906,-2.917
20120907,-2.937
20120908,-2.945
20120909,-2.978
20120910,-2.992
20120911,-2.991
20120912,-3.008
20120913,-3.026
20120914,-3.013
20120915,-3.04
20120916,-3.039
20120917,-3.066
20120918,-3.057
20120919,-3.065
20120920,-3.063
20120921,-3.076
20120922,-3.03
20120923,-2.991
20120924,-2.962
20131210,-3.4477333333333338
20131211,-3.4752500000000004
20131212,-3.510291666666666
20131213,-3.532833333333333
20131214,-3.550333333333333
20131215,-3.52525
20131216,-3.5625416666666663
20131217,-3.587499999999999
20131218,-3.609375
20131219,-3.591708333333333
20131220,-3.6750833333333346
20131221,-3.6049166666666665
20131222,-3.472083333333334
20131223,-3.4847916666666667
20131224,-3.463916666666666
20131225,-3.4675833333333332
20131226,-3.8284583333333337
20131227,-3.91175
20131228,-3.9592499999999995
20131229,-4.044208333333332
20131230,-4.09275
20131231,-4.152666666666668
20140101,-4.182708333333333
20140102,-4.218541666666668
20140103,-4.226958333333333
20140104,-4.146166666666667
20140105,-4.146958333333333
20140106,-4.113500000000001
20140107,-3.924375000000001
20140108,-3.9951666666666665
20140109,-3.940000000000001
20140110,-4.034250000000001
20140111,-4.0725
20140112,-4.133958333333334
20140113,-4.189749999999999
20140114,-4.200916666666667
20140115,-4.151333333333333
20140116,-4.117958333333334
20140117,-4.1892916666666675
20140118,-4.15775
20140119,-4.204791666666667
20140120,-4.301583333333333
20140121,-4.25925
20140122,-4.27175
20140123,-4.309041666666666
20140124,-4.3518333333333326
20140125,-4.371625
20140126,-4.264
20140127,-4.161666666666666
20140128,-4.293208333333333
20140129,-4.340125
20140130,-4.60425
20140131,-4.532041666666666
20140201,-4.512666666666667
20140202,-4.692583333333333
20140203,-4.797166666666667
20140204,-4.769374999999999
20140205,-4.5315416666666675
20140206,-4.514416666666667
20140207,-4.4052083333333325
20140208,-4.360416666666667
20140209,-4.492125
20140210,-4.430208333333332
20140211,-4.493708333333333
20140212,-4.518541666666667
20140213,-4.630083333333333
20140214,-4.522541666666668
20140215,-4.4906250000000005
20140216,-4.502791666666667
20140217,-4.528083333333335
20140218,-4.559166666666667
20140219,-4.580583333333333
20140220,-4.578833333333335
20140221,-4.538708333333333
20140222,-4.586250000000001
20140223,-4.609583333333333
20140224,-4.6269583333333335
20140225,-4.6438749999999995
20140226,-4.6697500000000005
20140227,-4.651624999999999
20140228,-4.679166666666665
20140301,-4.702416666666665
20140302,-4.7089583333333325
20140303,-4.7132499999999995
20140304,-4.735083333333333
20140305,-4.766416666666667
20140306,-4.775583333333334
20140307,-4.788875000000001
20140308,-4.809125
20140309,-4.811708333333335
20140310,-4.821916666666666
20140311,-4.8207916666666675
20140312,-4.809500000000001
20140313,-4.792583333333334
20140314,-4.772083333333334
20140315,-4.766666666666667
20140316,-4.7465
20140317,-4.739666666666667
20140318,-4.710583333333334
20140319,-4.661583333333334
20140320,-4.65175
20140321,-4.561791666666667
20140322,-4.511041666666667
20140323,-4.530833333333334
20140324,-4.544583333333333
20140325,-4.543541666666667
20140326,-4.5307916666666666
20140327,-4.541125
20140328,-4.532041666666667
20140329,-4.522458333333334
20140330,-4.53225
20140331,-4.5207500000000005
20140401,-4.505625
20140402,-4.5000833333333325
20140403,-4.482333333333334
20140404,-4.468499999999999
20140405,-4.462791666666665
20140406,-4.445583333333334
20140407,-4.422374999999998
20140408,-4.339875
20140409,-4.328416666666665
20140410,-4.338
20140411,-4.350833333333333
20140412,-4.345249999999999
20140413,-4.344875
20140414,-4.340916666666666
20140415,-4.339791666666666
20140416,-4.320666666666667
20140417,-4.299541666666667
20140418,-4.299125000000001
20140419,-4.293416666666667
20140420,-4.280666666666668
20140421,-4.278999999999999
20140422,-4.268458333333333
20140423,-4.2573333333333325
20140424,-4.236833333333333
20140425,-4.21225
20140426,-4.202374999999999
20140427,-4.1842500000000005
20140428,-4.161833333333333
20140429,-4.14325
20140430,-4.124791666666666
20140501,-4.10225
20140502,-4.094458333333332
20140503,-4.084666666666666
20140504,-4.068291666666666
20140505,-4.050125
20140506,-4.043000000000001
20140507,-4.042458333333332
20140508,-4.0190833333333345
20140509,-3.9486666666666665
20140510,-3.880041666666667
20140511,-3.788791666666666
20140512,-3.747833333333333
20140513,-3.7422500000000003
20140514,-3.755625
20140515,-3.7623333333333338
20140516,-3.757
20140517,-3.7109166666666664
20140518,-3.691833333333333
20140519,-3.6799999999999997
20140520,-3.6871249999999995
20140521,-3.693208333333333
20140522,-3.6816250000000004
20140523,-3.643958333333332
20140524,-3.5253333333333337
20140525,-3.4815416666666663
20140526,-3.4440416666666667
20140527,-3.1129583333333333
20140528,-2.9804166666666663
20140529,-2.875291666666666
20140530,-2.8846666666666665
20140531,-2.9250000000000007
20140601,-2.978
20140602,-3.0232083333333333
20140603,-3.0276666666666667
20140604,-3.0417083333333337
20140605,-3.033291666666667
20140606,-3.002333333333333
20140607,-3.0198749999999994
20140608,-3.0507916666666657
20140609,-3.0625416666666667
20140610,-3.0749166666666667
20140611,-3.0749999999999997
20140612,-3.075041666666667
20140613,-3.0542083333333334
20140614,-3.049583333333333
20140615,-3.0317500000000006
20140616,-2.9653750000000003
20140617,-2.9112500000000003
20140618,-2.8834999999999997
20140619,-2.8489166666666663
20140620,-2.831958333333333
20140621,-2.8059999999999996
20140622,-2.7887083333333327
20140623,-2.781458333333333
20140624,-2.7596249999999998
20140625,-2.749708333333333
20140626,-2.7420416666666667
20140627,-2.719875
20140628,-2.6616249999999995
20140629,-2.638458333333334
20140630,-2.5991250000000004
20140701,-2.584750000000001
20140702,-2.5814583333333334
20140703,-2.5545416666666667
20140704,-2.5466249999999997
20140705,-2.5265833333333334
20140706,-2.4874583333333335
20140707,-2.435166666666667
20140708,-2.4008333333333334
20140709,-2.3301250000000002
20140710,-2.291
20140711,-2.2605
20140712,-2.228583333333333
20140713,-2.2163333333333335
20140714,-2.181833333333333
20140715,-2.134458333333334
20140716,-2.111125
20140717,-2.1077083333333335
20140718,-2.1210416666666663
20140719,-2.1081250000000002
20140720,-2.112291666666667
20140721,-2.0861666666666667
20140722,-2.053666666666667
20140723,-2.0472916666666667
20140724,-2.042041666666666
20140725,-2.0149583333333334
20140726,-2.004125
20140727,-2.027333333333333
20140728,-2.0125
20140729,-2.0104583333333337
20140730,-2.0206249999999994
20140731,-2.027791666666666
20140801,-2.0385416666666667
20140802,-2.0395416666666666
20140803,-2.0437499999999997
20140804,-2.0569166666666665
20140805,-2.057166666666667
20140806,-2.0707500000000008
20140807,-2.0857500000000004
20140808,-2.082583333333334
20140809,-2.0477916666666665
20140810,-2.025291666666667
20140811,-1.9753333333333332
20140812,-1.8716666666666673
20140813,-1.8223750000000007
20140814,-1.8261250000000004
20140815,-1.8437916666666663
20140816,-1.8731250000000002
20140817,-1.8675416666666667
20140818,-1.8225833333333339
20140819,-1.8165833333333337
20140820,-1.7885416666666665
20140821,-1.793375
20140822,-1.7842500000000003
20140823,-1.756375
20140824,-1.759333333333333
20140825,-1.7558333333333336
20140826,-1.7725
20140827,-1.7942500000000001
20140828,-1.7985833333333334
20140829,-1.7924166666666668
20140830,-1.7770000000000001
20140831,-1.6604166666666664
20140901,-1.487125
20140902,-1.4517083333333336
20140903,-1.4531666666666665
20140904,-1.434583333333333
20140905,-1.4169583333333333
20140906,-1.390958333333333
20140907,-1.3624999999999998
20140908,-1.321583333333333
20140909,-1.2974583333333334
20140910,-1.3402083333333332
20140911,-1.2999583333333333
20140912,-1.2465416666666664
20140913,-1.1690833333333333
20140914,-1.1141666666666667
20140915,-1.0642499999999997
20140916,-1.0067916666666663
20140917,-0.95125
20140918,-0.9074583333333335
20140919,-0.8545000000000001
20140920,-0.772625
20140921,-0.6735833333333332
20140922,-0.6041666666666667
20140923,-0.5390833333333334
20140924,-0.450375
20140925,-0.39408333333333334
20140926,-0.3668333333333333
20140927,-0.3230416666666666
20140928,-0.2788333333333333
20140929,-0.24875
20140930,-0.25625000000000003
20141001,-0.24208333333333334
20141002,-0.20029166666666673
20141003,-0.15708333333333332
20141004,-0.13491666666666666
20141005,-0.15429166666666663
20141006,-0.16545833333333335
20141007,-0.09591666666666666
20141008,-0.08170833333333333
20141009,-0.049250000000000016
20141010,-0.05470833333333334
20141011,-0.06375
20141012,-0.07620833333333334
20141013,-0.08033333333333333
20141014,-0.09108333333333334
20141015,-0.10941666666666672
20141016,-0.13016666666666662
20141017,-0.16224999999999998
20141018,-0.172125
20141019,-0.13212500000000002
20141020,-0.08650000000000001
20141021,-0.104875
20141022,-0.04291666666666668
20141023,-0.02187500000000001
20141024,0.01883333333333333
20141025,0.059291666666666666
20141026,0.04029166666666668
20141027,0.02479166666666668
20141028,0.012250000000000004
20141029,0.009500000000000001
20141030,0.004708333333333334
20141031,-0.01683333333333334
20141101,-0.07729166666666668
20141102,-0.10937500000000001
20141103,0.46137500000000004
20141104,2.576708333333333
20141105,3.7141666666666673
20141106,3.6183333333333336
20141107,4.063416666666668
20141108,3.081791666666667
20141109,0.9999583333333334
20141110,3.923666666666666
20141111,4.02575
20141112,4.050166666666666
20141113,3.969375
20141114,4.010375000000001
20141115,4.065541666666667
20141116,4.085958333333333
20141117,4.026249999999999
20141118,3.9553333333333334
20141119,3.866708333333333
20141120,3.8060000000000005
20141121,3.842541666666667
20141122,3.9075833333333345
20141123,3.9227916666666665
20141124,3.8538750000000004
20141125,3.8260416666666663
20141126,3.919
20141127,3.9958750000000003
20141128,3.9678333333333335
20141129,3.9192916666666675
20141130,3.8922500000000007
20141201,3.9312083333333327
20141202,3.9109166666666653
20141203,1.1156249999999999
20141204,3.8965416666666663
20141205,3.9207500000000004
20141206,3.859125
20141207,3.9369166666666664
20141208,3.9425833333333338
20141209,3.860458333333334
20141210,3.9726666666666666
20141211,4.066708333333333
20141212,4.153500000000001
20141213,4.011791666666666
20141214,3.9697500000000012
20141215,4.001583333333332
20141216,3.9917916666666664
20141217,4.058791666666666
20141218,4.035375
20141219,3.9309999999999996
20141220,3.6495833333333336
20141221,3.1465833333333335
20141222,1.78
20141223,1.4492916666666666
20141224,3.137958333333333
20141225,3.8782916666666662
20141226,3.8309999999999995
20141227,3.9974583333333324
20141228,3.815666666666667
20141229,3.7523749999999993
20141230,3.6966666666666668
20141231,3.759416666666667
20150101,3.6619999999999995
20150102,3.7137499999999997
20150103,3.8272500000000007
20150104,3.718666666666667
20150105,3.7435416666666668
20150106,3.5972500000000003
20150107,3.3444583333333333
20150108,3.770666666666667
20150109,3.1539999999999986
20150110,2.57075
20150111,2.5662499999999997
20150112,2.8852916666666673
20150113,2.7569166666666667
20150114,2.8249166666666663
20150115,2.58725
20150116,3.848041666666667
20150117,2.449916666666667
20150118,1.743166666666666
20150119,2.02375
20150120,-0.231375
20150121,2.7979583333333333
20150122,3.8162916666666664
20150123,2.856416666666666
20150124,2.849
20150125,3.611083333333333
20150126,3.906333333333334
20150127,3.880791666666667
20150128,4.043083333333332
20150129,4.17775
20150130,4.270333333333333
20150131,4.267125000000001
20150201,4.195291666666667
20150202,3.523541666666666
20150203,3.7426666666666666
20150204,3.5889583333333337
20150205,3.2291666666666665
20150206,3.7029166666666664
20150207,3.767791666666668
20150208,3.751708333333333
20150209,3.793416666666665
20150210,3.7517083333333345
20150211,3.78725
20150212,2.4060416666666673
20150213,1.9528750000000006
20150214,2.3083750000000007
20150215,2.9118333333333326
20150216,3.8454583333333336
20150217,1.0470000000000004
20150218,0.7674583333333335
20150219,0.3571666666666668
20150220,0.14725000000000005
20150221,0.755125
20150222,1.6575833333333334
20150223,0.17799999999999994
20150224,0.10854166666666665
20150225,1.7927499999999998
20150226,2.063916666666667
20150227,2.0746249999999997
20150228,1.4535
20150301,1.3464166666666666
20150302,1.5601666666666667
20150303,1.0771249999999999
20150304,1.1005
20150305,0.28404166666666664
20150306,1.281958333333333
20150307,1.1124583333333333
20150308,0.5592916666666666
20150309,1.092625
20150310,0.40087500000000004
20150311,-0.9263750000000001
20150312,0.09512499999999997
20150313,0.21437499999999998
20150314,0.5117083333333332
20150315,1.0690000000000002
20150316,-0.9239166666666668
20150317,0.7812499999999999
20150318,3.001708333333333
20150319,3.7408750000000004
20150320,-2.3278333333333334
20150321,-3.1476666666666664
20150322,-3.2217916666666664
20150323,-3.1411249999999997
20150329,4.977
20150827,-2.5380000000000003
20150828,-2.535125
20150829,-2.59425
20150830,-2.65075
20150831,-2.60075
20150901,-2.4863750000000002
20150902,-2.5288749999999998
20150903,-2.571625
20150904,-2.466625
20150905,-2.38375
20150906,-2.42325
20150907,-2.479625
20150908,-2.524875
20150909,-2.570875
20150910,-2.615625
20150911,-2.653625
20150912,-2.678625
20150913,-2.701125
20150914,-2.714375
20150915,-2.72275
20150916,-2.71925
20150917,-2.7049999999999996
20150918,-2.698875
20150919,-2.7195
20150920,-2.73075
20150921,-2.7337499999999997
20150922,-2.7352500000000006
20150923,-2.75975
20150924,-2.7595
20150925,-2.742125
20150926,-2.7536250000000004
20150927,-2.7696249999999996
20150928,-2.7816249999999996
20150929,-2.7915
20150930,-2.8034999999999997
20151001,-2.8153749999999995
20151002,-2.8191249999999997
20151003,-2.8235
20151004,-2.8345
20151005,-2.8405
20151006,-2.824875
20151007,-2.8155
20151008,-2.815875
20151009,-2.8155
20151010,-2.82275
20151011,-2.839875
20151012,-2.856375
20151013,-2.874375
20151014,-2.88225
20151015,-2.879125
20151016,-2.8555
20151017,-2.8121249999999995
20151018,-2.78375
20151019,-2.7672499999999998
20151020,-2.7701249999999997
20151021,-2.7709999999999995
20151022,-2.774375
20151023,-2.78675
20151024,-2.7985
20151025,-2.8208749999999996
20151026,-2.8310000000000004
20151027,-2.8400000000000003
20151028,-2.847375
20151029,-2.862875
20151030,-2.8755
20151031,-2.8806249999999998
20151101,-2.8906249999999996
20151102,-2.890625
20151103,-2.888625
20151104,-2.89375
20151105,-2.896875
20151106,-2.85025
20151107,-2.78625
20151108,-2.75725
20151109,-2.73375
20151110,-2.7199999999999998
20151111,-2.704375
20151112,-2.718
20151113,-2.7143750000000004
20151114,-2.674625
20151115,-2.475625
20151116,-2.3381250000000002
20151117,-2.3663749999999997
20151118,-2.3415000000000004
20151119,-2.32275
20151120,-2.3346250000000004
20151121,-2.3657500000000002
20151122,-2.3745000000000003
20151123,-2.4245
20151124,-2.4438750000000002
20151125,-2.452125
20151126,-2.4822499999999996
20151127,-2.50275
20151128,-2.4935000000000005
20151129,-2.4383749999999997
20151130,-2.4065000000000003
20151201,-2.3363750000000003
20151202,-2.382375
20151203,-2.451625
20151204,-2.502875
20151205,-2.535125
20151206,-2.574125
20151207,-2.61625
20151208,-2.6306249999999998
20151209,-2.646375
20151210,-2.65225
20151211,-2.655
20151212,-2.62825
20151213,-2.4695
20151214,-2.47775
20151215,-2.5305000000000004
20151216,-2.562625
20151217,-2.5705
20151218,-2.5875
20151219,-2.6075
20151220,-2.62575
20151221,-2.644875
20151222,-2.6382499999999998
20151223,-2.631125
20151224,-2.6325
20151225,-2.6527499999999997
20151226,-2.65725
20151227,-2.6725
20151228,-2.67975
20151229,-2.688625
20151230,-2.6971249999999998
20151231,-2.7069999999999994
20160101,-2.727125
20160102,-2.730125
20160103,-2.72975
20160104,-2.7283749999999998
20160105,-2.7368750000000004
20160106,-2.74725
20160107,-2.71725
20160108,-2.55775
20160109,-2.529125
20160110,-2.5588749999999996
20160111,-2.591625
20160112,-2.604
20160113,-2.51675
20160114,-2.4402500000000003
20160115,-2.41875
20160116,-2.44725
20160117,-2.4642500000000003
20160118,-2.49925
20160119,-2.547375
20160120,-2.5949999999999998
20160121,-2.627
20160122,-2.636125
20160123,-2.63325
20160124,-2.6197500000000002
20160125,-2.6033749999999998
20160126,-2.607125
20160127,-2.576125
20160128,-2.55175
20160129,-2.554875
20160130,-2.462625
20160131,-2.411
20160201,-2.449125
20160202,-2.494875
20160203,-2.5495
20160204,-2.59
20160205,-2.608375
20160206,-2.6168750000000003
20160207,-2.6335
20160208,-2.6317500000000003
20160209,-2.6008750000000003
20160210,-2.5215
20160211,-2.500375
20160212,-2.5225
20160213,-2.55425
20160214,-2.584625
20160215,-2.5410000000000004
20160216,-2.5501250000000004
20160217,-2.5696250000000003
20160218,-2.60775
20160219,-2.6373749999999996
20160220,-2.6336250000000003
20160221,-2.60175
20160222,-2.5328749999999998
20160223,-2.5423750000000003
20160224,-2.5736250000000003
20160225,-2.60525
20160226,-2.6342499999999998
20160227,-2.6665
20160228,-2.689
20160229,-2.7062500000000003
20160301,-2.6893750000000005
20160302,-2.6406250000000004
20160303,-2.53125
20160304,-2.4573750000000003
20160305,-2.417875
20160306,-2.46075
20160307,-2.50875
20160308,-2.547875
20160309,-2.577875
20160310,-2.6285
20160311,-2.6597500000000003
20160312,-2.683
20160313,-2.706375
20160314,-2.7232499999999997
20160315,-2.7378750000000003
20160316,-2.753375
20160317,-2.765625
20160318,-2.77575
20160319,-2.78575
20160320,-2.7928749999999996
20160321,-2.7981249999999998
20160322,-2.806375
20160323,-2.8127500000000003
20160324,-2.814875
20160325,-2.7972499999999996
20160326,-2.77825
20160327,-2.763125
20160328,-2.745375
20160329,-2.771625
20160330,-2.737375
20160331,-2.7402500000000005
20160401,-2.7496250000000004
20160402,-2.758
20160403,-2.762625
20160404,-2.729375
20160405,-2.6562499999999996
20160406,-2.6213749999999996
20160407,-2.595625
20160408,-2.58175
20160409,-2.5837499999999998
20160410,-2.618
20160411,-2.6452500000000003
20160412,-2.671375
20160413,-2.619
20160414,-2.632625
20160415,-2.640375
20160416,-2.639
20160417,-2.6630000000000003
20160418,-2.672875
20160419,-2.700125
20160420,-2.720375
20160421,-2.7345
20160422,-2.749
20160423,-2.76225
20160424,-2.77625
20160425,-2.7255
20160426,-2.60125
20160427,-2.569
20160428,-2.551875
20160429,-2.531875
20160430,-2.543
20160501,-2.5798750000000004
20160502,-2.604375
20160503,-2.6276249999999997
20160504,-2.659125
20160505,-2.6827500000000004
20160506,-2.704
20160507,-2.730375
20160508,-2.758625
20160509,-2.783625
20160510,-2.8057499999999997
20160511,-2.8237500000000004
20160512,-2.84375
20160513,-2.8645000000000005
20160514,-2.874375
20160515,-2.8805
20160516,-2.889375
20160517,-2.8962499999999998
20160518,-2.90175
20160519,-2.91675
20160520,-2.920375
20160521,-2.9229999999999996
20160522,-2.9308750000000003
20160523,-2.9078749999999998
20160524,-2.8817500000000003
20160525,-2.8832499999999994
20160526,-2.892125
20160527,-2.906625
20160528,-2.91775
20160529,-2.930625
20160530,-2.9389999999999996
20160531,-2.940875
20160601,-2.9565
20160602,-2.96125
20160603,-2.949625
20160604,-2.922
20160605,-2.939125
20160606,-2.9532499999999997
20160607,-2.967375
20160608,-2.9753750000000005
20160609,-2.9819999999999998
20160610,-2.9881249999999997
20160611,-2.9962500000000003
20160612,-2.989375
20160613,-2.896875
20160614,-2.787375
20160615,-2.6988749999999997
20160616,-2.631125
20160617,-2.604
20160618,-2.58725
20160619,-2.6085000000000003
20160620,-2.572375
20160621,-2.4692499999999997
20160622,-2.4939999999999998
20160623,-2.516125
20160624,-2.5435
20160625,-2.5829999999999997
20160626,-2.608125
20160627,-2.631
20160628,-2.61975
20160629,-2.489625
20160630,-2.468625
20160701,-2.379
20160702,-2.3615
20160703,-2.4147499999999997
20160704,-2.484375
20160705,-2.538
20160706,-2.5931249999999997
20160707,-2.6377500000000005
20160708,-2.66025
20160709,-2.6837499999999994
20160710,-2.7036249999999997
20160711,-2.7281250000000004
20160712,-2.758
20160713,-2.780375
20160714,-2.797
20160715,-2.8103750000000005
20160716,-2.8205
20160717,-2.8248749999999996
20160718,-2.8463749999999997
20160719,-3.202375
20160720,-3.1337499999999996
20160721,-2.90325
20160722,-2.9195000000000007
20160723,-2.93125
20160724,-2.9388750000000003
20160725,-2.9471249999999998
20160726,-2.9574999999999996
20160727,-2.9586249999999996
20160728,-2.949
20160729,-2.930625
20160730,-2.92975
20160731,-2.9151249999999997
20160801,-2.8895
20160802,-2.8712500000000003
20160803,-2.86125
20160804,-2.8563750000000003
20160805,-2.8725
20160806,-2.8867499999999997
20160807,-2.8958749999999993
20160808,-2.90875
20160809,-2.9223749999999997
20160810,-2.9175
20160811,-2.896125
20160812,-2.800375
20160813,-2.782125
20160814,-2.7995
20160815,-2.8257499999999998
20160816,-2.8497500000000002
20160817,-2.8725000000000005
20160818,-2.89725
20160819,-2.9118749999999998
20160820,-2.918875
20160821,-2.9265
20160822,-2.917875
20160823,-2.91825
20160824,-2.932125
20160825,-2.94875
20160826,-2.96725
20160827,-2.9747500000000002
20160828,-2.9595000000000002
20160829,-2.9672500000000004
20160830,-2.97825
20160831,-2.9858750000000005
20160901,-2.995
20160902,-2.996125
20160903,-2.996625
20160904,-2.962375
20160905,-2.97025
20160906,-2.982375
20160907,-2.99125
20160908,-3.001625
20160909,-2.9997499999999997
20160910,-3.01075
20160911,-3.0235
20160912,-3.0283750000000005
20160913,-3.0374999999999996
20160914,-3.048
20160915,-3.0577500000000004
20160916,-3.056875
20160917,-3.0682500000000004
20160918,-3.071125
20160919,-3.0736250000000003
20160920,-3.0789999999999997
20160921,-3.0839999999999996
20160922,-3.0876250000000005
20160923,-3.0975
20160924,-3.0978749999999997
20160925,-3.105
20160926,-3.11225
20160927,-3.113125
20160928,-3.116
20160929,-3.1093750000000004
20160930,-3.0936250000000003
20161001,-3.090375
20161002,-3.0729999999999995
20161003,-3.079875
20161004,-3.088
20161005,-3.0994999999999995
20161006,-3.10425
20161007,-3.1103749999999994
20161008,-3.11475
20161009,-3.1133750000000004
20161010,-3.11125
20161011,-3.11275
20161012,-3.1155
20161013,-3.118
20161014,-3.118875
20161015,-3.1158749999999995
20161016,-3.1183750000000003
20161017,-3.1212500000000003
20161018,-3.1045000000000003
20161019,-3.067625
20161020,-3.0488750000000002
20161021,-3.035125
20161022,-3.021125
20161023,-3.0131249999999996
20161024,-3.016
20161025,-3.01825
20161026,-3.0202500000000003
20161027,-3.0220000000000002
20161028,-3.022625
20161029,-3.0237499999999997
20161030,-3.020125
20161031,-3.01975
20161101,-3.0153749999999997
20161102,-3.0116250000000004
20161103,-2.998625
20161104,-2.9859999999999998
20161105,-2.9645
20161106,-2.95
20161107,-2.945125
20161108,-2.931625
20161109,-2.9250000000000003
20161110,-2.927625
20161111,-2.9366250000000003
20161112,-2.9359999999999995
20161113,-2.937875
20161114,-2.93575
20161115,-2.9124999999999996
20161116,-2.888
20161117,-2.8620000000000005
20161118,-2.837625
20161119,-2.8286249999999997
20161120,-2.805625
20161121,-2.7872500000000002
20161122,-2.7761250000000004
20161123,-2.7882499999999997
20161124,-2.8042499999999992
20161125,-2.813375
20161126,-2.81825
20161127,-2.8351249999999997
20161128,-2.852125
20161129,-2.8598750000000006
20161130,-2.867125
20161201,-2.8747499999999997
20161202,-2.8806249999999998
20161203,-2.8822499999999995
20161204,-2.88525
20161205,-2.8907499999999997
20161206,-2.8943749999999993
20161207,-2.8946250000000004
20161208,-2.8947499999999997
20161209,-2.883875
20161210,-2.8701250000000003
20161211,-2.744375
20161212,-2.697
20161213,-2.69075
20161214,-2.699375
20161215,-2.706875
20161216,-2.725
20161217,-2.7432499999999997
20161218,-2.7623749999999996
20161219,-2.7732500000000004
20161220,-2.782125
20161221,-2.7867499999999996
20161222,-2.7814999999999994
20161223,-2.7818749999999994
20161224,-2.7813749999999997
20161225,-2.783375
20161226,-2.79
20161227,-2.804375
20161228,-2.8137499999999998
20161229,-2.818
20161230,-2.8229999999999995
20161231,-2.8206249999999997
20170101,-2.82
20170102,-2.8360000000000003
20170103,-2.8277499999999995
20170104,-2.822
20170105,-2.82775
20170106,-2.8285
20170107,-2.828125
20170108,-2.8272500000000003
20170109,-2.8086249999999993
20170110,-2.7335
20170111,-2.689375
20170112,-2.669125
20170113,-2.5817500000000004
20170114,-2.512875
20170115,-2.5010000000000003
20170116,-2.543375
20170117,-2.59225
20170118,-2.632
20170119,-2.6666250000000002
20170120,-2.695625
20170121,-2.717375
20170122,-2.738375
20170123,-2.7566249999999997
20170124,-2.7727500000000003
20170125,-2.787
20170126,-2.795875
20170127,-2.8018750000000003
20170128,-2.8124999999999996
20170129,-2.8215000000000003
20170130,-2.8000000000000003
20170131,-2.764625
20170201,-2.7464999999999997
20170202,-2.741
20170203,-2.7428749999999997
20170204,-2.7466250000000003
20170205,-2.7118749999999996
20170206,-2.6955000000000005
20170207,-2.7011249999999998
20170208,-2.7285
20170209,-2.7467499999999996
20170210,-2.7615
20170211,-2.7783749999999996
20170212,-2.795875
20170213,-2.8108750000000002
20170214,-2.81975
20170215,-2.8285
20170216,-2.830625
20170217,-2.8335
20170218,-2.8331250000000003
20170219,-2.827125
20170220,-2.81875
20170221,-2.8095
20170222,-2.764625
20170223,-2.6431250000000004
20170224,-2.511375
20170225,-2.503875
20170226,-2.4741250000000004
20170227,-2.454375
20170228,-2.4261249999999994
20170301,-2.451
20170302,-2.414875
20170303,-2.3923749999999995
20170304,-2.4459999999999997
20170305,-2.4085
20170306,-2.4425000000000003
20170307,-2.503375
20170308,-2.53225
20170309,-2.5527499999999996
20170310,-2.577375
20170311,-2.5965
20170312,-2.6248749999999994
20170313,-2.65525
20170314,-2.675625
20170315,-2.69825
20170316,-2.707125
20170317,-2.71625
20170318,-2.6640000000000006
20170319,-2.6542499999999998
20170320,-2.6236249999999997
20170321,-2.5791249999999994
20170322,-2.6060000000000003
20170323,-2.64775
20170324,-2.6819999999999995
20170325,-2.701
20170326,-2.717
20170327,-2.7342500000000003
20170328,-2.744125
20170329,-2.7555
20170330,-2.7651250000000003
20170331,-2.77475
20170401,-2.7837500000000004
20170402,-2.797375
20170403,-2.8091250000000003
20170404,-2.816125
20170405,-2.825125
20170406,-2.832375
20170407,-2.837875
20170408,-2.8442499999999997
20170409,-2.8467499999999997
20170410,-2.856125
20170411,-2.862
20170412,-2.851375
20170413,-2.849875
20170414,-2.86075
20170415,-2.851875
20170416,-2.867625
20170417,-2.8742500000000004
20170418,-2.8851249999999995
20170419,-2.8907499999999997
20170420,-2.8895
20170421,-2.889125
20170422,-2.8946249999999996
20170423,-2.896625
20170424,-2.8855
20170425,-2.87575
20170426,-2.894
20170427,-2.8979999999999997
20170428,-2.901875
20170429,-2.9082500000000002
20170430,-2.9067499999999997
20170501,-2.91375
20170502,-2.9253750000000003
20170503,-2.9285
20170504,-2.932875
20170505,-2.931375
20170506,-2.9281249999999996
20170507,-2.9368749999999997
20170508,-2.943
20170509,-2.94475
20170510,-2.9447499999999995
20170511,-2.948124999999999
20170512,-2.9507499999999998
20170513,-2.9368749999999997
20170514,-2.9405
20170515,-2.945625
20170516,-2.954
20170517,-2.960625
20170518,-2.9696249999999997
20170519,-2.970625
20170520,-2.9775
20170521,-2.988
20170522,-2.9938749999999996
20170523,-3.0045
20170524,-3.0157499999999997
20170525,-3.0235000000000003
20170526,-3.0325
20170527,-3.0385
20170528,-3.053125
20170529,-3.065875
20170530,-3.070875
20170531,-3.082625
20170601,-3.0919999999999996
20170602,-3.101125
20170603,-3.1100000000000003
20170604,-3.1194999999999995
20170605,-3.125125
20170606,-3.1233750000000002
20170607,-3.101125
20170608,-3.08925
20170609,-3.069125
20170610,-3.0503750000000003
20170611,-3.0562500000000004
20170612,-3.0683749999999996
20170613,-3.0875000000000004
20170614,-3.1062499999999997
20170615,-3.1195
20170616,-3.1384999999999996
20170617,-3.1455
20170618,-3.1505
20170619,-3.157625
20170620,-3.16825
20170621,-3.1725000000000003
20170622,-3.177625
20170623,-3.186
20170624,-3.1767499999999997
20170625,-3.16775
20170626,-3.1313750000000002
20170627,-3.1335
20170628,-3.0755000000000003
20170629,-2.92625
20170630,-2.829625
20170701,-2.7230000000000003
20170702,-2.695875
20170703,-2.7118750000000005
20170704,-2.7455
20170705,-2.788875
20170706,-2.8044999999999995
20170707,-2.8026249999999995
20170708,-2.808
20170709,-2.8033750000000004
20170710,-2.80075
20170711,-2.800625
20170712,-2.81175
20170713,-2.810875
20170714,-2.8020000000000005
20170715,-2.8031250000000005
20170716,-2.8025
20170717,-2.8087500000000003
20170718,-2.822
20170719,-2.81275
20170720,-2.8016249999999996
20170721,-2.8127500000000003
20170722,-2.8074999999999997
20170723,-2.80125
20170724,-2.813
20170725,-2.8091250000000003
20170726,-2.80375
20170727,-2.8024999999999998
20170728,-2.7972500000000005
20170729,-2.8018750000000003
20170730,-2.801375
20170731,-2.80575
20170801,-2.807
20170802,-2.862875
20170803,-2.89825
20170804,-2.9170000000000003
20170805,-2.9295000000000004
20170806,-2.9471249999999998
20170807,-2.9618749999999996
20170808,-2.9702499999999996
20170809,-2.9772499999999997
20170810,-2.992125
20170811,-2.994375
20170812,-2.9862500000000005
20170813,-3.0022499999999996
20170814,-3.011125
20170815,-3.0201249999999993
20170816,-3.030375
20170817,-3.0277499999999997
20170818,-3.0247499999999996
20170819,-3.022125
20170820,-3.0222499999999997
20170821,-3.028375
20170822,-3.04175
20170823,-3.04575
20170824,-3.0561249999999998
20170825,-3.0675
20170826,-3.076125
20170827,-3.0813750000000004
20170828,-3.0877499999999998
20170829,-3.096375
20170830,-3.0618749999999997
20170831,-3.007625
20170901,-3.0014999999999996
20170902,-3.0027499999999994
20170903,-3.005375
20170904,-3.01675
20170905,-3.02675
20170906,-3.0203750000000005
20170907,-3.0089999999999995
20170908,-2.8877499999999996
20170909,-2.6141250000000005
20170910,-2.540375
20170911,-2.5536250000000003
20170912,-2.49725
20170913,-2.392875
20170914,-2.3463749999999997
20170915,-2.33875
20170916,-2.3331250000000003
20170917,-2.255375
20170918,-2.29825
20170919,-2.346875
20170920,-2.4
20170921,-2.454375
20170922,-2.506375
20170923,-2.549625
20170924,-2.5848750000000003
20170925,-2.613625
20170926,-2.6383749999999995
20170927,-2.65875
20170928,-2.6746250000000003
20170929,-2.684125
20170930,-2.668
20171001,-2.6689999999999996
20171002,-2.6732499999999995
20171003,-2.7006249999999996
20171004,-2.71125
20171005,-2.6687499999999997
20171006,-2.629
20171007,-2.58275
20171008,-2.5178749999999996
20171009,-2.5500000000000003
20171010,-2.5795
20171011,-2.60875
20171012,-2.6492499999999994
20171013,-2.676
20171014,-2.7023749999999995
20171015,-2.717875
20171016,-2.7345
20171017,-2.7504999999999997
20171018,-2.7643750000000002
20171019,-2.773375
20171020,-2.76125
20171021,-2.6630000000000003
20171022,-2.603875
20171023,-2.5336250000000002
20171024,-2.521
20171025,-2.5077499999999997
20171026,-2.5508749999999996
20171027,-2.602
20171028,-2.627125
20171029,-2.6678749999999996
20171030,-2.7133749999999996
20171031,-2.72375
20171101,-2.730375
20171102,-2.744
20171103,-2.757875
20171104,-2.7582500000000003
20171105,-2.7613749999999997
20171106,-2.7521249999999995
20171107,-2.7428750000000006
20171108,-2.757625
20171109,-2.76125
20171110,-2.7482500000000005
20171111,-2.665
20171112,-2.604
20171113,-2.5211249999999996
20171114,-2.50225
20171115,-2.511875
20171116,-2.5263750000000003
20171117,-2.563125
20171118,-2.5717499999999998
20171119,-2.56275
20171120,-2.529
20171121,-2.4307499999999997
20171122,-2.34225
20171123,-2.368875
20171124,-2.42675
20171125,-2.477125
20171126,-2.5136249999999998
20171127,-2.4825
20171128,-2.4587499999999998
20171129,-2.4774999999999996
20171130,-2.515625
20171201,-2.563875
20171202,-2.5942499999999997
20171203,-2.6170000000000004
20171204,-2.627125
20171205,-2.625125
20171206,-2.6316249999999997
20171207,-2.6225
20171208,-2.56325
20171209,-2.46975
20171210,-2.430875
20171211,-2.473125
20171212,-2.43225
20171213,-2.334125
20171214,-2.276375
20171215,-2.308625
20171216,-2.3905
20171217,-2.4483749999999995
20171218,-2.475375
20171219,-2.498625
20171220,-2.533875
20171221,-2.5571249999999996
20171222,-2.5811249999999997
20171223,-2.598
20171224,-2.612125
20171225,-2.63
20171226,-2.64725
20171227,-2.648375
20171228,-2.62225
20171229,-2.533
20171230,-2.47475
20171231,-2.4043750000000004
20180101,-2.327
20180102,-2.37075
20180103,-2.247125
20180104,-2.222
20180105,-2.282
20180106,-2.3381250000000002
20180107,-2.40775
20180108,-2.4651249999999996
20180109,-2.5146249999999997
20180110,-2.5625
20180111,-2.6113750000000002
20180112,-2.6384999999999996
20180113,-2.6555
20180114,-2.6701249999999996
20180115,-2.64825
20180116,-2.573125
20180117,-2.56025
20180118,-2.4751250000000002
20180119,-2.4
20180120,-2.40175
20180121,-2.458375
20180122,-2.498875
20180123,-2.5348750000000004
20180124,-2.4949999999999997
20180125,-2.399875
20180126,-2.441125
20180127,-2.497125
20180128,-2.5366250000000004
20180129,-2.5429999999999997
20180130,-2.520875
20180131,-2.503625
20180201,-2.506
20180202,-2.5315
20180203,-2.537125
20180204,-2.5625
20180205,-2.585375
20180206,-2.604
20180207,-2.633875
20180208,-2.658
20180209,-2.6787500000000004
20180210,-2.700375
20180211,-2.6913750000000003
20180212,-2.714
20180213,-2.7166250000000005
20180214,-2.7270000000000003
20180215,-2.731
20180216,-2.745375
20180217,-2.749625
20180218,-2.754
20180219,-2.760125
20180220,-2.774875
20180221,-2.7842499999999997
20180222,-2.7914999999999996
20180223,-2.798875
20180224,-2.8080000000000003
20180225,-2.8155
20180226,-2.817125
20180227,-2.8086249999999997
20180228,-2.806375
20180301,-2.7930000000000006
20180302,-2.7872500000000002
20180303,-2.7838749999999997
20180304,-2.7712499999999998
20180305,-2.7584999999999997
20180306,-2.768125
20180307,-2.779375
20180308,-2.7706250000000003
20180309,-2.7695
20180310,-2.755
20180311,-2.740125
20180312,-2.7445000000000004
20180313,-2.76275
20180314,-2.76575
20180315,-2.767625
20180316,-2.791375
20180317,-2.81025
20180318,-2.8225
20180319,-2.832
20180320,-2.8412500000000005
20180321,-2.8415
20180322,-2.8236250000000003
20180323,-2.819625
20180324,-2.83275
20180325,-2.84525
20180326,-2.84875
20180327,-2.844875
20180328,-2.820625
20180329,-2.7622500000000003
20180330,-2.73975
20180331,-2.7301249999999997
20180401,-2.743125
20180402,-2.7371250000000003
20180403,-2.705875
20180404,-2.6235
20180405,-2.4442500000000003
20180406,-2.450125
20180407,-2.5015
20180408,-2.560625
20180409,-2.6052500000000003
20180410,-2.637125
20180411,-2.6695
20180412,-2.6931249999999998
20180413,-2.7178750000000003
20180414,-2.7423750000000005
20180415,-2.7393750000000003
20180416,-2.758374999999999
20180417,-2.7755
20180418,-2.7905000000000006
20180419,-2.798625
20180420,-2.809875
20180421,-2.82425
20180422,-2.825375
20180423,-2.8366249999999997
20180424,-2.838375
20180425,-2.81975
20180426,-2.834
20180427,-2.8438749999999997
20180428,-2.85
20180429,-2.8531250000000004
20180430,-2.769875
20180501,-2.7382500000000003
20180502,-2.743625
20180503,-2.7736249999999996
20180504,-2.7946250000000004
20180505,-2.81225
20180506,-2.82425
20180507,-2.84075
20180508,-2.8540000000000005
20180509,-2.8703749999999997
20180510,-2.8775
20180511,-2.8867499999999997
20180512,-2.895
20180513,-2.8966250000000002
20180514,-2.8585
20180515,-2.8765
20180516,-2.896375
20180517,-2.9023749999999997
20180518,-2.904875
20180519,-2.909625
20180520,-2.917625
20180521,-2.928625
20180522,-2.9444999999999997
20180523,-2.9585
20180524,-2.9678750000000003
20180525,-2.977625
20180526,-2.991875
20180527,-3.0038750000000003
20180528,-3.01775
20180529,-3.0233749999999997
20180530,-3.001375
20180531,-2.9654999999999996
20180601,-2.853
20180602,-2.794625
20180603,-2.7889999999999997
20180604,-2.8075
20180605,-2.83025
20180606,-2.8616249999999996
20180607,-2.8932499999999997
20180608,-2.9195
20180609,-2.9321250000000005
20180610,-2.944
20180611,-2.956
20180612,-2.97025
20180613,-2.9815
20180614,-2.9905000000000004
20180615,-3.007625
20180616,-3.018
20180617,-3.028875
20180618,-3.0309999999999997
20180619,-3.03775
20180620,-3.0465
20180621,-3.0520000000000005
20180622,-3.048125
20180623,-3.0580000000000003
20180624,-3.06675
20180625,-3.073125
20180626,-3.08225
20180627,-3.0895000000000006
20180628,-3.099125
20180629,-3.1075
20180630,-3.116375
20180701,-3.12575
20180702,-3.137875
20180703,-3.1495
20180704,-3.15875
20180705,-3.16525
20180706,-3.1751249999999995
20180707,-3.184375
20180708,-3.1923749999999997
20180709,-3.1995
20180710,-3.2073750000000003
20180711,-3.2146250000000003
20180712,-3.221375
20180713,-3.2288749999999995
20180714,-3.2345
20180715,-3.240375
20180716,-3.247625
20180717,-3.254
20180718,-3.2629999999999995
20180719,-3.2729999999999997
20180720,-3.2800000000000002
20180721,-3.2878750000000005
20180722,-3.2909999999999995
20180723,-3.2969999999999997
20180724,-3.3029999999999995
20180725,-3.3125
20180726,-3.317375
20180727,-3.3233750000000004
20180728,-3.3183749999999996
20180729,-3.31475
20180730,-3.3273750000000004
20180731,-3.3344999999999994
20180801,-3.3397500000000004
20180802,-3.3451250000000003
20180803,-3.3512500000000003
20180804,-3.357125
20180805,-3.3601250000000005
20180806,-3.363875
20180807,-3.368
20180808,-3.3671249999999997
20180809,-3.3223749999999996
20180810,-3.1588749999999997
20180811,-3.0928750000000003
20180812,-3.074125
20180813,-3.074125
20180814,-3.052375
20180815,-3.045
20180816,-3.0505
20180817,-3.061125
20180818,-3.0711250000000003
20180819,-3.0836249999999996
20180820,-3.096
20180821,-3.1055
20180822,-3.1195000000000004
20180823,-3.1255
20180824,-3.109125
20180825,-3.1
20180826,-3.09625
20180827,-3.0817500000000004
20180828,-3.079375
20180829,-3.08575
20180830,-3.091375
20180831,-3.101
20180901,-3.1142499999999997
20180902,-3.1250000000000004
20180903,-3.13575
20180904,-3.14175
20180905,-3.14925
20180906,-3.15175
20180907,-3.140125
20180908,-3.127875
20180909,-3.13625
20180910,-3.1472499999999997
20180911,-3.1493750000000005
20180912,-3.1416250000000003
20180913,-3.1477500000000003
20180914,-3.15225
20180915,-3.145625
20180916,-3.15275
20180917,-3.1599999999999997
20180918,-3.1633333333333327
