5258
2
date,-9999
head_nap,-9999.0
20031216,-2.511
20031217,-2.536
20031218,-2.58
20031219,-2.625
20031220,-2.65
20031221,-2.57
20031222,-2.536
20031223,-2.521
20031224,-2.503
20031225,-2.511
20031226,-2.557
20031227,-2.592
20031228,-2.516
20031229,-2.359
20031230,-2.346
20031231,-2.405
20040101,-2.442
20040102,-2.543
20040103,-2.577
20040104,-2.612
20040105,-2.631
20040106,-2.577
20040107,-2.504
20040108,-2.466
20040109,-2.497
20040110,-2.52
20040111,-2.455
20040112,-2.264
20040113,-2.25
20040114,-2.233
20040115,-2.269
20040116,-2.212
20040117,-2.168
20040118,-2.189
20040119,-2.151
20040120,-2.093
20040121,-2.114
20040122,-2.139
20040123,-2.184
20040124,-2.225
20040125,-2.252
20040126,-2.292
20040127,-2.332
20040128,-2.373
20040129,-2.413
20040130,-2.256
20040131,-2.172
20040201,-2.01
20040202,-1.988
20040203,-1.997
20040204,-2.01
20040205,-2.027
20040206,-2.051
20040207,-1.99
20040208,-1.998
20040209,-2.01
20040210,-2.022
20040211,-1.988
20040212,-2.012
20040213,-2.034
20040214,-2.057
20040215,-2.09
20040216,-2.122
20040217,-2.161
20040218,-2.206
20040219,-2.255
20040220,-2.314
20040221,-2.371
20040222,-2.43
20040223,-2.488
20040224,-2.51
20040225,-2.514
20040226,-2.554
20040227,-2.574
20040228,-2.596
20040229,-2.644
20040301,-2.646
20040302,-2.665
20040303,-2.663
20040304,-2.688
20040305,-2.696
20040306,-2.703
20040307,-2.736
20040308,-2.741
20040309,-2.757
20040310,-2.758
20040311,-2.762
20040312,-2.771
20040313,-2.765
20040314,-2.791
20040315,-2.781
20040316,-2.798
20040317,-2.793
20040318,-2.793
20040319,-2.79
20040320,-2.707
20040321,-2.715
20040322,-2.712
20040323,-2.734
20040324,-2.746
20040325,-2.753
20040326,-2.782
20040327,-2.785
20040328,-2.792
20040329,-2.808
20040330,-2.816
20040331,-2.814
20040401,-2.821
20040402,-2.837
20040403,-2.83
20040404,-2.845
20040405,-2.81
20040406,-2.737
20040407,-2.736
20040408,-2.703
20040409,-2.687
20040410,-2.7
20040411,-2.728
20040412,-2.748
20040413,-2.767
20040414,-2.776
20040415,-2.787
20040416,-2.786
20040417,-2.82
20040418,-2.811
20040419,-2.856
20040420,-2.853
20040421,-2.876
20040422,-2.876
20040423,-2.892
20040424,-2.892
20040425,-2.911
20040426,-2.909
20040427,-2.919
20040428,-2.935
20040429,-2.912
20040430,-2.936
20040501,-2.96
20040502,-2.944
20040503,-2.961
20040504,-2.943
20040505,-2.958
20040506,-2.984
20040507,-2.949
20040508,-2.966
20040509,-3.004
20040510,-2.983
20040511,-2.999
20040512,-3.009
20040513,-3.007
20040514,-3.007
20040515,-3.023
20040516,-3.035
20040517,-3.036
20040518,-3.056
20040519,-3.063
20040520,-3.072
20040521,-3.084
20040522,-3.083
20040523,-3.087
20040524,-3.082
20040525,-3.088
20040526,-3.097
20040527,-3.101
20040528,-3.108
20040529,-3.117
20040530,-3.13
20040531,-3.102
20040601,-3.08
20040602,-3.11
20040603,-3.106
20040604,-3.083
20040605,-3.103
20040606,-3.112
20040607,-3.135
20040608,-3.136
20040609,-3.147
20040610,-3.156
20040611,-3.163
20040612,-3.171
20040613,-3.172
20040614,-3.174
20040615,-3.173
20040616,-3.185
20040617,-3.19
20040618,-3.189
20040619,-3.162
20040620,-3.126
20040621,-3.137
20040622,-3.133
20040623,-3.113
20040624,-2.944
20040625,-2.915
20040626,-2.909
20040627,-2.93
20040628,-2.957
20040629,-2.975
20040630,-2.99
20040701,-3.013
20040702,-3.007
20040703,-2.996
20040704,-3.016
20040705,-3.043
20040706,-3.051
20040707,-3.071
20040708,-3.075
20040709,-3.065
20040710,-3.066
20040711,-3.081
20040712,-3.065
20040713,-3.068
20040714,-3.076
20040715,-3.056
20040716,-2.966
20040717,-2.946
20040718,-2.859
20040719,-2.821
20040720,-2.839
20040721,-2.865
20040722,-2.896
20040723,-2.932
20040724,-2.955
20040725,-2.976
20040726,-2.962
20040727,-2.991
20040728,-3.007
20040729,-3.031
20040730,-3.062
20040731,-3.083
20040801,-3.089
20040802,-3.095
20040803,-3.117
20040804,-3.129
20040805,-3.134
20040806,-3.162
20040807,-3.174
20040808,-3.194
20040809,-3.211
20040810,-3.226
20040811,-3.158
20040812,-3.166
20040813,-2.988
20040814,-2.792
20040815,-2.836
20040816,-2.851
20040817,-2.869
20040818,-2.882
20040819,-2.912
20040820,-2.916
20040821,-2.862
20040822,-2.886
20040823,-2.908
20040824,-2.9
20040825,-2.798
20040826,-2.766
20040827,-2.743
20040828,-2.71
20040829,-2.769
20040830,-2.782
20040831,-2.721
20040901,-2.735
20040902,-2.807
20040903,-2.855
20040904,-2.886
20040905,-2.897
20040906,-2.921
20040907,-2.949
20040908,-2.966
20040909,-2.987
20040910,-3.009
20040911,-3.024
20040912,-3.005
20040913,-3.038
20040914,-3.033
20040915,-3.013
20040916,-3.018
20040917,-3.031
20040918,-3.05
20040919,-3.04
20040920,-3.037
20040921,-3.037
20040922,-3.029
20040923,-3.023
20040924,-2.973
20040925,-2.955
20040926,-2.94
20040927,-2.972
20040928,-2.962
20040929,-2.913
20040930,-2.92
20041001,-2.904
20041002,-2.897
20041003,-2.855
20041004,-2.876
20041005,-2.865
20041006,-2.884
20041007,-2.897
20041008,-2.908
20041009,-2.932
20041010,-2.944
20041011,-2.963
20041012,-2.992
20041013,-2.987
20041014,-2.986
20041015,-2.997
20041016,-3.002
20041017,-2.987
20041018,-2.979
20041019,-2.956
20041020,-2.959
20041021,-2.963
20041022,-2.969
20041023,-2.967
20041024,-2.808
20041025,-2.793
20041026,-2.805
20041027,-2.826
20041028,-2.844
20041029,-2.849
20041030,-2.78
20041031,-2.823
20041101,-2.821
20041102,-2.833
20041103,-2.857
20041104,-2.831
20041105,-2.847
20041106,-2.84
20041107,-2.889
20041108,-2.859
20041109,-2.856
20041110,-2.814
20041111,-2.806
20041112,-2.791
20041113,-2.789
20041114,-2.786
20041115,-2.759
20041116,-2.779
20041117,-2.755
20041118,-2.745
20041119,-2.652
20041120,-2.548
20041121,-2.541
20041122,-2.54
20041123,-2.55
20041124,-2.555
20041125,-2.593
20041126,-2.61
20041127,-2.612
20041128,-2.644
20041129,-2.667
20041130,-2.689
20041201,-2.697
20041202,-2.706
20041203,-2.723
20041204,-2.728
20041205,-2.761
20041206,-2.751
20041207,-2.757
20041208,-2.795
20041209,-2.76
20041210,-2.801
20041211,-2.799
20041212,-2.826
20041213,-2.816
20041214,-2.807
20041215,-2.83
20041216,-2.789
20041217,-2.821
20041218,-2.814
20041219,-2.725
20041220,-2.711
20041221,-2.735
20041222,-2.705
20041223,-2.719
20041224,-2.71
20041225,-2.684
20041226,-2.74
20041227,-2.732
20041228,-2.729
20041229,-2.727
20041230,-2.643
20041231,-2.65
20050101,-2.657
20050102,-2.685
20050103,-2.677
20050104,-2.693
20050105,-2.693
20050106,-2.687
20050107,-2.666
20050108,-2.625
20050109,-2.703
20050110,-2.704
20050111,-2.686
20050112,-2.662
20050113,-2.714
20050114,-2.727
20050115,-2.729
20050116,-2.762
20050117,-2.74
20050118,-2.691
20050119,-2.673
20050120,-2.665
20050121,-2.657
20050122,-2.684
20050123,-2.713
20050124,-2.688
20050125,-2.68
20050126,-2.694
20050127,-2.702
20050128,-2.728
20050129,-2.725
20050130,-2.763
20050131,-2.718
20050201,-2.706
20050202,-2.691
20050203,-2.71
20050204,-2.731
20050205,-2.737
20050206,-2.767
20050207,-2.773
20050208,-2.773
20050209,-2.798
20050210,-2.695
20050211,-2.71
20050212,-2.571
20050213,-2.418
20050214,-2.408
20050215,-2.393
20050216,-2.392
20050217,-2.445
20050218,-2.481
20050219,-2.517
20050220,-2.547
20050221,-2.526
20050222,-2.536
20050223,-2.57
20050224,-2.586
20050225,-2.599
20050226,-2.612
20050227,-2.654
20050228,-2.653
20050301,-2.657
20050302,-2.694
20050303,-2.713
20050304,-2.691
20050305,-2.745
20050306,-2.747
20050307,-2.758
20050308,-2.601
20050309,-2.379
20050310,-2.33
20050311,-2.32
20050312,-2.312
20050313,-2.345
20050314,-2.38
20050315,-2.416
20050316,-2.458
20050317,-2.508
20050318,-2.571
20050319,-2.604
20050320,-2.656
20050321,-2.662
20050322,-2.686
20050323,-2.707
20050324,-2.72
20050325,-2.731
20050326,-2.735
20050327,-2.773
20050328,-2.755
20050329,-2.764
20050330,-2.762
20050331,-2.774
20050401,-2.794
20050402,-2.774
20050403,-2.807
20050404,-2.796
20050405,-2.805
20050406,-2.795
20050407,-2.797
20050408,-2.827
20050409,-2.814
20050410,-2.836
20050411,-2.841
20050412,-2.824
20050413,-2.833
20050414,-2.821
20050415,-2.835
20050416,-2.849
20050417,-2.865
20050418,-2.862
20050419,-2.869
20050420,-2.846
20050421,-2.864
20050422,-2.864
20050423,-2.891
20050424,-2.889
20050425,-2.919
20050426,-2.919
20050427,-2.901
20050428,-2.905
20050429,-2.843
20050430,-2.887
20050501,-2.94
20050502,-2.91
20050503,-2.92
20050504,-2.947
20050505,-2.94
20050506,-2.918
20050507,-2.931
20050508,-2.896
20050509,-2.902
20050510,-2.9
20050511,-2.906
20050512,-2.923
20050513,-2.938
20050514,-2.946
20050515,-2.845
20050516,-2.897
20050517,-2.907
20050518,-2.923
20050519,-2.921
20050520,-2.912
20050521,-2.947
20050522,-2.96
20050523,-2.985
20050524,-2.974
20050525,-2.978
20050526,-2.986
20050527,-3.004
20050528,-3.032
20050529,-3.035
20050530,-3.031
20050531,-2.99
20050601,-3.008
20050602,-3.013
20050603,-3.012
20050604,-2.918
20050605,-2.982
20050606,-2.987
20050607,-3.004
20050608,-3.018
20050609,-3.028
20050610,-3.03
20050611,-3.016
20050612,-3.033
20050613,-3.012
20050614,-3.043
20050615,-3.049
20050616,-3.049
20050617,-3.053
20050618,-3.064
20050619,-3.077
20050620,-3.096
20050621,-3.104
20050622,-3.11
20050623,-3.118
20050624,-3.133
20050625,-3.105
20050626,-3.124
20050627,-3.131
20050628,-3.137
20050629,-3.132
20050630,-3.124
20050701,-2.945
20050702,-2.962
20050703,-2.976
20050704,-2.994
20050705,-2.979
20050706,-2.981
20050707,-2.976
20050708,-2.988
20050709,-2.954
20050710,-3.01
20050711,-3.039
20050712,-3.044
20050713,-3.061
20050714,-3.077
20050715,-3.107
20050716,-3.118
20050717,-3.134
20050718,-3.142
20050719,-3.039
20050720,-3.034
20050721,-3.045
20050722,-3.045
20050723,-3.058
20050724,-3.064
20050725,-3.064
20050726,-3.013
20050727,-3.04
20050728,-3.034
20050729,-3.048
20050730,-2.966
20050731,-2.904
20050801,-2.817
20050802,-2.869
20050803,-2.891
20050804,-2.933
20050805,-2.938
20050806,-2.884
20050807,-2.88
20050808,-2.851
20050809,-2.877
20050810,-2.855
20050811,-2.878
20050812,-2.898
20050813,-2.938
20050814,-2.902
20050815,-2.906
20050816,-2.931
20050817,-2.957
20050818,-2.988
20050819,-3.011
20050820,-3.01
20050821,-3.012
20050822,-3.017
20050823,-3.026
20050824,-3.03
20050825,-2.979
20050826,-2.933
20050827,-2.955
20050828,-2.975
20050829,-3.015
20050830,-3.021
20050831,-3.042
20050901,-3.083
20050902,-3.073
20050903,-3.086
20050904,-3.105
20050905,-3.114
20050906,-3.132
20050907,-3.141
20050908,-3.148
20050909,-3.167
20050910,-3.141
20050911,-3.135
20050912,-3.151
20050913,-3.14
20050914,-3.155
20050915,-3.155
20050916,-3.043
20050917,-3.066
20050918,-3.077
20050919,-3.091
20050920,-3.1
20050921,-3.106
20050922,-3.137
20050923,-3.146
20050924,-3.161
20050925,-3.148
20050926,-3.106
20050927,-3.122
20050928,-3.129
20050929,-3.061
20050930,-3.027
20051001,-2.994
20051002,-3.017
20051003,-3.026
20051004,-3.041
20051005,-3.057
20051006,-3.061
20051007,-3.06
20051008,-3.077
20051009,-3.074
20051010,-3.064
20051011,-3.076
20051012,-3.101
20051013,-3.118
20051014,-3.124
20051015,-3.123
20051016,-3.129
20051017,-3.152
20051018,-3.146
20051019,-3.139
20051020,-3.128
20051021,-3.112
20051022,-3.113
20051023,-3.115
20051024,-3.118
20051025,-2.995
20051026,-2.986
20051027,-2.984
20051028,-3.011
20051029,-3.026
20051030,-3.031
20051031,-3.057
20051101,-3.046
20051102,-3.041
20051103,-3.017
20051104,-3.039
20051105,-3.034
20051106,-3.039
20051107,-3.044
20051108,-3.018
20051109,-3.041
20051110,-3.021
20051111,-3.003
20051112,-2.999
20051113,-3.016
20051114,-3.006
20051115,-2.986
20051116,-2.966
20051117,-2.912
20051118,-2.764
20051119,-2.762
20051120,-2.808
20051121,-2.856
20051122,-2.862
20051123,-2.876
20051124,-2.838
20051125,-2.751
20051126,-2.799
20051127,-2.838
20051128,-2.837
20051129,-2.855
20051130,-2.857
20051201,-2.867
20051202,-2.874
20051203,-2.89
20051204,-2.905
20051205,-2.825
20051206,-2.819
20051207,-2.817
20051208,-2.839
20051209,-2.854
20051210,-2.849
20051211,-2.885
20051212,-2.899
20051213,-2.9
20051214,-2.908
20051215,-2.896
20051216,-2.808
20051217,-2.869
20051218,-2.846
20051219,-2.767
20051220,-2.78
20051221,-2.793
20051222,-2.8
20051223,-2.756
20051224,-2.781
20051225,-2.823
20051226,-2.809
20051227,-2.845
20051228,-2.854
20051229,-2.85
20051230,-2.831
20051231,-2.839
20060101,-2.766
20060102,-2.793
20060103,-2.785
20060104,-2.819
20060105,-2.83
20060106,-2.853
20060107,-2.871
20060108,-2.884
20060109,-2.898
20060110,-2.88
20060111,-2.868
20060112,-2.916
20060113,-2.887
20060114,-2.917
20060115,-2.909
20060116,-2.922
20060117,-2.9
20060118,-2.943
20060119,-2.903
20060120,-2.848
20060121,-2.818
20060122,-2.894
20060123,-2.875
20060124,-2.885
20060125,-2.898
20060126,-2.927
20060127,-2.924
20060128,-2.94
20060129,-2.948
20060130,-2.956
20060131,-2.939
20060201,-2.949
20060202,-2.954
20060203,-2.95
20060204,-2.962
20060205,-2.972
20060206,-2.949
20060207,-2.95
20060208,-2.908
20060209,-2.93
20060210,-2.924
20060211,-2.917
20060212,-2.926
20060213,-2.926
20060214,-2.92
20060215,-2.867
20060216,-2.811
20060217,-2.817
20060218,-2.849
20060219,-2.846
20060220,-2.892
20060221,-2.892
20060222,-2.9
20060223,-2.89
20060224,-2.935
20060225,-2.932
20060226,-2.956
20060227,-2.929
20060228,-2.93
20060301,-2.925
20060302,-2.916
20060303,-2.911
20060304,-2.898
20060305,-2.923
20060306,-2.889
20060307,-2.842
20060308,-2.826
20060309,-2.796
20060310,-2.753
20060311,-2.782
20060312,-2.803
20060313,-2.814
20060314,-2.832
20060315,-2.864
20060316,-2.877
20060317,-2.872
20060318,-2.89
20060319,-2.916
20060320,-2.907
20060321,-2.927
20060322,-2.914
20060323,-2.928
20060324,-2.924
20060325,-2.938
20060326,-2.882
20060327,-2.816
20060328,-2.829
20060329,-2.862
20060330,-2.764
20060331,-2.78
20060401,-2.78
20060402,-2.804
20060403,-2.769
20060404,-2.764
20060405,-2.78
20060406,-2.793
20060407,-2.804
20060408,-2.795
20060409,-2.794
20060410,-2.814
20060411,-2.815
20060412,-2.823
20060413,-2.823
20060414,-2.838
20060415,-2.841
20060416,-2.854
20060417,-2.878
20060418,-2.865
20060419,-2.874
20060420,-2.875
20060421,-2.89
20060422,-2.89
20060423,-2.925
20060424,-2.925
20060425,-2.927
20060426,-2.945
20060427,-2.961
20060428,-2.951
20060429,-2.964
20060430,-2.983
20060501,-2.964
20060502,-2.977
20060503,-2.989
20060504,-2.99
20060505,-3.009
20060506,-3.021
20060507,-3.031
20060508,-3.034
20060509,-3.029
20060510,-3.038
20060511,-3.056
20060512,-3.053
20060513,-3.058
20060514,-3.082
20060515,-3.053
20060516,-3.084
20060517,-3.066
20060518,-3.074
20060519,-3.012
20060520,-2.984
20060521,-3.012
20060522,-3.032
20060523,-3.062
20060524,-3.041
20060525,-3.003
20060526,-3.006
20060527,-2.998
20060528,-3.033
20060529,-3.049
20060530,-3.051
20060531,-3.069
20060601,-3.077
20060602,-3.086
20060603,-3.081
20060604,-3.099
20060605,-3.108
20060606,-3.108
20060607,-3.106
20060608,-3.118
20060609,-3.13
20060610,-3.145
20060611,-3.159
20060612,-3.169
20060613,-3.175
20060614,-3.161
20060615,-3.134
20060616,-3.107
20060617,-3.119
20060618,-3.121
20060619,-3.178
20060620,-3.165
20060621,-3.146
20060622,-3.118
20060623,-3.16
20060624,-3.177
20060625,-3.189
20060626,-3.074
20060627,-3.066
20060628,-3.077
20060629,-3.111
20060630,-3.132
20060701,-3.161
20060702,-3.174
20060703,-3.19
20060704,-3.241
20060705,-3.246
20060706,-3.228
20060707,-3.248
20060708,-3.25
20060709,-3.249
20060710,-3.269
20060711,-3.19
20060712,-3.183
20060713,-3.226
20060714,-3.255
20060715,-3.262
20060716,-3.268
20060717,-3.287
20060718,-3.29
20060719,-3.285
20060720,-3.291
20060721,-3.307
20060722,-3.302
20060723,-3.25
20060724,-3.255
20060725,-3.267
20060726,-3.293
20060728,-3.277
20060729,-3.283
20060730,-3.306
20060731,-3.26
20060801,-3.25
20060802,-3.168
20060803,-3.147
20060804,-3.128
20060805,-3.152
20060806,-3.185
20060807,-3.18
20060808,-3.176
20060809,-3.169
20060810,-3.152
20060811,-3.133
20060812,-3.13
20060813,-3.158
20060814,-3.124
20060815,-3.084
20060816,-3.089
20060817,-3.112
20060818,-3.117
20060819,-3.125
20060820,-3.107
20060821,-2.993
20060822,-2.982
20060823,-2.986
20060824,-3.016
20060825,-3.003
20060826,-3.028
20060827,-3.05
20060828,-2.998
20060829,-2.922
20060830,-2.903
20060831,-2.894
20060901,-2.897
20060902,-2.923
20060903,-2.927
20060904,-2.927
20060905,-2.934
20060906,-2.95
20060907,-2.974
20060908,-3.01
20060909,-3.013
20060910,-3.034
20060911,-3.059
20060912,-3.069
20060913,-3.079
20060914,-3.101
20060915,-3.124
20060916,-3.132
20060917,-3.128
20060918,-3.105
20060919,-3.112
20060920,-3.115
20060921,-3.141
20060922,-3.165
20060923,-3.185
20060924,-3.159
20060925,-3.153
20060926,-3.153
20060927,-3.105
20060928,-3.122
20060929,-3.113
20060930,-3.146
20061001,-3.136
20061002,-3.114
20061003,-3.076
20061004,-3.093
20061005,-3.07
20061006,-3.003
20061007,-3.022
20061008,-3.015
20061009,-3.012
20061010,-3.026
20061011,-3.013
20061012,-3.051
20061013,-3.033
20061014,-3.046
20061015,-3.041
20061016,-3.046
20061017,-3.059
20061018,-3.05
20061019,-3.053
20061020,-3.058
20061021,-3.069
20061022,-3.062
20061023,-3.064
20061024,-2.873
20061025,-2.862
20061026,-2.886
20061027,-2.921
20061028,-2.907
20061029,-2.928
20061030,-2.936
20061031,-2.931
20061101,-2.966
20061102,-2.95
20061103,-2.911
20061104,-2.892
20061105,-2.913
20061106,-2.924
20061107,-2.911
20061108,-2.917
20061109,-2.946
20061110,-2.937
20061111,-2.928
20061112,-2.916
20061113,-2.902
20061114,-2.899
20061115,-2.862
20061116,-2.854
20061117,-2.809
20061118,-2.851
20061119,-2.828
20061120,-2.844
20061121,-2.803
20061122,-2.797
20061123,-2.729
20061124,-2.707
20061125,-2.731
20061126,-2.781
20061127,-2.789
20061128,-2.795
20061129,-2.83
20061130,-2.826
20061201,-2.825
20061202,-2.814
20061203,-2.77
20061204,-2.782
20061205,-2.729
20061206,-2.771
20061207,-2.694
20061208,-2.604
20061209,-2.633
20061210,-2.653
20061211,-2.68
20061212,-2.695
20061213,-2.704
20061214,-2.719
20061215,-2.736
20061216,-2.777
20061217,-2.778
20061218,-2.777
20061219,-2.783
20061220,-2.79
20061221,-2.803
20061222,-2.814
20061223,-2.822
20061224,-2.836
20061225,-2.856
20061226,-2.837
20061227,-2.859
20061228,-2.847
20061229,-2.845
20061230,-2.876
20061231,-2.831
20070101,-2.815
20070102,-2.8
20070103,-2.742
20070104,-2.72
20070105,-2.738
20070106,-2.717
20070107,-2.625
20070108,-2.605
20070109,-2.563
20070110,-2.579
20070111,-2.523
20070112,-2.426
20070113,-2.492
20070114,-2.583
20070115,-2.625
20070116,-2.662
20070117,-2.642
20070118,-2.458
20070119,-2.257
20070120,-2.309
20070121,-2.412
20070122,-2.474
20070123,-2.502
20070124,-2.483
20070125,-2.567
20070126,-2.596
20070127,-2.642
20070128,-2.637
20070129,-2.666
20070130,-2.684
20070131,-2.685
20070201,-2.712
20070202,-2.719
20070203,-2.734
20070204,-2.742
20070205,-2.754
20070206,-2.753
20070207,-2.767
20070208,-2.761
20070209,-2.813
20070210,-2.791
20070211,-2.774
20070212,-2.632
20070213,-2.578
20070214,-2.539
20070215,-2.529
20070216,-2.565
20070217,-2.622
20070218,-2.692
20070219,-2.711
20070220,-2.725
20070221,-2.732
20070222,-2.731
20070223,-2.734
20070224,-2.736
20070225,-2.73
20070226,-2.587
20070227,-2.561
20070228,-2.488
20070301,-2.424
20070302,-2.39
20070303,-2.468
20070304,-2.48
20070305,-2.508
20070306,-2.495
20070307,-2.35
20070308,-2.407
20070309,-2.464
20070310,-2.535
20070311,-2.585
20070312,-2.613
20070313,-2.655
20070314,-2.678
20070315,-2.681
20070316,-2.71
20070317,-2.718
20070318,-2.669
20070319,-2.694
20070320,-2.693
20070321,-2.687
20070322,-2.708
20070323,-2.735
20070324,-2.745
20070325,-2.779
20070326,-2.77
20070327,-2.775
20070328,-2.788
20070329,-2.81
20070330,-2.809
20070331,-2.832
20070401,-2.856
20070402,-2.845
20070403,-2.854
20070404,-2.854
20070405,-2.868
20070406,-2.874
20070407,-2.878
20070408,-2.887
20070409,-2.888
20070410,-2.918
20070411,-2.906
20070412,-2.92
20070413,-2.915
20070414,-2.927
20070415,-2.937
20070416,-2.948
20070417,-2.951
20070418,-2.947
20070419,-2.934
20070420,-2.964
20070421,-2.958
20070422,-2.97
20070423,-2.976
20070424,-2.971
20070425,-2.976
20070426,-3.0
20070427,-3.004
20070428,-3.006
20070429,-3.022
20070430,-3.02
20070501,-3.031
20070502,-3.033
20070503,-3.029
20070504,-3.033
20070505,-3.035
20070506,-3.029
20070507,-3.001
20070508,-2.99
20070509,-3.009
20070510,-2.997
20070511,-2.994
20070512,-2.964
20070513,-2.952
20070514,-3.001
20070515,-2.979
20070516,-2.99
20070517,-2.978
20070518,-2.965
20070519,-3.0
20070520,-3.023
20070521,-3.034
20070522,-3.038
20070523,-3.032
20070524,-3.047
20070525,-3.059
20070526,-3.064
20070527,-3.044
20070528,-3.037
20070529,-3.019
20070530,-3.018
20070531,-3.039
20070601,-3.041
20070602,-3.059
20070603,-3.055
20070604,-3.069
20070605,-3.072
20070606,-3.062
20070607,-3.065
20070608,-3.09
20070609,-3.102
20070610,-3.09
20070611,-3.101
20070612,-3.104
20070613,-3.1
20070614,-3.098
20070615,-3.082
20070616,-3.051
20070617,-2.982
20070618,-2.891
20070619,-2.862
20070620,-2.9
20070621,-2.915
20070622,-2.922
20070623,-2.94
20070624,-2.901
20070625,-2.876
20070626,-2.813
20070627,-2.769
20070628,-2.8
20070629,-2.811
20070630,-2.803
20070701,-2.753
20070702,-2.612
20070703,-2.609
20070704,-2.555
20070705,-2.462
20070706,-2.539
20070707,-2.509
20070708,-2.576
20070709,-2.646
20070710,-2.704
20070711,-2.742
20070712,-2.757
20070713,-2.789
20070714,-2.838
20070715,-2.862
20070716,-2.826
20070717,-2.541
20070718,-2.591
20070719,-2.682
20070720,-2.744
20070721,-2.745
20070722,-2.752
20070723,-2.777
20070724,-2.714
20070725,-2.661
20070726,-2.694
20070727,-2.773
20070728,-2.818
20070729,-2.825
20070730,-2.856
20070731,-2.875
20070801,-2.891
20070802,-2.924
20070803,-2.95
20070804,-2.958
20070805,-2.972
20070806,-3.011
20070807,-3.004
20070808,-3.013
20070809,-3.02
20070810,-3.023
20070811,-3.034
20070812,-3.037
20070813,-3.047
20070814,-3.039
20070815,-3.023
20070816,-3.045
20070817,-3.009
20070818,-3.005
20070819,-3.028
20070820,-3.05
20070821,-3.049
20070822,-3.052
20070823,-3.059
20070824,-3.055
20070825,-3.07
20070826,-3.09
20070827,-3.089
20070828,-3.102
20070829,-3.106
20070830,-3.103
20070831,-3.097
20070901,-3.1
20070902,-3.105
20070903,-3.112
20070904,-3.124
20070905,-3.104
20070906,-3.088
20070907,-3.115
20070908,-3.116
20070909,-3.126
20070910,-3.096
20070911,-3.098
20070912,-3.089
20070913,-3.079
20070914,-3.07
20070915,-3.092
20070916,-3.1
20070917,-3.106
20070918,-3.096
20070919,-3.089
20070920,-3.086
20070921,-3.072
20070922,-3.099
20070923,-3.097
20070924,-3.102
20070925,-3.118
20070926,-3.058
20070927,-3.057
20070928,-3.044
20070929,-3.007
20070930,-2.849
20071001,-2.799
20071002,-2.828
20071003,-2.876
20071004,-2.88
20071005,-2.91
20071006,-2.925
20071007,-2.93
20071008,-2.951
20071009,-2.95
20071010,-2.979
20071011,-2.966
20071012,-2.992
20071013,-2.979
20071014,-2.97
20071015,-3.0
20071016,-3.001
20071017,-3.011
20071018,-2.951
20071019,-2.941
20071020,-2.932
20071021,-2.941
20071022,-2.947
20071023,-2.951
20071024,-2.96
20071025,-2.961
20071026,-2.969
20071027,-2.974
20071028,-2.958
20071029,-2.956
20071030,-2.961
20071031,-2.951
20071101,-2.955
20071102,-2.952
20071103,-2.946
20071104,-2.97
20071105,-2.953
20071106,-2.956
20071107,-2.924
20071108,-2.906
20071109,-2.928
20071110,-2.89
20071111,-2.852
20071112,-2.811
20071113,-2.766
20071114,-2.773
20071115,-2.791
20071116,-2.788
20071117,-2.798
20071118,-2.816
20071119,-2.848
20071120,-2.838
20071121,-2.849
20071122,-2.853
20071123,-2.892
20071124,-2.87
20071125,-2.891
20071126,-2.887
20071127,-2.884
20071128,-2.853
20071129,-2.837
20071130,-2.854
20071201,-2.835
20071202,-2.786
20071203,-2.65
20071204,-2.628
20071205,-2.614
20071206,-2.667
20071207,-2.54
20071208,-2.406
20071209,-2.365
20071210,-2.469
20071211,-2.551
20071212,-2.601
20071213,-2.63
20071214,-2.667
20071215,-2.688
20071216,-2.73
20071217,-2.734
20071218,-2.754
20071219,-2.762
20071220,-2.771
20071221,-2.784
20071222,-2.794
20071223,-2.829
20071224,-2.801
20071225,-2.79
20071226,-2.85
20071227,-2.815
20071228,-2.83
20071229,-2.832
20071230,-2.879
20071231,-2.845
20080101,-2.852
20080102,-2.853
20080103,-2.847
20080104,-2.849
20080105,-2.868
20080106,-2.877
20080107,-2.848
20080108,-2.846
20080109,-2.857
20080110,-2.823
20080111,-2.732
20080112,-2.751
20080113,-2.756
20080114,-2.738
20080115,-2.718
20080116,-2.704
20080117,-2.722
20080118,-2.669
20080119,-2.547
20080120,-2.359
20080121,-2.32
20080122,-2.139
20080123,-2.222
20080124,-2.309
20080125,-2.388
20080126,-2.467
20080127,-2.518
20080128,-2.551
20080129,-2.582
20080130,-2.608
20080131,-2.594
20080201,-2.605
20080202,-2.647
20080203,-2.671
20080204,-2.679
20080205,-2.69
20080206,-2.682
20080207,-2.699
20080208,-2.705
20080209,-2.716
20080210,-2.748
20080211,-2.743
20080212,-2.761
20080213,-2.775
20080214,-2.774
20080215,-2.789
20080216,-2.808
20080217,-2.806
20080218,-2.818
20080219,-2.81
20080220,-2.826
20080221,-2.823
20080222,-2.804
20080223,-2.824
20080224,-2.83
20080225,-2.81
20080226,-2.78
20080227,-2.773
20080228,-2.788
20080229,-2.792
20080301,-2.697
20080302,-2.735
20080303,-2.738
20080304,-2.771
20080305,-2.774
20080306,-2.776
20080307,-2.781
20080308,-2.78
20080309,-2.81
20080310,-2.741
20080311,-2.757
20080312,-2.696
20080313,-2.697
20080314,-2.72
20080315,-2.736
20080316,-2.785
20080317,-2.791
20080318,-2.787
20080319,-2.796
20080320,-2.794
20080321,-2.597
20080322,-2.619
20080323,-2.653
20080324,-2.666
20080325,-2.697
20080326,-2.692
20080327,-2.707
20080328,-2.71
20080329,-2.651
20080330,-2.692
20080331,-2.692
20080401,-2.694
20080402,-2.686
20080403,-2.707
20080404,-2.708
20080405,-2.727
20080406,-2.749
20080407,-2.758
20080408,-2.765
20080409,-2.775
20080410,-2.779
20080411,-2.801
20080412,-2.812
20080413,-2.82
20080414,-2.847
20080415,-2.808
20080416,-2.836
20080417,-2.848
20080418,-2.849
20080419,-2.861
20080420,-2.875
20080421,-2.878
20080422,-2.88
20080423,-2.882
20080424,-2.893
20080425,-2.893
20080426,-2.888
20080427,-2.899
20080428,-2.903
20080429,-2.899
20080430,-2.908
20080501,-2.914
20080502,-2.934
20080503,-2.927
20080504,-2.946
20080505,-2.952
20080506,-2.96
20080507,-2.961
20080508,-2.967
20080509,-2.977
20080510,-2.988
20080511,-3.013
20080512,-3.022
20080513,-3.033
20080514,-3.034
20080515,-3.046
20080516,-3.052
20080517,-3.044
20080518,-3.046
20080519,-3.06
20080520,-3.062
20080521,-3.069
20080522,-3.074
20080523,-3.089
20080524,-3.103
20080525,-3.11
20080526,-3.108
20080527,-3.109
20080528,-3.116
20080529,-3.126
20080530,-3.122
20080531,-3.12
20080601,-3.097
20080602,-3.131
20080603,-3.124
20080604,-3.098
20080605,-3.099
20080606,-3.138
20080607,-3.158
20080608,-3.16
20080609,-3.179
20080610,-3.184
20080611,-3.166
20080612,-3.158
20080613,-3.156
20080614,-3.172
20080615,-3.164
20080616,-3.162
20080617,-3.165
20080618,-3.174
20080619,-3.169
20080620,-3.178
20080621,-3.193
20080622,-3.193
20080623,-3.19
20080624,-3.205
20080625,-3.206
20080626,-3.213
20080627,-3.183
20080628,-3.18
20080629,-3.2
20080630,-3.221
20080701,-3.231
20080702,-3.239
20080703,-3.23
20080704,-3.207
20080705,-3.225
20080706,-3.227
20080707,-3.223
20080708,-3.142
20080709,-3.145
20080710,-3.113
20080711,-3.116
20080712,-3.105
20080713,-3.106
20080714,-3.111
20080715,-3.122
20080716,-3.121
20080717,-3.131
20080718,-3.086
20080719,-3.067
20080720,-3.01
20080721,-3.012
20080722,-3.012
20080723,-3.026
20080724,-3.049
20080725,-3.069
20080726,-3.082
20080727,-2.834
20080728,-2.863
20080729,-2.897
20080730,-2.885
20080731,-2.924
20080801,-2.932
20080802,-2.956
20080803,-2.959
20080804,-2.865
20080805,-2.863
20080806,-2.883
20080807,-2.872
20080808,-2.85
20080809,-2.881
20080810,-2.833
20080811,-2.837
20080812,-2.841
20080813,-2.862
20080814,-2.777
20080815,-2.791
20080816,-2.832
20080817,-2.882
20080818,-2.883
20080819,-2.878
20080820,-2.846
20080821,-2.793
20080822,-2.784
20080823,-2.798
20080824,-2.837
20080825,-2.861
20080826,-2.89
20080827,-2.885
20080828,-2.899
20080829,-2.926
20080830,-2.941
20080831,-2.971
20080901,-2.974
20080902,-2.973
20080903,-2.952
20080904,-2.963
20080905,-2.984
20080906,-2.983
20080907,-2.994
20080908,-2.988
20080909,-2.995
20080910,-3.013
20080911,-3.026
20080912,-3.049
20080913,-3.045
20080914,-3.075
20080915,-3.08
20080916,-3.088
20080917,-3.079
20080918,-3.095
20080919,-3.097
20080920,-3.102
20080921,-3.091
20080922,-3.092
20080923,-3.081
20080924,-3.083
20080925,-3.092
20080926,-3.102
20080927,-3.099
20080928,-3.091
20080929,-3.072
20080930,-3.056
20081001,-3.009
20081002,-2.989
20081003,-2.958
20081004,-2.932
20081005,-2.921
20081006,-2.718
20081007,-2.691
20081008,-2.757
20081009,-2.797
20081010,-2.827
20081011,-2.856
20081012,-2.863
20081013,-2.865
20081014,-2.885
20081015,-2.9
20081016,-2.869
20081017,-2.861
20081018,-2.852
20081019,-2.864
20081020,-2.878
20081021,-2.884
20081022,-2.893
20081023,-2.885
20081024,-2.906
20081025,-2.895
20081026,-2.887
20081027,-2.845
20081028,-2.827
20081029,-2.746
20081030,-2.776
20081031,-2.798
20081101,-2.826
20081102,-2.825
20081103,-2.838
20081104,-2.849
20081105,-2.852
20081106,-2.849
20081107,-2.85
20081108,-2.858
20081109,-2.854
20081110,-2.859
20081111,-2.569
20081112,-2.437
20081113,-2.434
20081114,-2.508
20081115,-2.556
20081116,-2.62
20081117,-2.677
20081118,-2.688
20081119,-2.708
20081120,-2.72
20081121,-2.729
20081122,-2.681
20081123,-2.592
20081124,-2.642
20081125,-2.694
20081126,-2.73
20081127,-2.739
20081128,-2.755
20081129,-2.787
20081130,-2.799
20081201,-2.809
20081202,-2.82
20081203,-2.787
20081204,-2.786
20081205,-2.779
20081206,-2.816
20081207,-2.834
20081208,-2.83
20081209,-2.831
20081210,-2.736
20081211,-2.741
20081212,-2.732
20081213,-2.736
20081214,-2.791
20081215,-2.817
20081216,-2.804
20081217,-2.81
20081218,-2.815
20081219,-2.823
20081220,-2.786
20081221,-2.81
20081222,-2.823
20081223,-2.824
20081224,-2.827
20081225,-2.841
20081226,-2.851
20081227,-2.868
20081228,-2.865
20081229,-2.867
20081230,-2.864
20081231,-2.875
20090101,-2.892
20090102,-2.902
20090103,-2.899
20090104,-2.888
20090105,-2.885
20090106,-2.88
20090107,-2.887
20090108,-2.89
20090109,-2.901
20090110,-2.902
20090111,-2.901
20090112,-2.887
20090113,-2.892
20090114,-2.892
20090115,-2.88
20090116,-2.883
20090117,-2.872
20090118,-2.848
20090119,-2.834
20090120,-2.765
20090121,-2.794
20090122,-2.782
20090123,-2.679
20090124,-2.587
20090125,-2.614
20090126,-2.693
20090127,-2.732
20090128,-2.747
20090129,-2.776
20090130,-2.789
20090131,-2.816
20090201,-2.824
20090202,-2.848
20090203,-2.856
20090204,-2.855
20090205,-2.857
20090206,-2.852
20090207,-2.859
20090208,-2.851
20090209,-2.867
20090210,-2.78
20090211,-2.726
20090212,-2.739
20090213,-2.741
20090214,-2.786
20090215,-2.771
20090216,-2.729
20090217,-2.621
20090218,-2.607
20090219,-2.644
20090220,-2.691
20090221,-2.703
20090222,-2.729
20090223,-2.763
20090224,-2.778
20090225,-2.779
20090226,-2.785
20090227,-2.789
20090228,-2.788
20090301,-2.8
20090302,-2.8
20090303,-2.775
20090304,-2.778
20090305,-2.809
20090306,-2.805
20090307,-2.8
20090308,-2.762
20090309,-2.759
20090310,-2.763
20090311,-2.782
20090312,-2.769
20090313,-2.79
20090314,-2.79
20090315,-2.809
20090316,-2.832
20090317,-2.84
20090318,-2.835
20090319,-2.853
20090320,-2.857
20090321,-2.861
20090322,-2.869
20090323,-2.857
20090324,-2.884
20090325,-2.788
20090326,-2.793
20090327,-2.754
20090328,-2.724
20090329,-2.619
20090330,-2.642
20090331,-2.692
20090401,-2.73
20090402,-2.761
20090403,-2.778
20090404,-2.799
20090405,-2.815
20090406,-2.834
20090407,-2.843
20090408,-2.834
20090409,-2.86
20090410,-2.856
20090411,-2.874
20090412,-2.9
20090413,-2.893
20090414,-2.894
20090415,-2.918
20090416,-2.92
20090417,-2.937
20090418,-2.945
20090419,-2.953
20090420,-2.961
20090421,-2.948
20090422,-2.952
20090423,-2.96
20090424,-2.965
20090425,-2.975
20090426,-2.973
20090427,-2.953
20090428,-2.968
20090429,-2.965
20090430,-2.978
20090501,-2.979
20090502,-2.987
20090503,-2.989
20090504,-2.995
20090505,-2.985
20090506,-2.949
20090507,-2.963
20090508,-2.972
20090509,-2.985
20090510,-3.003
20090511,-3.02
20090512,-3.019
20090513,-3.025
20090514,-3.033
20090515,-3.027
20090516,-2.992
20090517,-2.954
20090518,-2.943
20090519,-2.947
20090520,-2.966
20090521,-2.983
20090522,-2.983
20090523,-3.005
20090524,-3.03
20090525,-3.022
20090526,-2.981
20090527,-2.991
20090528,-2.997
20090529,-3.018
20090530,-3.03
20090531,-3.053
20090601,-3.066
20090602,-3.078
20090603,-3.069
20090604,-3.071
20090605,-3.081
20090606,-3.086
20090607,-3.096
20090608,-3.084
20090609,-3.064
20090610,-3.092
20090611,-3.035
20090612,-3.029
20090613,-3.048
20090614,-3.072
20090615,-3.085
20090616,-3.082
20090617,-3.089
20090618,-3.107
20090619,-3.108
20090620,-3.113
20090621,-3.1
20090622,-3.105
20090623,-3.122
20090624,-3.129
20090625,-3.135
20090626,-3.121
20090627,-3.141
20090628,-3.154
20090629,-3.165
20090630,-3.172
20090701,-3.182
20090702,-3.192
20090703,-3.201
20090704,-3.186
20090705,-3.201
20090706,-3.192
20090707,-3.154
20090708,-3.081
20090709,-3.08
20090710,-3.056
20090711,-2.972
20090712,-2.962
20090713,-2.963
20090714,-2.99
20090715,-3.018
20090716,-3.047
20090717,-3.053
20090718,-3.065
20090719,-3.064
20090720,-3.082
20090721,-3.084
20090722,-3.097
20090723,-3.096
20090724,-3.082
20090725,-3.074
20090726,-3.078
20090727,-3.091
20090728,-3.097
20090729,-3.123
20090730,-3.112
20090731,-3.112
20090801,-3.12
20090802,-3.135
20090803,-3.104
20090804,-3.121
20090805,-3.154
20090806,-3.173
20090807,-3.197
20090808,-3.169
20090809,-3.151
20090810,-3.155
20090811,-3.159
20090812,-3.15
20090813,-3.183
20090814,-3.187
20090815,-3.198
20090816,-3.206
20090817,-3.198
20090818,-3.21
20090819,-3.226
20090820,-3.243
20090821,-3.219
20090822,-3.216
20090823,-3.23
20090824,-3.256
20090825,-3.239
20090826,-3.147
20090827,-3.173
20090828,-3.171
20090829,-3.177
20090830,-3.153
20090831,-3.158
20090901,-3.206
20090902,-3.179
20090903,-3.161
20090904,-3.142
20090905,-3.118
20090906,-3.099
20090907,-3.105
20090908,-3.128
20090909,-3.151
20090910,-3.16
20090911,-3.178
20090912,-3.172
20090913,-3.175
20090914,-3.196
20090915,-3.202
20090916,-3.205
20090917,-3.207
20090918,-3.21
20090919,-3.225
20090920,-3.224
20090921,-3.206
20090922,-3.217
20090923,-3.238
20090924,-3.232
20090925,-3.215
20090926,-3.212
20090927,-3.222
20090928,-3.218
20090929,-3.224
20090930,-3.196
20091001,-3.204
20091002,-3.212
20091003,-3.202
20091004,-3.239
20091005,-3.225
20091006,-3.197
20091007,-3.197
20091008,-3.187
20091009,-3.198
20091010,-3.168
20091011,-3.146
20091012,-3.173
20091013,-3.187
20091014,-3.17
20091015,-3.174
20091016,-3.175
20091017,-3.169
20091018,-3.145
20091019,-3.14
20091020,-3.157
20091021,-3.166
20091022,-3.164
20091023,-3.137
20091024,-3.132
20091025,-3.113
20091026,-3.108
20091027,-3.097
20091028,-3.1
20091029,-3.102
20091030,-3.093
20091031,-3.08
20091101,-3.077
20091102,-3.037
20091103,-3.037
20091104,-3.045
20091105,-3.046
20091106,-3.03
20091107,-3.038
20091108,-3.035
20091109,-3.031
20091110,-3.031
20091111,-2.993
20091112,-2.979
20091113,-2.965
20091114,-2.948
20091115,-2.934
20091116,-2.912
20091117,-2.897
20091118,-2.875
20091119,-2.854
20091120,-2.882
20091121,-2.868
20091122,-2.87
20091123,-2.856
20091124,-2.8
20091125,-2.799
20091126,-2.796
20091127,-2.788
20091128,-2.702
20091129,-2.702
20091130,-2.737
20091201,-2.775
20091202,-2.786
20091203,-2.794
20091204,-2.819
20091205,-2.786
20091206,-2.748
20091207,-2.703
20091208,-2.721
20091209,-2.727
20091210,-2.7
20091211,-2.673
20091212,-2.705
20091213,-2.729
20091214,-2.767
20091215,-2.789
20091216,-2.789
20091217,-2.811
20091218,-2.834
20091219,-2.836
20091220,-2.823
20091221,-2.842
20091222,-2.839
20091223,-2.836
20091224,-2.831
20091225,-2.771
20091226,-2.518
20091227,-2.329
20091228,-2.311
20091229,-2.375
20091230,-2.493
20091231,-2.583
20100101,-2.659
20100102,-2.71
20100103,-2.753
20100104,-2.753
20100105,-2.769
20100106,-2.802
20100107,-2.831
20100108,-2.845
20100109,-2.848
20100110,-2.851
20100111,-2.858
20100112,-2.856
20100113,-2.832
20100114,-2.875
20100115,-2.89
20100116,-2.879
20100117,-2.901
20100118,-2.871
20100119,-2.811
20100120,-2.782
20100121,-2.788
20100122,-2.81
20100123,-2.828
20100124,-2.854
20100125,-2.869
20100126,-2.891
20100127,-2.866
20100128,-2.866
20100129,-2.876
20100130,-2.872
20100131,-2.869
20100201,-2.877
20100202,-2.808
20100203,-2.533
20100204,-2.563
20100205,-2.572
20100206,-2.625
20100207,-2.657
20100208,-2.692
20100209,-2.737
20100210,-2.781
20100211,-2.803
20100212,-2.818
20100213,-2.821
20100214,-2.829
20100215,-2.83
20100216,-2.841
20100217,-2.857
20100218,-2.879
20100219,-2.873
20100220,-2.887
20100221,-2.878
20100222,-2.836
20100223,-2.734
20100224,-2.728
20100225,-2.702
20100226,-2.682
20100227,-2.678
20100228,-2.693
20100301,-2.576
20100302,-2.581
20100303,-2.641
20100304,-2.696
20100305,-2.712
20100306,-2.721
20100307,-2.726
20100308,-2.751
20100309,-2.771
20100310,-2.781
20100311,-2.792
20100312,-2.802
20100313,-2.82
20100314,-2.814
20100315,-2.826
20100316,-2.839
20100317,-2.811
20100318,-2.823
20100319,-2.845
20100320,-2.791
20100321,-2.815
20100322,-2.805
20100323,-2.804
20100324,-2.803
20100325,-2.812
20100326,-2.83
20100327,-2.834
20100328,-2.834
20100329,-2.861
20100330,-2.845
20100331,-2.851
20100401,-2.863
20100402,-2.843
20100403,-2.854
20100404,-2.739
20100405,-2.723
20100406,-2.741
20100407,-2.762
20100408,-2.801
20100409,-2.805
20100410,-2.821
20100411,-2.836
20100412,-2.858
20100413,-2.862
20100414,-2.871
20100415,-2.872
20100416,-2.891
20100417,-2.882
20100418,-2.889
20100419,-2.916
20100420,-2.907
20100421,-2.908
20100422,-2.913
20100423,-2.921
20100424,-2.931
20100425,-2.932
20100426,-2.951
20100427,-2.944
20100428,-2.945
20100429,-2.953
20100430,-2.95
20100501,-2.953
20100502,-2.97
20100503,-2.853
20100504,-2.872
20100505,-2.871
20100506,-2.899
20100507,-2.9
20100508,-2.903
20100509,-2.899
20100510,-2.906
20100511,-2.922
20100512,-2.811
20100513,-2.717
20100514,-2.75
20100515,-2.788
20100516,-2.824
20100517,-2.85
20100518,-2.863
20100519,-2.887
20100520,-2.899
20100521,-2.913
20100522,-2.919
20100523,-2.932
20100524,-2.955
20100525,-2.958
20100526,-2.958
20100527,-2.967
20100528,-2.984
20100529,-2.977
20100530,-2.983
20100531,-2.984
20100601,-2.988
20100602,-3.014
20100603,-3.018
20100604,-3.031
20100605,-3.039
20100606,-3.047
20100607,-3.045
20100608,-3.034
20100609,-3.039
20100610,-3.033
20100611,-3.049
20100612,-3.053
20100613,-3.064
20100614,-3.081
20100615,-3.089
20100616,-3.095
20100617,-3.103
20100618,-3.089
20100619,-3.103
20100620,-3.114
20100621,-3.112
20100622,-3.11
20100623,-3.122
20100624,-3.137
20100625,-3.147
20100626,-3.155
20100627,-3.165
20100628,-3.178
20100629,-3.184
20100630,-3.163
20100701,-3.172
20100702,-3.199
20100703,-3.219
20100704,-3.158
20100705,-3.174
20100706,-3.186
20100707,-3.196
20100708,-3.224
20100709,-3.219
20100710,-3.242
20100711,-3.082
20100712,-3.082
20100713,-3.028
20100714,-3.058
20100715,-3.06
20100716,-3.082
20100717,-3.078
20100718,-3.05
20100719,-3.084
20100720,-3.113
20100721,-3.155
20100722,-3.163
20100723,-3.171
20100724,-3.19
20100725,-3.177
20100726,-3.176
20100727,-3.174
20100728,-3.17
20100729,-3.136
20100730,-3.131
20100731,-3.132
20100801,-3.124
20100802,-3.125
20100803,-3.107
20100804,-3.116
20100805,-3.095
20100806,-3.107
20100807,-3.132
20100808,-3.114
20100809,-3.115
20100810,-3.134
20100811,-3.091
20100812,-3.069
20100813,-3.069
20100814,-3.083
20100815,-3.115
20100816,-3.1
20100817,-3.08
20100818,-3.041
20100819,-3.054
20100820,-3.073
20100821,-3.092
20100822,-3.085
20100823,-3.053
20100824,-3.065
20100825,-3.063
20100826,-3.052
20100827,-2.927
20100828,-2.862
20100829,-2.787
20100830,-2.455
20100831,-2.362
20100901,-2.447
20100902,-2.524
20100903,-2.573
20100904,-2.651
20100905,-2.71
20100906,-2.75
20100907,-2.794
20100908,-2.81
20100909,-2.831
20100910,-2.846
20100911,-2.872
20100912,-2.918
20100913,-2.928
20100914,-2.89
20100915,-2.737
20100916,-2.689
20100917,-2.717
20100918,-2.757
20100919,-2.785
20100920,-2.79
20100921,-2.777
20100922,-2.805
20100923,-2.829
20100924,-2.746
20100925,-2.699
20100926,-2.715
20100927,-2.761
20100928,-2.753
20100929,-2.782
20100930,-2.806
20101001,-2.81
20101002,-2.826
20101003,-2.837
20101004,-2.871
20101005,-2.882
20101006,-2.874
20101007,-2.881
20101008,-2.883
20101009,-2.893
20101010,-2.935
20101011,-2.945
20101012,-2.942
20101013,-2.949
20101014,-2.959
20101015,-2.944
20101016,-2.94
20101017,-2.95
20101018,-2.937
20101019,-2.892
20101020,-2.818
20101021,-2.702
20101022,-2.63
20101023,-2.665
20101024,-2.755
20101025,-2.781
20101026,-2.771
20101027,-2.758
20101028,-2.763
20101029,-2.751
20101030,-2.796
20101031,-2.815
20101101,-2.835
20101102,-2.809
20101103,-2.822
20101104,-2.803
20101105,-2.756
20101106,-2.678
20101107,-2.674
20101108,-2.701
20101109,-2.752
20101110,-2.774
20101111,-2.747
20101112,-2.662
20101113,-2.693
20101114,-2.658
20101115,-2.607
20101116,-2.627
20101117,-2.655
20101118,-2.692
20101119,-2.724
20101120,-2.737
20101121,-2.768
20101122,-2.786
20101123,-2.778
20101124,-2.765
20101125,-2.772
20101126,-2.783
20101127,-2.784
20101128,-2.811
20101129,-2.831
20101130,-2.831
20101201,-2.83
20101202,-2.842
20101203,-2.853
20101204,-2.852
20101205,-2.867
20101206,-2.869
20101207,-2.867
20101208,-2.871
20101209,-2.878
20101210,-2.796
20101211,-2.692
20101212,-2.689
20101213,-2.692
20101214,-2.723
20101215,-2.729
20101216,-2.697
20101217,-2.672
20101218,-2.706
20101219,-2.744
20101220,-2.767
20101221,-2.791
20101222,-2.811
20101223,-2.84
20101224,-2.859
20101225,-2.865
20101226,-2.866
20101227,-2.874
20101228,-2.885
20101229,-2.889
20101230,-2.894
20101231,-2.894
20110101,-2.881
20110102,-2.871
20110103,-2.862
20110104,-2.843
20110105,-2.849
20110106,-2.849
20110107,-2.798
20110108,-2.756
20110109,-2.78
20110110,-2.771
20110111,-2.744
20110112,-2.759
20110113,-2.731
20110114,-2.67
20110115,-2.555
20110116,-2.56
20110117,-2.611
20110118,-2.645
20110119,-2.663
20110120,-2.695
20110121,-2.709
20110122,-2.731
20110123,-2.755
20110124,-2.78
20110125,-2.756
20110126,-2.788
20110127,-2.792
20110128,-2.794
20110129,-2.808
20110130,-2.814
20110131,-2.837
20110201,-2.831
20110202,-2.831
20110203,-2.844
20110204,-2.816
20110205,-2.808
20110206,-2.814
20110207,-2.825
20110208,-2.858
20110209,-2.852
20110210,-2.855
20110211,-2.868
20110212,-2.862
20110213,-2.83
20110214,-2.84
20110215,-2.809
20110216,-2.811
20110217,-2.814
20110218,-2.823
20110219,-2.833
20110220,-2.856
20110221,-2.867
20110222,-2.874
20110223,-2.874
20110224,-2.887
20110225,-2.882
20110226,-2.865
20110227,-2.876
20110228,-2.848
20110301,-2.84
20110302,-2.832
20110303,-2.842
20110304,-2.843
20110305,-2.861
20110306,-2.88
20110307,-2.883
20110308,-2.863
20110309,-2.871
20110310,-2.862
20110311,-2.885
20110312,-2.873
20110313,-2.897
20110314,-2.917
20110315,-2.902
20110316,-2.894
20110317,-2.913
20110318,-2.91
20110319,-2.918
20110320,-2.915
20110321,-2.935
20110322,-2.929
20110323,-2.917
20110324,-2.914
20110325,-2.915
20110326,-2.929
20110327,-2.931
20110328,-2.956
20110329,-2.933
20110330,-2.932
20110331,-2.918
20110401,-2.934
20110402,-2.922
20110403,-2.948
20110404,-2.968
20110405,-2.922
20110406,-2.941
20110407,-2.954
20110408,-2.946
20110409,-2.964
20110410,-2.964
20110411,-2.963
20110412,-2.96
20110413,-2.959
20110414,-2.961
20110415,-2.97
20110416,-2.975
20110417,-2.974
20110418,-2.977
20110419,-2.978
20110420,-2.99
20110421,-2.984
20110422,-2.989
20110423,-3.001
20110424,-3.006
20110425,-3.019
20110426,-3.022
20110427,-3.022
20110428,-3.015
20110429,-3.017
20110430,-3.029
20110501,-3.039
20110502,-3.035
20110503,-3.029
20110504,-3.037
20110505,-3.033
20110506,-3.043
20110507,-3.051
20110508,-3.067
20110509,-3.085
20110510,-3.053
20110511,-3.063
20110512,-3.066
20110513,-3.069
20110514,-3.075
20110515,-3.085
20110516,-3.064
20110517,-3.027
20110518,-3.018
20110519,-3.042
20110520,-3.054
20110521,-3.069
20110522,-3.071
20110523,-3.064
20110524,-3.097
20110525,-3.085
20110526,-3.104
20110527,-3.067
20110528,-3.039
20110529,-3.018
20110530,-3.034
20110531,-3.071
20110601,-3.064
20110602,-3.08
20110603,-3.088
20110604,-3.088
20110605,-3.079
20110606,-3.064
20110607,-3.006
20110608,-3.01
20110609,-3.045
20110610,-3.059
20110611,-3.076
20110612,-3.078
20110613,-3.084
20110614,-3.085
20110615,-3.093
20110616,-3.071
20110617,-3.023
20110618,-3.027
20110619,-3.023
20110620,-2.99
20110621,-3.001
20110622,-3.022
20110623,-3.008
20110624,-2.977
20110625,-2.961
20110626,-2.979
20110627,-3.002
20110628,-3.049
20110629,-3.049
20110630,-3.037
20110701,-3.036
20110702,-3.036
20110703,-3.043
20110704,-3.04
20110705,-3.049
20110706,-3.07
20110707,-3.069
20110708,-3.095
20110709,-3.092
20110710,-3.093
20110711,-3.103
20110712,-3.111
20110713,-3.036
20110714,-2.931
20110715,-2.92
20110716,-2.91
20110717,-2.884
20110718,-2.868
20110719,-2.876
20110720,-2.902
20110721,-2.92
20110722,-2.943
20110723,-2.948
20110724,-2.89
20110725,-2.795
20110726,-2.775
20110727,-2.795
20110728,-2.821
20110729,-2.847
20110730,-2.86
20110731,-2.886
20110801,-2.917
20110802,-2.949
20110803,-2.973
20110804,-2.942
20110805,-2.894
20110806,-2.879
20110807,-2.888
20110808,-2.879
20110809,-2.882
20110810,-2.865
20110811,-2.831
20110812,-2.788
20110813,-2.771
20110814,-2.781
20110815,-2.825
20110816,-2.846
20110817,-2.888
20110818,-2.887
20110819,-2.913
20110820,-2.925
20110821,-2.942
20110822,-2.973
20110823,-2.961
20110824,-2.951
20110825,-2.924
20110826,-2.941
20110827,-2.93
20110828,-2.925
20110829,-2.919
20110830,-2.887
20110831,-2.893
20110901,-2.903
20110902,-2.905
20110903,-2.928
20110904,-2.989
20110905,-3.001
20110906,-2.99
20110907,-2.977
20110908,-2.89
20110909,-2.778
20110910,-2.796
20110911,-2.861
20110912,-2.864
20110913,-2.904
20110914,-2.936
20110915,-2.942
20110916,-2.942
20110917,-2.959
20110918,-2.952
20110919,-2.958
20110920,-2.963
20110921,-2.963
20110922,-2.982
20110923,-2.991
20110924,-2.994
20110925,-3.017
20110926,-3.037
20110927,-3.023
20110928,-3.015
20110929,-3.033
20110930,-3.047
20111001,-3.056
20111002,-3.059
20111003,-3.075
20111004,-3.078
20111005,-3.061
20111006,-3.018
20111007,-2.96
20111008,-2.883
20111009,-2.831
20111010,-2.784
20111011,-2.766
20111012,-2.771
20111013,-2.799
20111014,-2.825
20111015,-2.85
20111016,-2.874
20111017,-2.885
20111018,-2.866
20111019,-2.861
20111020,-2.852
20111021,-2.818
20111022,-2.837
20111023,-2.872
20111024,-2.887
20111025,-2.91
20111026,-2.908
20111027,-2.901
20111028,-2.922
20111029,-2.901
20111030,-2.911
20111031,-2.916
20111101,-2.904
20111102,-2.91
20111103,-2.901
20111104,-2.928
20111105,-2.921
20111106,-2.946
20111107,-2.939
20111108,-2.933
20111109,-2.931
20111110,-2.925
20111111,-2.931
20111112,-2.945
20111113,-2.951
20111114,-2.946
20111115,-2.931
20111116,-2.94
20111117,-2.955
20111118,-2.951
20111119,-2.95
20111120,-2.954
20111121,-2.953
20111122,-2.947
20111123,-2.94
20111124,-2.942
20111125,-2.945
20111126,-2.934
20111127,-2.94
20111128,-2.95
20111129,-2.936
20111130,-2.962
20111201,-2.946
20111202,-2.784
20111203,-2.791
20111204,-2.756
20111205,-2.691
20111206,-2.651
20111207,-2.627
20111208,-2.563
20111209,-2.521
20111210,-2.539
20111211,-2.586
20111212,-2.663
20111213,-2.56
20111214,-2.526
20111215,-2.567
20111216,-2.579
20111217,-2.565
20111218,-2.542
20111219,-2.556
20111220,-2.53
20111221,-2.531
20111222,-2.582
20111223,-2.579
20111224,-2.496
20111225,-2.481
20111226,-2.558
20111227,-2.6
20111228,-2.603
20111229,-2.631
20111230,-2.643
20111231,-2.636
20120101,-2.633
20120102,-2.317
20120103,-2.253
20120104,-2.257
20120105,-2.226
20120106,-2.299
20120107,-2.335
20120108,-2.367
20120109,-2.403
20120110,-2.452
20120111,-2.498
20120112,-2.518
20120113,-2.587
20120114,-2.61
20120115,-2.636
20120116,-2.667
20120117,-2.677
20120118,-2.677
20120119,-2.693
20120120,-2.701
20120121,-2.656
20120122,-2.631
20120123,-2.668
20120124,-2.672
20120125,-2.67
20120126,-2.675
20120127,-2.674
20120128,-2.708
20120129,-2.705
20120130,-2.732
20120131,-2.755
20120201,-2.756
20120202,-2.73
20120203,-2.707
20120204,-2.688
20120205,-2.674
20120206,-2.657
20120207,-2.646
20120208,-2.626
20120209,-2.606
20120210,-2.593
20120211,-2.574
20120212,-2.552
20120213,-2.531
20120214,-2.572
20120215,-2.575
20120216,-2.567
20120217,-2.56
20120218,-2.55
20120219,-2.589
20120220,-2.574
20120221,-2.579
20120222,-2.57
20120223,-2.615
20120224,-2.662
20120225,-2.711
20120226,-2.752
20120227,-2.756
20120228,-2.766
20120229,-2.778
20120301,-2.786
20120302,-2.796
20120303,-2.792
20120304,-2.805
20120305,-2.823
20120306,-2.828
20120307,-2.78
20120308,-2.764
20120309,-2.75
20120310,-2.757
20120311,-2.789
20120312,-2.805
20120313,-2.808
20120314,-2.801
20120315,-2.803
20120316,-2.807
20120317,-2.811
20120318,-2.843
20120319,-2.847
20120320,-2.844
20120321,-2.85
20120322,-2.85
20120323,-2.855
20120324,-2.869
20120325,-2.876
20120326,-2.881
20120327,-2.876
20120328,-2.869
20120329,-2.874
20120330,-2.87
20120331,-2.891
20120401,-2.877
20120402,-2.884
20120403,-2.881
20120404,-2.915
20120405,-2.898
20120406,-2.883
20120407,-2.911
20120408,-2.901
20120409,-2.894
20120410,-2.888
20120411,-2.895
20120412,-2.904
20120413,-2.896
20120414,-2.904
20120415,-2.929
20120416,-2.919
20120417,-2.871
20120418,-2.892
20120419,-2.913
20120420,-2.917
20120421,-2.909
20120422,-2.918
20120423,-2.916
20120424,-2.895
20120425,-2.821
20120426,-2.85
20120427,-2.856
20120428,-2.826
20120429,-2.832
20120430,-2.861
20120501,-2.87
20120502,-2.854
20120503,-2.864
20120504,-2.865
20120505,-2.885
20120506,-2.903
20120507,-2.914
20120508,-2.879
20120509,-2.84
20120510,-2.825
20120511,-2.828
20120512,-2.846
20120513,-2.838
20120514,-2.85
20120515,-2.854
20120516,-2.868
20120517,-2.848
20120518,-2.865
20120519,-2.879
20120520,-2.902
20120521,-2.92
20120522,-2.937
20120523,-2.947
20120524,-2.945
20120525,-2.961
20120526,-2.967
20120527,-2.989
20120528,-3.01
20120529,-3.007
20120530,-2.999
20120531,-2.979
20120601,-2.965
20120602,-2.982
20120603,-3.004
20120604,-3.006
20120605,-3.006
20120606,-2.998
20120607,-2.965
20120608,-2.994
20120609,-3.0
20120610,-3.001
20120611,-3.011
20120612,-2.894
20120613,-2.914
20120614,-2.921
20120615,-2.92
20120616,-2.921
20120617,-2.95
20120618,-2.968
20120619,-2.94
20120620,-2.971
20120621,-2.965
20120622,-2.947
20120623,-2.916
20120624,-2.867
20120625,-2.789
20120626,-2.783
20120627,-2.789
20120628,-2.799
20120629,-2.863
20120630,-2.911
20120701,-2.948
20120702,-2.956
20120703,-2.983
20120704,-2.997
20120705,-3.019
20120706,-2.955
20120707,-2.959
20120708,-2.983
20120709,-2.94
20120710,-2.932
20120711,-2.777
20120712,-2.604
20120713,-2.563
20120714,-2.585
20120715,-2.62
20120716,-2.625
20120717,-2.556
20120718,-2.499
20120719,-2.466
20120720,-2.45
20120721,-2.525
20120722,-2.593
20120723,-2.654
20120724,-2.716
20120725,-2.783
20120726,-2.828
20120727,-2.836
20120728,-2.876
20120729,-2.914
20120730,-2.853
20120731,-2.787
20120801,-2.75
20120802,-2.75
20120803,-2.722
20120804,-2.754
20120805,-2.773
20120806,-2.676
20120807,-2.61
20120808,-2.598
20120809,-2.653
20120810,-2.711
20120811,-2.754
20120812,-2.791
20120813,-2.85
20120814,-2.89
20120815,-2.916
20120816,-2.95
20120817,-2.957
20120818,-2.979
20120819,-3.004
20120820,-3.043
20120821,-3.015
20120822,-3.022
20120823,-3.028
20120824,-3.026
20120825,-3.016
20120826,-2.949
20120827,-2.873
20120828,-2.88
20120829,-2.874
20120830,-2.906
20120831,-2.861
20120901,-2.732
20120902,-2.74
20120903,-2.768
20120904,-2.803
20120905,-2.855
20120906,-2.882
20120907,-2.917
20120908,-2.919
20120909,-2.935
20120910,-2.976
20120911,-2.983
20120912,-2.982
20120913,-3.006
20120914,-2.992
20120915,-3.021
20120916,-3.023
20120917,-3.049
20120918,-3.045
20120919,-3.05
20120920,-3.047
20120921,-3.048
20120922,-3.02
20120923,-3.002
20120924,-3.002
20120925,-2.894
20120926,-2.861
20120927,-2.85
20120928,-2.846
20120929,-2.873
20120930,-2.885
20121001,-2.912
20121002,-2.912
20121003,-2.907
20121004,-2.762
20121005,-2.67
20121006,-2.623
20121007,-2.636
20121008,-2.673
20121009,-2.755
20121010,-2.804
20121011,-2.813
20121012,-2.846
20121013,-2.743
20121014,-2.723
20121015,-2.713
20121016,-2.717
20121017,-2.753
20121018,-2.79
20121019,-2.687
20121020,-2.709
20121021,-2.731
20121022,-2.782
20121023,-2.793
20121024,-2.818
20121025,-2.815
20121026,-2.818
20121027,-2.864
20121028,-2.862
20121029,-2.852
20121030,-2.7
20121031,-2.705
20121101,-2.753
20121102,-2.777
20121103,-2.758
20121104,-2.763
20121105,-2.666
20121106,-2.636
20121107,-2.621
20121108,-2.631
20121109,-2.674
20121110,-2.699
20121111,-2.758
20121112,-2.77
20121113,-2.767
20121114,-2.776
20121115,-2.794
20121116,-2.791
20121117,-2.793
20121118,-2.844
20121119,-2.815
20121120,-2.821
20121121,-2.822
20121122,-2.839
20121123,-2.847
20121124,-2.863
20121125,-2.79
20121126,-2.8
20121127,-2.823
20121128,-2.822
20121129,-2.859
20121130,-2.84
20121201,-2.844
20121202,-2.709
20121203,-2.658
20121204,-2.687
20121205,-2.646
20121206,-2.658
20121207,-2.693
20121208,-2.74
20121209,-2.707
20121210,-2.665
20121211,-2.612
20121212,-2.63
20121213,-2.618
20121214,-2.632
20121215,-2.573
20121216,-2.591
20121217,-2.594
20121218,-2.561
20121219,-2.604
20121220,-2.616
20121221,-2.657
20121222,-2.586
20121223,-2.422
20121224,-2.309
20121225,-2.369
20121226,-2.36
20121227,-2.363
20121228,-2.432
20121229,-2.487
20121230,-2.561
20121231,-2.58
20130101,-2.59
20130102,-2.599
20130103,-2.632
20130104,-2.643
20130105,-2.663
20130106,-2.684
20130107,-2.693
20130108,-2.702
20130109,-2.725
20130110,-2.648
20130111,-2.68
20130112,-2.7
20130113,-2.718
20130114,-2.721
20130115,-2.756
20130116,-2.774
20130117,-2.787
20130118,-2.782
20130119,-2.812
20130120,-2.817
20130121,-2.842
20130122,-2.856
20130123,-2.862
20130124,-2.876
20130125,-2.863
20130126,-2.866
20130127,-2.851
20130128,-2.831
20130129,-2.806
20130130,-2.644
20130131,-2.559
20130201,-2.553
20130202,-2.634
20130203,-2.617
20130204,-2.605
20130205,-2.568
20130206,-2.629
20130207,-2.655
20130208,-2.685
20130209,-2.705
20130210,-2.695
20130211,-2.735
20130212,-2.773
20130213,-2.753
20130214,-2.753
20130215,-2.794
20130216,-2.808
20130217,-2.808
20130218,-2.798
20130219,-2.807
20130220,-2.823
20130221,-2.807
20130222,-2.8430000000000004
20130223,-2.834208333333334
20130224,-2.856833333333334
20130225,-2.8582500000000004
20130226,-2.8619583333333334
20130227,-2.8539999999999996
20130228,-2.873041666666667
20130301,-2.8660416666666664
20130302,-2.877333333333333
20130303,-2.8788750000000003
20130304,-2.871
20130305,-2.8739166666666667
20130306,-2.8815833333333334
20130307,-2.8885833333333335
20130308,-2.897541666666667
20130309,-2.8836250000000003
20130310,-2.86825
20130311,-2.874875
20130312,-2.8653750000000002
20130313,-2.8890000000000007
20130314,-2.8854166666666674
20130315,-2.8824583333333336
20130316,-2.8691666666666666
20130317,-2.894375
20130318,-2.858916666666666
20130319,-2.8689166666666672
20130320,-2.867833333333334
20130321,-2.877666666666667
20130322,-2.879041666666667
20130323,-2.8972916666666664
20130324,-2.906
20130325,-2.901583333333333
20130326,-2.911208333333334
20130327,-2.9088333333333334
20130328,-2.9161249999999996
20130329,-2.9117499999999996
20130330,-2.9188333333333336
20130331,-2.920083333333332
20130401,-2.9370000000000007
20130402,-2.9284583333333334
20130403,-2.951375
20130404,-2.947666666666666
20130405,-2.9415416666666663
20130406,-2.9461666666666666
20130407,-2.930208333333333
20130408,-2.957583333333334
20130409,-2.9444999999999997
20130410,-2.9242500000000002
20130411,-2.919333333333334
20130412,-2.9329583333333336
20130413,-2.9029166666666666
20130414,-2.9107083333333326
20130415,-2.889125
20130416,-2.8942083333333337
20130417,-2.8761666666666668
20130418,-2.8797916666666663
20130419,-2.881166666666667
20130420,-2.9133333333333327
20130421,-2.8956249999999994
20130422,-2.901333333333333
20130423,-2.894416666666667
20130424,-2.9181666666666666
20130425,-2.9043333333333337
20130426,-2.9141666666666666
20130427,-2.9072083333333327
20130428,-2.9220833333333336
20130429,-2.900791666666667
20130430,-2.9275833333333328
20130501,-2.920083333333333
20130502,-2.9401666666666664
20130503,-2.923833333333333
20130504,-2.9310833333333335
20130505,-2.9265416666666666
20130506,-2.9358749999999993
20130507,-2.931708333333333
20130508,-2.9257916666666666
20130509,-2.9187499999999997
20130510,-2.9170416666666674
20130511,-2.9145833333333333
20130512,-2.9145833333333324
20130513,-2.905791666666667
20130514,-2.8717916666666667
20130515,-2.878
20130516,-2.8941250000000003
20130517,-2.8652083333333334
20130518,-2.8669166666666666
20130519,-2.8862500000000004
20130520,-2.874875
20130521,-2.7424166666666667
20130522,-2.7086666666666663
20130523,-2.7319166666666663
20130524,-2.7652083333333337
20130525,-2.785083333333333
20130526,-2.7931249999999985
20130527,-2.8071250000000005
20130528,-2.831666666666667
20130529,-2.842041666666667
20130530,-2.850041666666666
20130531,-2.8648749999999996
20130601,-2.873666666666667
20130602,-2.891833333333333
20130603,-2.9082916666666665
20130604,-2.922916666666666
20130605,-2.93775
20130606,-2.9510416666666672
20130607,-2.9630000000000005
20130608,-2.9695833333333326
20130609,-2.9716249999999995
20130610,-2.9767916666666667
20130611,-2.978125
20130612,-2.98275
20130613,-2.93775
20130614,-2.9480416666666667
20130615,-2.957041666666667
20130616,-2.96425
20130617,-2.984291666666667
20130618,-2.9947083333333335
20130619,-3.007875
20130620,-2.9953750000000006
20130621,-2.703708333333333
20130622,-2.5390416666666664
20130623,-2.5389583333333334
20130624,-2.5708749999999996
20130625,-2.6326666666666667
20130626,-2.6912083333333334
20130627,-2.731208333333333
20130628,-2.740541666666667
20130629,-2.756708333333334
20130630,-2.7798333333333325
20130701,-2.8032916666666665
20130702,-2.829458333333333
20130703,-2.8496666666666663
20130704,-2.8658749999999995
20130705,-2.889333333333333
20130706,-2.917791666666666
20130707,-2.945041666666666
20130708,-2.9634166666666673
20130709,-2.9780833333333323
20130710,-2.986125
20130711,-2.9960416666666667
20130712,-3.0057499999999995
20130713,-3.0183749999999994
20130714,-3.0308333333333333
20130715,-3.0442083333333336
20130716,-3.0555000000000003
20130717,-3.0716249999999996
20130718,-3.0859166666666673
20130719,-3.0979166666666664
20130720,-3.1060416666666657
20130721,-3.1195833333333334
20130722,-3.135791666666666
20130723,-3.1491249999999997
20130724,-3.155416666666667
20130725,-3.155625
20130726,-3.1502083333333335
20130727,-3.135291666666666
20130728,-3.124708333333334
20130729,-3.146958333333334
20130730,-3.151083333333333
20130731,-3.1003333333333334
20130801,-3.110666666666667
20130802,-3.153041666666667
20130803,-3.1675
20130804,-3.1763749999999997
20130805,-3.1902500000000003
20130806,-3.193041666666666
20130807,-3.173416666666666
20130808,-3.121916666666667
20130809,-3.1349583333333335
20130810,-3.1514583333333337
20130811,-3.164291666666667
20130812,-3.1759583333333326
20130813,-3.1788749999999997
20130814,-3.1792916666666673
20130815,-3.1757916666666666
20130816,-3.1842083333333338
20130817,-3.1902500000000003
20130818,-3.186833333333334
20130819,-3.158583333333333
20130820,-3.1329583333333333
20130821,-3.1566250000000005
20130822,-3.1772916666666666
20130823,-3.1946250000000003
20130824,-3.206708333333333
20130825,-3.2181666666666664
20130826,-3.2291666666666656
20130827,-3.235375000000001
20130828,-3.23625
20130829,-3.228208333333333
20130830,-3.224
20130831,-3.2339166666666657
20130901,-3.238875
20130902,-3.2300833333333334
20130903,-3.227499999999999
20130904,-3.234666666666667
20130905,-3.247125
20130906,-3.2631666666666668
20130907,-3.238
20130908,-3.1724999999999994
20130909,-3.1477083333333327
20130910,-3.1264999999999996
20130911,-3.1204583333333322
20130912,-3.1112916666666663
20130913,-3.1147499999999995
20130914,-3.079
20130915,-3.0549166666666667
20130916,-3.064666666666666
20130917,-3.042333333333334
20130918,-3.0327916666666663
20130919,-3.0172916666666665
20130920,-3.0082083333333327
20130921,-3.0047083333333338
20130922,-3.0087500000000005
20130923,-3.0106250000000006
20130924,-3.007916666666667
20130925,-3.0115416666666674
20130926,-3.0304166666666656
20130927,-3.049875
20130928,-3.0701249999999995
20130929,-3.0912500000000005
20130930,-3.1061250000000005
20131001,-3.1200000000000006
20131002,-3.1337499999999996
20131003,-3.146458333333334
20131004,-3.1488333333333336
20131005,-3.1363750000000006
20131006,-3.126666666666667
20131007,-3.128458333333334
20131008,-3.129958333333333
20131009,-3.120208333333333
20131010,-3.133875
20131011,-3.139416666666666
20131012,-3.1376666666666675
20131013,-3.1156666666666664
20131014,-3.1211249999999997
20131015,-3.1034166666666665
20131016,-3.1018333333333334
20131017,-3.1014166666666667
20131018,-3.109666666666667
20131019,-3.1135
20131020,-3.1047083333333316
20131021,-3.0927916666666664
20131022,-3.0990833333333327
20131023,-3.1021250000000005
20131024,-3.1070000000000007
20131025,-3.101458333333333
20131026,-3.0984583333333333
20131027,-3.0909583333333335
20131028,-3.060916666666667
20131029,-3.0508333333333337
20131030,-3.048333333333334
20131031,-3.027625
20131101,-3.0191249999999994
20131102,-3.0063333333333335
20131103,-3.010333333333333
20131104,-2.9709583333333325
20131105,-2.9264999999999994
20131106,-2.8962083333333335
20131107,-2.8573333333333335
20131108,-2.8469583333333337
20131109,-2.844958333333333
20131110,-2.747666666666666
20131111,-2.7157083333333336
20131112,-2.748625
20131113,-2.7792499999999998
20131114,-2.7881249999999995
20131115,-2.8217916666666665
20131116,-2.836749999999999
20131117,-2.8404166666666666
20131118,-2.8517083333333333
20131119,-2.8545833333333337
20131120,-2.8722083333333326
20131121,-2.880333333333334
20131122,-2.890083333333333
20131123,-2.907083333333333
20131124,-2.9078333333333326
20131125,-2.9203333333333332
20131126,-2.9104999999999994
20131127,-2.9274583333333335
20131128,-2.9131666666666667
20131129,-2.9131666666666667
20131130,-2.859458333333333
20131201,-2.8629166666666666
20131202,-2.87575
20131203,-2.8661666666666665
20131204,-2.8692499999999996
20131205,-2.8504166666666664
20131206,-2.810708333333333
20131207,-2.835541666666666
20131208,-2.817833333333333
20131209,-2.841416666666667
20131210,-2.8280833333333333
20131211,-2.831958333333333
20131212,-2.840708333333333
20131213,-2.828833333333334
20131214,-2.8488333333333333
20131215,-2.808874999999999
20131216,-2.830458333333334
20131217,-2.8218333333333327
20131218,-2.834
20131219,-2.7939166666666666
20131220,-2.8183333333333334
20131221,-2.770416666666667
20131222,-2.6915
20131223,-2.6734999999999993
20131224,-2.6170416666666667
20131225,-2.517583333333333
20131226,-2.5155833333333337
20131227,-2.523625
20131228,-2.54125
20131229,-2.606125
20131230,-2.634375
20131231,-2.6638333333333333
20140101,-2.6811666666666665
20140102,-2.694875
20140103,-2.7221249999999997
20140104,-2.720166666666666
20140105,-2.7525
20140106,-2.703416666666667
20140107,-2.5568749999999993
20140108,-2.5392500000000005
20140109,-2.514208333333333
20140110,-2.4710000000000005
20140111,-2.5144583333333332
20140112,-2.5632083333333333
20140113,-2.599666666666667
20140114,-2.6277500000000003
20140115,-2.652416666666666
20140116,-2.6330416666666667
20140117,-2.6239166666666667
20140118,-2.6474583333333332
20140119,-2.678875
20140120,-2.6976250000000004
20140121,-2.7038750000000005
20140122,-2.7101666666666677
20140123,-2.711791666666667
20140124,-2.7285000000000004
20140125,-2.7448333333333337
20140126,-2.6494166666666663
20140127,-2.4599999999999995
20140128,-2.4595833333333332
20140129,-2.5547083333333336
20140130,-2.6230833333333337
20140131,-2.663958333333333
20140201,-2.6761250000000003
20140202,-2.7083333333333335
20140203,-2.7271250000000005
20140204,-2.7466666666666666
20140205,-2.7455416666666665
20140206,-2.7522916666666664
20140207,-2.7042083333333333
20140208,-2.659125
20140209,-2.6587916666666667
20140210,-2.6988749999999997
20140211,-2.706375000000001
20140212,-2.7121666666666666
20140213,-2.735750000000001
20140214,-2.7464999999999997
20140215,-2.7145833333333336
20140216,-2.7570833333333336
20140217,-2.7668333333333326
20140218,-2.7746666666666666
20140219,-2.7930833333333336
20140220,-2.787541666666666
20140221,-2.7747916666666668
20140222,-2.7997083333333332
20140223,-2.797625
20140224,-2.820541666666667
20140225,-2.8184166666666663
20140226,-2.8311249999999997
20140227,-2.830333333333334
20140228,-2.8433333333333337
20140301,-2.848291666666667
20140302,-2.8594166666666663
20140303,-2.8536249999999996
20140304,-2.8676250000000003
20140305,-2.8886250000000007
20140306,-2.8819999999999997
20140307,-2.895666666666667
20140308,-2.894
20140309,-2.9103750000000006
20140310,-2.917874999999999
20140311,-2.9458749999999996
20140312,-2.9376666666666664
20140313,-2.9426249999999996
20140314,-2.9339166666666663
20140315,-2.9492499999999997
20140316,-2.9345833333333338
20140317,-2.95025
20140318,-2.938083333333333
20140319,-2.92625
20140320,-2.9277916666666663
20140321,-2.8646666666666665
20140322,-2.833541666666667
20140323,-2.8538750000000004
20140324,-2.876833333333334
20140325,-2.880500000000001
20140326,-2.887375
20140327,-2.9120000000000004
20140328,-2.9112916666666657
20140329,-2.9150000000000005
20140330,-2.9318750000000002
20140331,-2.926916666666667
20140401,-2.9276250000000004
20140402,-2.9462916666666668
20140403,-2.940916666666666
20140404,-2.9436250000000004
20140405,-2.9482916666666674
20140406,-2.9441249999999997
20140407,-2.9392083333333336
20140408,-2.8989999999999996
20140409,-2.9016250000000006
20140410,-2.9090416666666665
20140411,-2.917416666666666
20140412,-2.9199583333333337
20140413,-2.9254166666666666
20140414,-2.930791666666666
20140415,-2.9416666666666664
20140416,-2.945833333333334
20140417,-2.944833333333333
20140418,-2.953041666666667
20140419,-2.962958333333333
20140420,-2.9674583333333335
20140421,-2.9693333333333336
20140422,-2.9699166666666663
20140423,-2.9744166666666665
20140424,-2.970166666666666
20140425,-2.9650833333333337
20140426,-2.9692916666666673
20140427,-2.96425
20140428,-2.961958333333333
20140429,-2.958916666666667
20140430,-2.96025
20140501,-2.9572083333333334
20140502,-2.964541666666667
20140503,-2.9699166666666663
20140504,-2.96975
20140505,-2.972333333333333
20140506,-2.9737916666666657
20140507,-2.9745416666666658
20140508,-2.9685000000000006
20140509,-2.93625
20140510,-2.9136249999999997
20140511,-2.8775833333333334
20140512,-2.85575
20140513,-2.86125
20140514,-2.878666666666667
20140515,-2.8984166666666673
20140516,-2.91325
20140517,-2.9235
20140518,-2.9390416666666668
20140519,-2.9546666666666677
20140520,-2.9696666666666665
20140521,-2.9819583333333335
20140522,-2.986041666666667
20140523,-2.9847916666666663
20140524,-2.9809999999999994
20140525,-2.996416666666667
20140526,-2.987416666666667
20140527,-2.644458333333333
20140528,-2.5636249999999996
20140529,-2.471083333333333
20140530,-2.531125
20140531,-2.6145833333333335
20140601,-2.6826666666666674
20140602,-2.741291666666667
20140603,-2.78175
20140604,-2.804333333333334
20140605,-2.737625
20140606,-2.6537916666666663
20140607,-2.6984166666666667
20140608,-2.750458333333334
20140609,-2.794749999999999
20140610,-2.8267500000000005
20140611,-2.859666666666666
20140612,-2.8872500000000003
20140613,-2.9090833333333332
20140614,-2.9282083333333335
20140615,-2.9489583333333322
20140616,-2.9614583333333333
20140617,-2.978708333333332
20140618,-2.9877499999999997
20140619,-2.9902916666666663
20140620,-3.0027500000000003
20140621,-3.013
20140622,-3.0230416666666664
20140623,-3.036583333333333
20140624,-3.046791666666667
20140625,-3.0508333333333333
20140626,-3.0575833333333335
20140627,-3.0585416666666667
20140628,-3.0405833333333336
20140629,-3.045458333333334
20140630,-3.0506250000000006
20140701,-3.0612083333333335
20140702,-3.065208333333334
20140703,-3.0760416666666663
20140704,-3.0935000000000006
20140705,-3.1005833333333324
20140706,-3.103249999999999
20140707,-3.102166666666667
20140708,-3.1095833333333336
20140709,-3.0963749999999997
20140710,-3.111125
20140711,-3.136416666666667
20140712,-3.1520833333333336
20140713,-3.1518750000000004
20140714,-3.148875
20140715,-3.1452500000000003
20140716,-3.1595
20140717,-3.1807916666666665
20140718,-3.2022499999999994
20140719,-3.2216666666666662
20140720,-3.240083333333334
20140721,-3.2113333333333336
20140722,-3.215416666666666
20140723,-3.248791666666667
20140724,-3.2609166666666667
20140725,-3.235666666666667
20140726,-3.2194583333333338
20140727,-3.2403750000000002
20140728,-3.2375000000000007
20140729,-3.2475000000000005
20140730,-3.2580000000000005
20140731,-3.2598750000000005
20140801,-3.2676250000000002
20140802,-3.2736250000000005
20140803,-3.277916666666668
20140804,-3.2850416666666664
20140805,-3.2868333333333326
20140806,-3.2857499999999997
20140807,-3.283714285714286
20140808,-3.2950454545454537
20140809,-3.2699166666666666
20140810,-3.2596249999999998
20140811,-3.213624999999999
20140812,-3.1001666666666665
20140813,-3.058458333333334
20140814,-3.0552083333333333
20140815,-3.0723333333333342
20140816,-3.094416666666666
20140817,-3.0936249999999994
20140818,-3.061291666666666
20140819,-3.046041666666666
20140820,-3.034249999999999
20140821,-3.0317083333333326
20140822,-3.018333333333334
20140823,-3.006833333333334
20140824,-3.0059166666666672
20140825,-3.0068333333333332
20140826,-3.0258333333333334
20140827,-3.047875
20140828,-3.066875
20140829,-3.0739583333333336
20140830,-3.081916666666667
20140831,-3.000625
20140901,-2.8982500000000004
20140902,-2.873375
20140903,-2.885708333333333
20140904,-2.9189166666666666
20140905,-2.945
20140906,-2.948333333333334
20140907,-2.957708333333334
20140908,-2.979875
20140909,-2.994375
20140910,-3.0073749999999997
20140911,-3.0223750000000003
20140912,-3.041166666666666
20140913,-3.0552499999999996
20140914,-3.060875
20140915,-3.0641666666666665
20140916,-3.079333333333334
20140917,-3.0871818181818185
20150128,-2.5629999999999997
20150129,-2.492
20150130,-2.4865000000000004
20150131,-2.5106249999999997
20150201,-2.5654999999999997
20150202,-2.603625
20150203,-2.598375
20150204,-2.634375
20150205,-2.6516249999999997
20150206,-2.67125
20150207,-2.68775
20150208,-2.7144999999999997
20150209,-2.7098750000000003
20150210,-2.7132500000000004
20150211,-2.7300000000000004
20150212,-2.7296250000000004
20150213,-2.730125
20150214,-2.760375
20150215,-2.7832500000000002
20150216,-2.7827499999999996
20150217,-2.7935
20150218,-2.798375
20150219,-2.7802499999999997
20150220,-2.7764999999999995
20150221,-2.6595
20150222,-2.6543750000000004
20150223,-2.5896250000000003
20150224,-2.6155
20150225,-2.6203749999999997
20150226,-2.532
20150227,-2.455625
20150228,-2.468875
20150301,-2.54025
20150302,-2.6147500000000004
20150303,-2.6288750000000003
20150304,-2.636875
20150305,-2.6489999999999996
20150306,-2.6595000000000004
20150307,-2.6755000000000004
20150308,-2.690875
20150309,-2.7150000000000003
20150310,-2.731875
20150311,-2.7445000000000004
20150312,-2.7535
20150313,-2.7683750000000003
20150314,-2.7977499999999993
20150315,-2.794875
20150316,-2.8127500000000003
20150317,-2.810625
20150318,-2.829125
20150319,-2.827125
20150320,-2.837875
20150321,-2.8366249999999997
20150322,-2.85125
20150323,-2.841125
20150324,-2.8413749999999998
20150325,-2.8295000000000003
20150326,-2.8616249999999996
20150327,-2.8991249999999997
20150328,-2.877625
20150329,-2.8325
20150330,-2.7874999999999996
20150331,-2.734125
20150401,-2.74125
20150402,-2.6997500000000003
20150403,-2.704875
20150404,-2.761125
20150405,-2.7894999999999994
20150406,-2.80875
20150407,-2.8145
20150408,-2.844125
20150409,-2.843375
20150410,-2.8525000000000005
20150411,-2.86925
20150412,-2.881625
20150413,-2.886125
20150414,-2.8810000000000002
20150415,-2.902125
20150416,-2.909375
20150417,-2.9218750000000004
20150418,-2.93275
20150419,-2.9370000000000007
20150420,-2.9403750000000004
20150421,-2.9415
20150422,-2.95075
20150423,-2.944
20150424,-2.948125
20150425,-2.943375
20150426,-2.961875
20150427,-2.96575
20150428,-2.967625
20150429,-2.958625
20150430,-2.965125
20150501,-2.9772499999999997
20150502,-2.9787500000000002
20150503,-2.9837499999999997
20150504,-2.978625
20150505,-2.9712500000000004
20150506,-2.9732499999999997
20150507,-2.980625
20150508,-2.98075
20150509,-2.9895
20150510,-2.9952499999999995
20150511,-2.992625
20150512,-3.0018749999999996
20150513,-3.008375
20150514,-3.0113749999999997
20150515,-3.021375
20150516,-3.0145
20150517,-3.01675
20150518,-3.01525
20150519,-3.0178749999999996
20150520,-3.02875
20150521,-3.0395
20150522,-3.0441249999999997
20150523,-3.05425
20150524,-3.061375
20150525,-3.0663750000000003
20150526,-3.0691249999999997
20150527,-3.065875
20150528,-3.071625
20150529,-3.0683749999999996
20150530,-3.0752499999999996
20150531,-3.074375
20150601,-3.075375
20150602,-3.073375
20150603,-3.0951249999999995
20150604,-3.1005000000000003
20150605,-3.112875
20150606,-3.135125
20150607,-3.14825
20150608,-3.15325
20150609,-3.15475
20150610,-3.1585
20150611,-3.15975
20150612,-3.169125
20150613,-3.176625
20150614,-3.1725000000000003
20150615,-3.186375
20150616,-3.184125
20150617,-3.1785
20150618,-3.181
20150619,-3.1814999999999998
20150620,-3.18425
20150621,-3.1739999999999995
20150622,-3.181625
20150623,-3.1802499999999996
20150624,-3.1837500000000003
20150625,-3.202
20150626,-3.2047499999999998
20150627,-3.2183750000000004
20150628,-3.2139999999999995
20150629,-3.2217500000000006
20150630,-3.233875
20150701,-3.24575
20150702,-3.2718750000000005
20150703,-3.2464999999999997
20150704,-3.258125
20150705,-3.218125
20150706,-3.159875
20150707,-3.166
20150708,-3.177
20150709,-3.19275
20150710,-3.203875
20150711,-3.23475
20150712,-3.2327500000000002
20150713,-3.2083750000000006
20150714,-3.1980000000000004
20150715,-3.182875
20150716,-3.17875
20150717,-3.2046250000000005
20150718,-3.241999999999999
20150719,-3.225875
20150720,-3.230875
20150721,-3.254125
20150722,-3.27375
20150723,-3.285
20150724,-3.2805
20150725,-3.2698571428571435
20150726,-3.255125
20150727,-3.1850000000000005
20150728,-3.058875
20150729,-3.026125
20150730,-3.0096249999999998
20150731,-3.011625
20150801,-3.038
20150802,-3.0656250000000003
20150803,-3.09525
20150804,-3.0955
20150805,-3.08
20150806,-3.1104999999999996
20150807,-3.127125
20150808,-3.14125
20150809,-3.143
20150810,-3.1491249999999997
20150811,-3.153
20150812,-3.1638750000000004
20150813,-3.1826250000000003
20150814,-3.2025
20150815,-3.20775
20150816,-3.1851249999999998
20150817,-3.0645000000000002
20150818,-2.9604999999999997
20150819,-2.96125
20150820,-2.992
20150821,-3.026
20150822,-3.0599999999999996
20150823,-3.092625
20150824,-3.098375
20150825,-3.085125
20150826,-3.0692500000000003
20150827,-2.9358750000000002
20150828,-2.8671250000000006
20150829,-2.8695
20150830,-2.9022500000000004
20150831,-2.8581250000000002
20150901,-2.7515
20150902,-2.7556249999999998
20150903,-2.7751250000000005
20150904,-2.71425
20150905,-2.6326249999999995
20150906,-2.6325
20150907,-2.662
20150908,-2.6875
20150909,-2.7406249999999996
20150910,-2.793125
20150911,-2.830125
20150912,-2.852125
20150913,-2.867875
20150914,-2.879125
20150915,-2.88475
20150916,-2.862875
20150917,-2.841625
20150918,-2.828375
20150919,-2.854625
20150920,-2.864125
20150921,-2.8595
20150922,-2.86325
20150923,-2.889125
20150924,-2.8815
20150925,-2.872
20150926,-2.8930000000000002
20150927,-2.9076249999999995
20150928,-2.9093750000000003
20150929,-2.921625
20150930,-2.9425000000000003
20151001,-2.9533750000000003
20151002,-2.952375
20151003,-2.95625
20151004,-2.9625
20151005,-2.965125
20151006,-2.964125
20151007,-2.958875
20151008,-2.97925
20151009,-2.9875
20151010,-3.007875
20151011,-3.03
20151012,-3.043875
20151013,-3.0665
20151014,-3.055
20151015,-3.04225
20151016,-3.035125
20151017,-3.0003750000000005
20151018,-2.9845
20151019,-2.98675
20151020,-2.9831250000000002
20151021,-2.974125
20151022,-2.9837499999999997
20151023,-2.9961249999999997
20151024,-3.0252499999999998
20151025,-3.0357499999999997
20151026,-3.0376250000000002
20151027,-3.028875
20151028,-3.0138749999999996
20151029,-3.0175
20151030,-3.04075
20151031,-3.0358750000000003
20151101,-3.0431250000000003
20151102,-3.0162499999999994
20151103,-3.012
20151104,-3.020375
20151105,-3.021375
20151106,-3.005375
20151107,-2.980625
20151108,-2.969
20151109,-2.9715000000000003
20151110,-2.954125
20151111,-2.9411250000000004
20151112,-2.9551250000000002
20151113,-2.94575
20151114,-2.9147499999999997
20151115,-2.782
20151116,-2.6805
20151117,-2.6933750000000005
20151118,-2.671375
20151119,-2.6411249999999997
20151120,-2.6348749999999996
20151121,-2.6449999999999996
20151122,-2.641375
20151123,-2.6568750000000003
20151124,-2.668875
20151125,-2.67675
20151126,-2.70975
20151127,-2.7101249999999997
20151128,-2.6635
20151129,-2.6199999999999997
20151130,-2.602
20151201,-2.541125
20151202,-2.559875
20151203,-2.5981250000000005
20151204,-2.6525000000000003
20151205,-2.675125
20151206,-2.7065
20151207,-2.7376250000000004
20151208,-2.745125
20151209,-2.770875
20151210,-2.755375
20151211,-2.76025
20151212,-2.7528750000000004
20151213,-2.60475
20151214,-2.631125
20151215,-2.6691249999999997
20151216,-2.698875
20151217,-2.6963749999999997
20151218,-2.714125
20151219,-2.73975
20151220,-2.746875
20151221,-2.76775
20151222,-2.7517499999999995
20151223,-2.7548749999999993
20151224,-2.7452500000000004
20151225,-2.75925
20151226,-2.7731249999999994
20151227,-2.7765
20151228,-2.791875
20151229,-2.7920000000000003
20151230,-2.8022500000000004
20151231,-2.8040000000000003
20160101,-2.82675
20160102,-2.8151250000000005
20160103,-2.8175
20160104,-2.8123750000000003
20160105,-2.8257499999999998
20160106,-2.84225
20160107,-2.7832500000000002
20160108,-2.6312499999999996
20160109,-2.6603749999999997
20160110,-2.70775
20160111,-2.725875
20160112,-2.761625
20160113,-2.680875
20160114,-2.602875
20160115,-2.582
20160116,-2.6
20160117,-2.618875
20160118,-2.631875
20160119,-2.6791250000000004
20160120,-2.7159999999999997
20160121,-2.734375
20160122,-2.7447500000000007
20160123,-2.7327500000000007
20160124,-2.7392499999999997
20160125,-2.711375
20160126,-2.72475
20160127,-2.6957500000000003
20160128,-2.7051250000000002
20160129,-2.6865
20160130,-2.61425
20160131,-2.5855
20160201,-2.619125
20160202,-2.642375
20160203,-2.679125
20160204,-2.7041249999999994
20160205,-2.722
20160206,-2.7212500000000004
20160207,-2.7493749999999997
20160208,-2.7345
20160209,-2.74275
20160210,-2.6826250000000003
20160211,-2.659625
20160212,-2.684125
20160213,-2.688875
20160214,-2.737375
20160215,-2.685
20160216,-2.69325
20160217,-2.688375
20160218,-2.739125
20160219,-2.748125
20160220,-2.7596249999999998
20160221,-2.723625
20160222,-2.682625
20160223,-2.703125
20160224,-2.7125
20160225,-2.7387499999999996
20160226,-2.751
20160227,-2.7897500000000006
20160228,-2.797875
20160229,-2.816375
20160301,-2.7742500000000003
20160302,-2.73225
20160303,-2.655125
20160304,-2.587625
20160305,-2.542875
20160306,-2.590375
20160307,-2.645625
20160308,-2.6665
20160309,-2.6916249999999997
20160310,-2.7416249999999995
20160311,-2.7562499999999996
20160312,-2.77275
20160313,-2.8012499999999996
20160314,-2.8095
20160315,-2.818625
20160316,-2.8272499999999994
20160317,-2.85175
20160318,-2.8511250000000006
20160319,-2.85775
20160320,-2.8725
20160321,-2.8571250000000004
20160322,-2.866625000000001
20160323,-2.8687500000000004
20160324,-2.8697500000000002
20160325,-2.856
20160326,-2.8331250000000003
20160327,-2.84
20160328,-2.8200000000000003
20160329,-2.8451249999999995
20160330,-2.81175
20160331,-2.8362499999999997
20160401,-2.829
20160402,-2.8367500000000003
20160403,-2.846625
20160404,-2.79875
20160405,-2.7340000000000004
20160406,-2.716375
20160407,-2.7192499999999997
20160408,-2.7078749999999996
20160409,-2.71425
20160410,-2.7463750000000005
20160411,-2.770375
20160412,-2.7858750000000003
20160413,-2.69425
20160414,-2.731875
20160415,-2.7385
20160416,-2.7432499999999997
20160417,-2.7643750000000002
20160418,-2.76925
20160419,-2.7917499999999995
20160420,-2.8028750000000002
20160421,-2.81375
20160422,-2.82525
20160423,-2.834
20160424,-2.8428750000000003
20160425,-2.7853749999999997
20160426,-2.6698749999999998
20160427,-2.6595
20160428,-2.6556249999999997
20160429,-2.65
20160430,-2.667125
20160501,-2.693625
20160502,-2.709375
20160503,-2.735875
20160504,-2.752875
20160505,-2.77
20160506,-2.7872500000000002
20160507,-2.811125
20160508,-2.83675
20160509,-2.85775
20160510,-2.87325
20160511,-2.88875
20160512,-2.906375
20160513,-2.9213750000000003
20160514,-2.9205000000000005
20160515,-2.9171250000000004
20160516,-2.916625
20160517,-2.920375
20160518,-2.926125
20160519,-2.9426249999999996
20160520,-2.9373750000000003
20160521,-2.9362499999999994
20160522,-2.95
20160523,-2.901
20160524,-2.866625
20160525,-2.883
20160526,-2.9
20160527,-2.922125
20160528,-2.9396250000000004
20160529,-2.9587499999999998
20160530,-2.969
20160531,-2.9747500000000002
20160601,-2.986375
20160602,-2.989375
20160603,-2.9688750000000006
20160604,-2.938875
20160605,-2.97475
20160606,-2.9895
20160607,-3.004
20160608,-3.0120000000000005
20160609,-3.017125
20160610,-3.028
20160611,-3.0356250000000005
20160612,-3.030875
20160613,-2.9223749999999997
20160614,-2.805375
20160615,-2.739
20160616,-2.6857499999999996
20160617,-2.675875
20160618,-2.6717500000000003
20160619,-2.7075
20160620,-2.69
20160621,-2.58975
20160622,-2.61325
20160623,-2.638
20160624,-2.6716249999999997
20160625,-2.7068749999999997
20160626,-2.735875
20160627,-2.7582500000000003
20160628,-2.75725
20160629,-2.626875
20160630,-2.61875
20160701,-2.51525
20160702,-2.4890000000000003
20160703,-2.538
20160704,-2.609125
20160705,-2.664875
20160706,-2.718625
20160707,-2.765125
20160708,-2.7886249999999997
20160709,-2.8095
20160710,-2.8341250000000002
20160711,-2.8625000000000003
20160712,-2.88925
20160713,-2.905625
20160714,-2.9202500000000002
20160715,-2.932125
20160716,-2.938375
20160717,-2.9472499999999995
20160718,-2.975
20160719,-2.9855
20160720,-3.027
20160721,-3.0355
20160722,-3.0432499999999996
20160723,-3.053
20160724,-3.0626249999999997
20160725,-3.068625
20160726,-3.075625
20160727,-3.0806250000000004
20160728,-3.0622499999999997
20160729,-3.041125
20160730,-3.053125
20160731,-3.0426249999999997
20160801,-3.02025
20160802,-3.011
20160803,-2.994875
20160804,-2.9968749999999997
20160805,-3.0125
20160806,-3.032375
20160807,-3.044
20160808,-3.0614999999999997
20160809,-3.079375
20160810,-3.070625
20160811,-3.042375
20160812,-2.971875
20160813,-2.9687500000000004
20160814,-2.98625
20160815,-3.013625
20160816,-3.03175
20160817,-3.0564999999999998
20160818,-3.0825
20160819,-3.09525
20160820,-3.0993749999999998
20160821,-3.0977499999999996
20160822,-3.076
20160823,-3.0742499999999997
20160824,-3.1068750000000005
20160825,-3.132625
20160826,-3.145375
20160827,-3.14925
20160828,-3.13375
20160829,-3.132625
20160830,-3.145
20160831,-3.155875
20160901,-3.16075
20160902,-3.1571249999999997
20160903,-3.160125
20160904,-3.12375
20160905,-3.124625
20160906,-3.136
20160907,-3.15775
20160908,-3.1756249999999997
20160909,-3.17625
20160910,-3.18275
20160911,-3.1896249999999995
20160912,-3.1949999999999994
20160913,-3.20925
20160914,-3.226
20160915,-3.23475
20160916,-3.218125
20160917,-3.209875
20160918,-3.2171250000000002
20160919,-3.221875
20160920,-3.21375
20160921,-3.2325
20160922,-3.2321249999999995
20160923,-3.2376249999999995
20160924,-3.236125
20160925,-3.2476249999999998
20160926,-3.2456249999999995
20160927,-3.2438749999999996
20160928,-3.2533749999999997
20160929,-3.2299999999999995
20160930,-3.2156250000000006
20161001,-3.2128750000000004
20161002,-3.178375
20161003,-3.179875
20161004,-3.199625
20161005,-3.2253749999999997
20161006,-3.23475
20161007,-3.248
20161008,-3.236375
20161009,-3.23
20161010,-3.2140000000000004
20161011,-3.2131250000000002
20161012,-3.2216249999999995
20161013,-3.2298750000000003
20161014,-3.236125
20161015,-3.2360000000000007
20161016,-3.230125
20161017,-3.242
20161018,-3.21175
20161019,-3.2051250000000002
20161020,-3.1842500000000005
20161021,-3.163875
20161022,-3.1636249999999997
20161023,-3.15675
20161024,-3.163
20161025,-3.15475
20161026,-3.1697500000000005
20161027,-3.14825
20161028,-3.16275
20161029,-3.15425
20161030,-3.159
20161031,-3.143875
20161101,-3.146875
20161102,-3.1369999999999996
20161103,-3.1385
20161104,-3.1195
20161105,-3.1294999999999997
20161106,-3.1134999999999997
20161107,-3.1322500000000004
20161108,-3.11075
20161109,-3.1049999999999995
20161110,-3.1122500000000004
20161111,-3.10975
20161112,-3.1030000000000006
20161113,-3.1045
20161114,-3.110875
20161115,-3.078875
20161116,-3.07
20161117,-3.067125
20161118,-3.0561249999999998
20161119,-3.056
20161120,-3.0473749999999997
20161121,-3.039375
20161122,-3.0451249999999996
20161123,-3.0457500000000004
20161124,-3.052625
20161125,-3.0519999999999996
20161126,-3.034875
20161127,-3.0575
20161128,-3.04175
20161129,-3.0466249999999997
20161130,-3.030875
20161201,-3.0357499999999997
20161202,-3.0275000000000003
20161203,-3.0334999999999996
20161204,-3.037625
20161205,-3.051125
20161206,-3.029125
20161207,-3.0205
20161208,-3.027875
20161209,-3.017375
20161210,-3.0303750000000003
20161211,-2.9524999999999997
20161212,-2.9547499999999998
20161213,-2.949125
20161214,-2.962625
20161215,-2.949375
20161216,-2.94875
20161217,-2.971875
20161218,-2.9683750000000004
20161219,-2.9684999999999997
20161220,-2.961875
20161221,-2.963375
20161222,-2.95525
20161223,-2.950375
20161224,-2.9702500000000005
20161225,-2.9511249999999998
20161226,-2.963875
20161227,-2.962875
20161228,-2.988875
20161229,-2.974625
20161230,-2.992125
20161231,-2.96675
20170101,-2.97225
20170102,-2.9896249999999998
20170103,-2.971375
20170104,-2.9635000000000007
20170105,-2.99425
20170106,-2.9783749999999998
20170107,-2.986375
20170108,-2.9668750000000004
20170109,-2.968625
20170110,-2.9105
20170111,-2.9061250000000003
20170112,-2.889
20170113,-2.7976249999999996
20170114,-2.776
20170115,-2.7800000000000002
20170116,-2.809375
20170117,-2.8435
20170118,-2.860625
20170119,-2.8795
20170120,-2.8951249999999997
20170121,-2.905625
20170122,-2.913
20170123,-2.918
20170124,-2.927
20170125,-2.9345000000000003
20170126,-2.937625
20170127,-2.9357499999999996
20170128,-2.94175
20170129,-2.94575
20170130,-2.911875
20170131,-2.900625
20170201,-2.90375
20170202,-2.907875
20170203,-2.91525
20170204,-2.9225
20170205,-2.89675
20170206,-2.894625
20170207,-2.903625
20170208,-2.922875
20170209,-2.930375
20170210,-2.9320000000000004
20170211,-2.9403750000000004
20170212,-2.951375
20170213,-2.958125
20170214,-2.959625
20170215,-2.957125
20170216,-2.95125
20170217,-2.953875
20170218,-2.9432500000000004
20170219,-2.9571249999999996
20170220,-2.9383749999999997
20170221,-2.9432500000000004
20170222,-2.8942500000000004
20170223,-2.80375
20170224,-2.7345000000000006
20170225,-2.7355
20170226,-2.7065
20170227,-2.6814999999999998
20170228,-2.6658750000000007
20170301,-2.692875
20170302,-2.638875
20170303,-2.6138749999999997
20170304,-2.6485
20170305,-2.603875
20170306,-2.62125
20170307,-2.675375
20170308,-2.7082499999999996
20170309,-2.719125
20170310,-2.734875
20170311,-2.76725
20170312,-2.788125
20170313,-2.804125
20170314,-2.8101249999999993
20170315,-2.84
20170316,-2.8351249999999997
20170317,-2.835
20170318,-2.7677499999999995
20170319,-2.7786249999999995
20170320,-2.7575000000000003
20170321,-2.7316249999999997
20170322,-2.7698750000000003
20170323,-2.801
20170324,-2.8268750000000002
20170325,-2.836875
20170326,-2.84725
20170327,-2.85725
20170328,-2.8595
20170329,-2.863375
20170330,-2.870375
20170331,-2.8799999999999994
20170401,-2.886625
20170402,-2.8985000000000003
20170403,-2.906
20170404,-2.9129999999999994
20170405,-2.9175
20170406,-2.9216250000000006
20170407,-2.92375
20170408,-2.929
20170409,-2.932875
20170410,-2.9371249999999995
20170411,-2.940625
20170412,-2.928875
20170413,-2.93025
20170414,-2.9352500000000004
20170415,-2.9322500000000002
20170416,-2.9405
20170417,-2.9480000000000004
20170418,-2.955375
20170419,-2.96425
20170420,-2.961375
20170421,-2.9604999999999997
20170422,-2.963625
20170423,-2.96175
20170424,-2.9527499999999995
20170425,-2.94025
20170426,-2.9558750000000003
20170427,-2.9564999999999997
20170428,-2.96025
20170429,-2.9655000000000005
20170430,-2.9650000000000003
20170501,-2.9748750000000004
20170502,-2.979375
20170503,-2.983875
20170504,-2.98725
20170505,-2.986125
20170506,-2.9884999999999997
20170507,-2.992625
20170508,-2.9965
20170509,-2.995875
20170510,-2.994625
20170511,-3.0015
20170512,-3.00025
20170513,-2.9876250000000004
20170514,-2.9939999999999998
20170515,-2.996625
20170516,-3.00425
20170517,-3.0125
20170518,-3.0144999999999995
20170519,-3.0084999999999997
20170520,-3.0181250000000004
20170521,-3.03225
20170522,-3.0458749999999997
20170523,-3.060875
20170524,-3.066875
20170525,-3.07425
20170526,-3.085125
20170527,-3.0995
20170528,-3.119875
20170529,-3.126375
20170530,-3.12375
20170531,-3.1342499999999998
20170601,-3.1433750000000003
20170602,-3.15575
20170603,-3.161625
20170604,-3.17025
20170605,-3.1758750000000004
20170606,-3.169625
20170607,-3.143625
20170608,-3.138125
20170609,-3.1165000000000003
20170610,-3.1085000000000003
20170611,-3.141125
20170612,-3.15225
20170613,-3.16275
20170614,-3.170125
20170615,-3.1788749999999997
20170616,-3.187
20170617,-3.1845000000000003
20170618,-3.1934999999999993
20170619,-3.2129999999999996
20170620,-3.2238749999999996
20170621,-3.2291250000000002
20170622,-3.2347500000000005
20170623,-3.2343749999999996
20170624,-3.2087499999999998
20170625,-3.19475
20170626,-3.1555
20170627,-3.178125
20170628,-3.0761249999999998
20170629,-2.9091250000000004
20170630,-2.855125
20170701,-2.811375
20170702,-2.8245
20170703,-2.8539999999999996
20170704,-2.887625
20170705,-2.920625
20170706,-2.9533750000000003
20170707,-2.982875
20170708,-2.9891249999999996
20170709,-3.0115
20170710,-3.0401249999999997
20170711,-3.05625
20170712,-3.0420000000000007
20170713,-3.06625
20170714,-3.0607499999999996
20170715,-3.048375
20170716,-3.043
20170717,-3.065
20170718,-3.091375
20170719,-3.108625
20170720,-3.103125
20170721,-3.1016250000000003
20170722,-3.1253749999999996
20170723,-3.1102499999999997
20170724,-3.0585
20170725,-3.035
20170726,-3.036
20170727,-3.050875
20170728,-3.069125
20170729,-3.0776250000000007
20170730,-3.0452500000000002
20170731,-3.050625
20170801,-3.066125
20170802,-3.0871250000000003
20170803,-3.093375
20170804,-3.1096250000000003
20170805,-3.116
20170806,-3.134375
20170807,-3.1505
20170808,-3.158125
20170809,-3.1565000000000003
20170810,-3.1627500000000004
20170811,-3.1588749999999997
20170812,-3.147875
20170813,-3.160125
20170814,-3.1837500000000003
20170815,-3.193375
20170816,-3.1975000000000002
20170817,-3.1845
20170818,-3.173375
20170819,-3.181875
20170820,-3.178625
20170821,-3.1905
20170822,-3.206875
20170823,-3.219
20170824,-3.2264999999999997
20170825,-3.233125
20170826,-3.2421249999999997
20170827,-3.244125
20170828,-3.2521250000000004
20170829,-3.26025
20170830,-3.1808749999999995
20170831,-3.116875
20170901,-3.12075
20170902,-3.1277499999999994
20170903,-3.135875
20170904,-3.1601250000000003
20170905,-3.1625000000000005
20170906,-3.146125
20170907,-3.1461249999999996
20170908,-3.055125
20170909,-2.859
20170910,-2.7893749999999997
20170911,-2.7906249999999995
20170912,-2.7595
20170913,-2.669375
20170914,-2.60925
20170915,-2.5867499999999994
20170916,-2.55325
20170917,-2.452375
20170918,-2.465375
20170919,-2.5017499999999995
20170920,-2.5570000000000004
20170921,-2.619875
20170922,-2.6646249999999996
20170923,-2.707125
20170924,-2.7439999999999998
20170925,-2.767
20170926,-2.785375
20170927,-2.80475
20170928,-2.8266250000000004
20170929,-2.859125
20170930,-2.8602499999999997
20171001,-2.8673749999999996
20171002,-2.8863749999999997
20171003,-2.923125
20171004,-2.9425
20171005,-2.9357499999999996
20171006,-2.931
20171007,-2.9046250000000002
20171008,-2.8657500000000002
20171009,-2.87925
20171010,-2.883625
20171011,-2.9002499999999998
20171012,-2.927375
20171013,-2.94175
20171014,-2.95125
20171015,-2.957625
20171016,-2.9750000000000005
20171017,-2.984375
20171018,-2.98325
20171019,-2.983875
20171020,-2.984875
20171021,-2.9145
20171022,-2.8922499999999998
20171023,-2.8545000000000003
20171024,-2.8601249999999996
20171025,-2.8511250000000006
20171026,-2.8763750000000003
20171027,-2.912
20171028,-2.9227499999999993
20171029,-2.9373749999999994
20171030,-3.0058749999999996
20171031,-2.9862499999999996
20171101,-2.9787500000000002
20171102,-3.000875
20171103,-2.99275
20171104,-2.9901250000000004
20171105,-3.013375
20171106,-2.999625
20171107,-2.985875
20171108,-3.000625
20171109,-2.9898749999999996
20171110,-2.9829999999999997
20171111,-2.973625
20171112,-2.949875
20171113,-2.8825000000000003
20171114,-2.8535
20171115,-2.8529999999999998
20171116,-2.8655
20171117,-2.891625
20171118,-2.8731249999999995
20171119,-2.8782500000000004
20171120,-2.8366249999999997
20171121,-2.751125
20171122,-2.6597500000000003
20171123,-2.671875
20171124,-2.71225
20171125,-2.74925
20171126,-2.7887500000000003
20171127,-2.7664999999999997
20171128,-2.730625
20171129,-2.7653749999999997
20171130,-2.801125
20171201,-2.8432500000000003
20171202,-2.856125
20171203,-2.8632500000000003
20171204,-2.87725
20171205,-2.87425
20171206,-2.8731250000000004
20171207,-2.8605
20171208,-2.810625
20171209,-2.753375
20171210,-2.73725
20171211,-2.7460000000000004
20171212,-2.663375
20171213,-2.606625
20171214,-2.545375
20171215,-2.5814999999999997
20171216,-2.6587500000000004
20171217,-2.707625
20171218,-2.723125
20171219,-2.745875
20171220,-2.7777499999999997
20171221,-2.791
20171222,-2.7992500000000002
20171223,-2.8145
20171224,-2.8152500000000003
20171225,-2.818625
20171226,-2.8393749999999995
20171227,-2.8462500000000004
20171228,-2.8045000000000004
20171229,-2.737375
20171230,-2.676625
20171231,-2.623875
20180101,-2.560875
20180102,-2.6078750000000004
20180103,-2.436375
20180104,-2.3938749999999995
20180105,-2.483875
20180106,-2.560875
20180107,-2.619625
20180108,-2.675125
20180109,-2.7138750000000003
20180110,-2.748
20180111,-2.7923750000000003
20180112,-2.8120000000000003
20180113,-2.82375
20180114,-2.8455
20180115,-2.814625
20180116,-2.7295
20180117,-2.741125
20180118,-2.64825
20180119,-2.611625
20180120,-2.606875
20180121,-2.653625
20180122,-2.700875
20180123,-2.74225
20180124,-2.697375
20180125,-2.6285
20180126,-2.67475
20180127,-2.7110000000000003
20180128,-2.753875
20180129,-2.74375
20180130,-2.732125
20180131,-2.7116250000000006
20180201,-2.712
20180202,-2.7433750000000003
20180203,-2.753375
20180204,-2.7835
20180205,-2.79525
20180206,-2.8056249999999996
20180207,-2.8207500000000003
20180208,-2.8337499999999998
20180209,-2.8476250000000003
20180210,-2.864
20180211,-2.846125
20180212,-2.8658750000000004
20180213,-2.8724999999999996
20180214,-2.880875
20180215,-2.8846249999999998
20180216,-2.8927500000000004
20180217,-2.90125
20180218,-2.903875
20180219,-2.91025
20180220,-2.9213750000000003
20180221,-2.9284999999999997
20180222,-2.934625
20180223,-2.9382499999999996
20180224,-2.9438750000000002
20180225,-2.92925
20180226,-2.90425
20180227,-2.8734999999999995
20180228,-2.8502499999999995
20180301,-2.8234999999999997
20180302,-2.8034999999999997
20180303,-2.787
20180304,-2.77025
20180305,-2.757375
20180306,-2.794875
20180307,-2.815875
20180308,-2.833
20180309,-2.8508750000000003
20180310,-2.8562499999999997
20180311,-2.8609999999999998
20180312,-2.8793749999999996
20180313,-2.9
20180314,-2.933125
20180315,-2.9576249999999997
20180316,-2.977625
20180317,-2.989625
20180318,-2.9903750000000002
20180319,-2.99525
20180320,-2.99975
20180321,-2.9976249999999998
20180322,-2.990125
20180323,-2.9903750000000002
20180324,-2.998875
20180325,-3.005
20180326,-3.011
20180327,-3.0048749999999993
20180328,-2.9863750000000002
20180329,-2.9442500000000003
20180330,-2.942
20180331,-2.940625
20180401,-2.9476250000000004
20180402,-2.9410000000000003
20180403,-2.9245
20180404,-2.84525
20180405,-2.680625
20180406,-2.6750000000000003
20180407,-2.7362499999999996
20180408,-2.7868749999999998
20180409,-2.8244999999999996
20180410,-2.848
20180411,-2.8732500000000005
20180412,-2.891375
20180413,-2.9046250000000002
20180414,-2.9210000000000003
20180415,-2.92425
20180416,-2.931625
20180417,-2.9415
20180418,-2.9528749999999997
20180419,-2.9627499999999998
20180420,-2.972
20180421,-2.983875
20180422,-2.9866250000000005
20180423,-2.9933750000000003
20180424,-2.99575
20180425,-2.9806250000000007
20180426,-2.99625
20180427,-3.0053750000000004
20180428,-3.0127499999999996
20180429,-3.017
20180430,-2.9342499999999996
20180501,-2.9391250000000007
20180502,-2.9581250000000003
20180503,-2.9741250000000004
20180504,-2.98825
20180505,-3.002
20180506,-3.013375
20180507,-3.027875
20180508,-3.0382499999999997
20180509,-3.0549999999999997
20180510,-3.0517499999999997
20180511,-3.0580000000000003
20180512,-3.0687499999999996
20180513,-3.06975
20180514,-3.04725
20180515,-3.0778749999999997
20180516,-3.090875
20180517,-3.089375
20180518,-3.0888750000000003
20180519,-3.087875
20180520,-3.0978749999999997
20180521,-3.117375
20180522,-3.1346249999999998
20180523,-3.147125
20180524,-3.1611249999999997
20180525,-3.169125
20180526,-3.1837500000000003
20180527,-3.2005000000000003
20180528,-3.21375
20180529,-3.2185
20180530,-3.189375
20180531,-3.15125
20180601,-3.0524999999999998
20180602,-3.036375
20180603,-3.047125
20180604,-3.054875
20180605,-3.07
20180606,-3.10225
20180607,-3.1368750000000003
20180608,-3.1487499999999997
20180609,-3.152875
20180610,-3.1645000000000003
20180611,-3.17625
20180612,-3.182125
20180613,-3.189125
20180614,-3.198
20180615,-3.2123749999999998
20180616,-3.2251250000000002
20180617,-3.2284999999999995
20180618,-3.216375
20180619,-3.2005000000000003
20180620,-3.1933749999999996
20180621,-3.198375
20180622,-3.19825
20180623,-3.20825
20180624,-3.2045
20180625,-3.2105
20180626,-3.2251250000000002
20180627,-3.231625
20180628,-3.244875
20180629,-3.2550000000000003
20180630,-3.2635
20180701,-3.2778750000000003
20180702,-3.291875
20180703,-3.293875
20180704,-3.2953750000000004
20180705,-3.282
20180706,-3.2975
20180707,-3.3053750000000006
20180708,-3.3078750000000006
20180709,-3.2939999999999996
20180710,-3.301
20180711,-3.3158750000000006
20180712,-3.320375
20180713,-3.3185000000000002
20180714,-3.327
20180715,-3.33525
20180716,-3.346375
20180717,-3.35125
20180718,-3.3534999999999995
20180719,-3.3634999999999997
20180720,-3.365
20180721,-3.36625
20180722,-3.3609999999999998
20180723,-3.35875
20180724,-3.3661250000000003
20180725,-3.3742500000000004
20180726,-3.376
20180727,-3.3865
20180728,-3.356375
20180729,-3.3502500000000004
20180730,-3.3687500000000004
20180731,-3.367125
20180801,-3.3703750000000006
20180802,-3.3805
20180803,-3.3853750000000002
20180804,-3.384625
20180805,-3.379
20180806,-3.3826250000000004
20180807,-3.387375
20180808,-3.3748750000000003
20180809,-3.268
20180810,-3.1092500000000003
20180811,-3.099875
20180812,-3.12975
20180813,-3.1475000000000004
20180814,-3.107875
20180815,-3.131875
20180816,-3.145875
20180817,-3.1585
20180818,-3.16675
20180819,-3.168875
20180820,-3.173625
20180821,-3.1881250000000003
20180822,-3.2070000000000003
20180823,-3.200125
20180824,-3.1781249999999996
20180825,-3.161
20180826,-3.166875
20180827,-3.159125
20180828,-3.164
20180829,-3.17575
20180830,-3.183
20180831,-3.1952499999999997
20180901,-3.207875
20180902,-3.2185
20180903,-3.223125
20180904,-3.2270000000000003
20180905,-3.235875
20180906,-3.2281250000000004
20180907,-3.219125
20180908,-3.2145
20180909,-3.2323749999999998
20180910,-3.2402499999999996
20180911,-3.23625
20180912,-3.227875
20180913,-3.2352499999999997
20180914,-3.2396249999999998
20180915,-3.2393750000000003
20180916,-3.2470000000000003
20180917,-3.256875
20180918,-3.261333333333333
